0.00000
0.00000
0.00000
0.00000
0.00000
0.00000
0.00000
0.00000
0.00000
0.00000
0.00000
0.00000
0.00000
0.00000
0.00000
0.00000
0.00000
3.20000
3.20000
3.20000
4.80000
4.80000
6.60000
7.25000
9.26700
9.21700
13.21700
15.03400
15.02000
15.02000
14.87000
15.63700
15.63700
15.78700
19.34300
23.03600
23.26100
23.32600
23.65000
23.63100
24.30100
24.34400
24.61300
24.79600
24.82100
25.21000
25.79000
25.73600
26.23200
26.81700
27.02800
27.71500
28.14400
28.29500
28.41200
29.20000
29.21800
29.56800
29.81700
29.84900
30.17300
30.43700
30.44100
30.37500
30.25800
30.39300
30.44300
30.60700
31.05700
31.32800
31.40100
31.49900
31.81900
31.83900
31.90200
32.25000
32.54400
32.64700
32.74700
32.79100
32.91500
33.30000
33.49000
33.55700
33.57700
33.86900
34.00300
34.29300
34.37800
34.26600
34.38000
34.27300
34.23600
34.60700
34.62700
34.94200
34.97800
34.84900
34.85900
34.96500
35.02300
35.03000
35.00400
34.99900
35.16100
35.38900
35.49400
35.65300
35.70600
35.72600
35.85200
35.93200
36.04100
36.00800
36.03400
35.99500
35.99400
36.09700
36.10600
36.06700
36.01800
36.10300
36.06600
36.10300
36.24600
36.23700
36.24700
36.25600
36.28600
36.24400
36.30900
36.43800
36.50200
36.52200
36.51000
36.55600
36.59800
36.66800
36.80500
36.91000
36.93300
37.02900
37.05300
37.08400
37.10800
37.12300
37.17400
37.20100
37.34000
37.30900
37.35300
37.42400
37.51200
37.54100
37.56600
37.55600
37.68000
37.66800
37.68600
37.73100
37.74700
37.82500
37.84300
37.94300
38.08900
38.15200
38.18000
38.13000
38.14400
38.18700
38.24700
38.28500
38.37400
38.39700
38.33200
38.31900
38.36700
38.42300
38.41700
38.48400
38.47000
38.48000
38.45700
38.50500
38.49600
38.49900
38.57000
38.51900
38.48600
38.44400
38.46200
38.49600
38.47100
38.49400
38.55300
38.52200
38.54400
38.56500
38.56300
38.63800
38.66100
38.66300
38.66300
38.61600
38.58900
38.58300
38.49900
38.50600
38.47300
38.51800
38.48200
38.49600
38.53900
38.54000
38.58100
38.53500
38.52100
38.56300
38.57300
38.57200
38.58200
38.58200
38.56000
38.53300
38.50700
38.54700
38.55700
38.52900
38.54600
38.51200
38.54300
38.57000
38.58100
38.57900
38.62200
38.63400
38.67600
38.66800
38.69600
38.71000
38.68000
38.68900
38.70200
38.68000
38.67600
38.67800
38.65900
38.65600
38.67700
38.65300
38.67500
38.67600
38.68000
38.65400
38.68700
38.66400
38.61200
38.56900
38.50700
38.52000
38.51900
38.50000
38.51100
38.53800
38.53900
38.54800
38.55100
38.55300
38.53400
38.48500
38.47600
38.47200
38.51000
38.48900
38.50100
38.50800
38.50800
38.49400
38.50700
38.50900
38.48500
38.48200
38.51100
38.52100
38.51000
38.49600
38.47500
38.49000
38.48300
38.47100
38.45000
38.42700
38.40800
38.35900
38.36100
38.36000
38.34000
38.35100
38.35000
38.35600
38.33700
38.34100
38.32200
38.30600
38.33800
38.33700
38.33100
38.34900
38.36400
38.37600
38.38000
38.36100
38.35800
38.34700
38.33100
38.32000
38.29100
38.29800
38.32500
38.31200
38.33600
38.31400
38.29400
38.25800
38.28800
38.32500
38.33800
38.30500
38.30000
38.30300
38.28000
38.25600
38.23900
38.20600
38.22300
38.23500
38.22500
38.22300
38.19900
38.21200
38.19700
38.22000
38.22000
38.23000
38.24800
38.23700
38.25200
38.24500
38.23400
38.23500
38.21900
38.19100
38.18500
38.19500
38.19900
38.19300
38.20000
38.19800
38.20300
38.19400
38.17500
38.17900
38.16300
38.16900
38.15500
38.20400
38.21700
38.20700
38.21400
38.23700
38.22300
38.22300
38.23000
38.22600
38.21200
38.20800
38.24100
38.23100
38.24200
38.24700
38.21000
38.20800
38.22500
38.27300
38.27700
38.26400
38.27000
38.27900
38.30200
38.29300
38.28600
38.33000
38.30300
38.30200
38.29400
38.29400
38.28300
38.28900
38.31000
38.31900
38.30400
38.30000
38.32400
38.31200
38.29900
38.28300
38.27300
38.27400
38.26700
38.27500
38.25600
38.26700
38.25600
38.25600
38.23600
38.24800
38.24700
38.24100
38.23000
38.22200
38.24900
38.24200
38.24300
38.22900
38.22900
38.22000
38.23600
38.23100
38.23300
38.24500
38.26400
38.27200
38.26500
38.28400
38.25500
38.26400
38.27100
38.28300
38.27300
38.26700
38.28200
38.28500
38.28400
38.27900
38.29700
38.29600
38.31200
38.30300
38.29600
38.29000
38.27400
38.25700
38.24500
38.24900
38.24000
38.24600
38.24800
38.25600
38.27900
38.28400
38.27100
38.24300
38.22300
38.24900
38.25100
38.24600
38.25900
38.26800
38.27800
38.28800
38.30000
38.28600
38.29100
38.28600
38.28700
38.30000
38.31000
38.31600
38.30500
38.32100
38.34600
38.33300
38.32300
38.33500
38.34700
38.32500
38.31800
38.32400
38.32100
38.31700
38.31400
38.30600
38.32100
38.32000
38.31900
38.32700
38.36300
38.33800
38.33600
38.32300
38.32200
38.32700
38.34100
38.34000
38.36600
38.38700
38.37300
38.38000
38.38000
38.38200
38.37500
38.40400
38.39900
38.39200
38.38200
38.38000
38.39200
38.40400
38.41700
38.42700
38.40700
38.37800
38.38700
38.38100
38.37600
38.36600
38.37500
38.35700
38.37500
38.37700
38.39200
38.40100
38.39500
38.38500
38.39600
38.41100
38.41200
38.42200
38.43700
38.42300
38.42600
38.41400
38.40600
38.42200
38.40500
38.38700
38.38300
38.38600
38.39000
38.38900
38.38600
38.39400
38.39400
38.39700
38.41100
38.41700
38.41500
38.40500
38.38300
38.37300
38.40500
38.40500
38.39200
38.38700
38.38000
38.37600
38.38300
38.37400
38.37700
38.35800
38.36800
38.36000
38.35000
38.36700
38.36800
38.36700
38.37200
38.36100
38.34500
38.33700
38.33200
38.33300
38.33400
38.32800
38.34400
38.33400
38.34700
38.34700
38.34200
38.34300
38.35300
38.35900
38.36100
38.34100
38.35100
38.36200
38.36400
38.35400
38.35400
38.35100
38.34700
38.35400
38.35000
38.33500
38.32400
38.32300
38.31400
38.31000
38.32000
38.32100
38.32500
38.32800
38.31400
38.31600
38.32500
38.31400
38.30900
38.31000
38.29500
38.31200
38.31500
38.31700
38.30800
38.30500
38.28600
38.28300
38.27200
38.26600
38.25100
38.25100
38.25700
38.28000
38.28100
38.30000
38.30900
38.30100
38.30500
38.29600
38.29400
38.28400
38.27900
38.28200
38.27200
38.29000
38.30200
38.30400
38.28900
38.29700
38.29200
38.30900
38.32000
38.33000
38.33200
38.32700
38.32400
38.31600
38.29800
38.29100
38.29500
38.30700
38.29500
38.31200
38.31100
38.32300
38.32900
38.34300
38.34800
38.35500
38.35700
38.33000
38.34200
38.35400
38.37500
38.37700
38.38600
38.37900
38.38600
38.37600
38.36100
38.33900
38.34300
38.36300
38.35900
38.37200
38.38400
38.38800
38.36800
38.37900
38.37300
38.37600
38.38400
38.38800
38.38200
38.38300
38.38200
38.37300
38.37900
38.36100
38.36000
38.35800
38.35900
38.35700
38.36200
38.35400
38.35300
38.35200
38.35000
38.35200
38.34100
38.34100
38.35300
38.35400
38.35800
38.36100
38.35800
38.35800
38.35200
38.35200
38.35400
38.34700
38.33500
38.33600
38.33800
38.34300
38.33300
38.32700
38.31200
38.30500
38.30800
38.30400
38.30700
38.31100
38.30300
38.30500
38.30200
38.30000
38.30300
38.30500
38.31000
38.31900
38.32200
38.32000
38.31200
38.31400
38.32800
38.31900
38.33100
38.33900
38.33000
38.34500
38.34500
38.33800
38.34500
38.35400
38.33700
38.34000
38.34600
38.34800
38.34200
38.34100
38.34200
38.32800
38.32400
38.32600
38.34200
38.35400
38.35300
38.34200
38.33900
38.33400
38.35000
38.35400
38.35200
38.35500
38.35500
38.35400
38.35600
38.35900
38.35200
38.34000
38.33800
38.33100
38.32700
38.33200
38.32200
38.32300
38.33400
38.33300
38.33500
38.34000
38.33500
38.33000
38.32900
38.32500
38.32700
38.32800
38.33100
38.34100
38.34700
38.35400
38.35700
38.34300
38.34800
38.33500
38.33800
38.35300
38.35200
38.34300
38.34400
38.34700
38.35600
38.34100
38.35000
38.35800
38.35400
38.35900
38.35800
38.34600
38.35200
38.35100
38.36000
38.36000
38.37300
38.37600
38.37000
38.35800
38.35700
38.36200
38.36500
38.36600
38.37000
38.36900
38.37500
38.38600
38.37400
38.37600
38.37600
38.37100
38.36800
38.35900
38.36700
38.37600
38.38600
38.38600
38.38900
38.39300
38.39000
38.37600
38.38800
38.39100
38.39200
38.38900
38.40100
38.40600
38.40500
38.40200
38.39000
38.39700
38.39600
38.39700
38.39600
38.41400
38.41800
38.42200
38.41700
38.41700
38.41700
38.41200
38.41000
38.41200
38.41100
38.39800
38.39300
38.39000
38.38700
38.38900
38.40100
38.39400
38.38300
38.37800
38.38200
38.39100
38.40100
38.40400
38.40500
38.41000
38.40500
38.40000
38.40000
38.40000
38.40200
38.40700
38.41100
38.41500
38.41300
38.41100
38.41200
38.41000
38.40100
38.40300
38.40000
38.39800
38.38600
38.39300
38.39600
38.40200
38.41200
38.42900
38.42600
38.42500
38.44300
38.44400
38.45400
38.44900
38.45700
38.46100
38.47100
38.46800
38.46900
38.46900
38.46600
38.47600
38.47700
38.49200
38.48300
38.48100
38.47800
38.47900
38.46600
38.46500
38.46600
38.47600
38.46500
38.45900
38.45900
38.47100
38.47400
38.46300
38.46400
38.45900
38.45900
38.46300
38.44300
38.43800
38.44000
38.44000
38.44700
38.45200
38.44900
38.44500
38.44900
38.44400
38.43700
38.44200
38.43500
38.42900
38.41800
38.41800
38.41000
38.40900
38.40700
38.40900
38.40900
38.40600
38.41500
38.41600
38.41600
38.43100
38.42100
38.41800
38.41800
38.42100
38.41900
38.40800
38.40700
38.40400
38.40000
38.39100
38.39600
38.39800
38.39600
38.39200
38.40000
38.39300
38.38200
38.37200
38.36900
38.36900
38.37500
38.37100
38.37400
38.37000
38.36400
38.34900
38.34000
38.34100
38.33700
38.33200
38.33300
38.33100
38.32800
38.32800
38.33300
38.33400
38.34900
38.35500
38.35000
38.35200
38.35300
38.35800
38.35400
38.34200
38.33700
38.33100
38.33300
38.33200
38.34100
38.33700
38.33300
38.33500
38.34000
38.34800
38.34800
38.35300
38.34700
38.34500
38.34600
38.34900
38.34500
38.34300
38.34200
38.33900
38.34700
38.34700
38.34200
38.34400
38.33400
38.33600
38.32900
38.32700
38.32900
38.33100
38.33300
38.33500
38.33500
38.33900
38.34300
38.35000
38.36100
38.36900
38.36600
38.36400
38.35900
38.35700
38.36200
38.36400
38.35100
38.34500
38.34600
38.35300
38.36000
38.35700
38.36700
38.37100
38.37500
38.37500
38.38800
38.37300
38.38200
38.38600
38.38500
38.38100
38.38800
38.38700
38.38300
38.38600
38.38800
38.38300
38.38800
38.39700
38.40500
38.41300
38.41200
38.41900
38.42100
38.42300
38.42000
38.41900
38.42100
38.42500
38.42900
38.44200
38.44400
38.45500
38.46100
38.46200
38.46100
38.47500
38.48300
38.48300
38.48600
38.48800
38.48600
38.48400
38.48000
38.48700
38.48300
38.48400
38.47700
38.47500
38.46900
38.46700
38.46500
38.46800
38.46300
38.45700
38.46000
38.45300
38.45500
38.45700
38.45600
38.46500
38.46700
38.46700
38.46200
38.45500
38.45400
38.46400
38.46700
38.46900
38.46800
38.47100
38.46600
38.47300
38.47500
38.47900
38.48900
38.49100
38.49000
38.48400
38.48400
38.48200
38.47700
38.48200
38.48300
38.47900
38.48000
38.48300
38.49000
38.49100
38.49500
38.49800
38.51000
38.50700
38.50700
38.50200
38.50400
38.50400
38.51100
38.51500
38.52200
38.52600
38.52800
38.52500
38.52800
38.52600
38.52800
38.52600
38.52500
38.53100
38.52800
38.53600
38.53000
38.53800
38.54300
38.54500
38.54300
38.54700
38.55500
38.54800
38.53900
38.54200
38.55100
38.55000
38.54900
38.56000
38.56500
38.56600
38.56700
38.56400
38.56600
38.56800
38.57300
38.58100
38.57200
38.57400
38.57300
38.57600
38.57200
38.57200
38.57200
38.56100
38.56700
38.57200
38.57700
38.59100
38.59700
38.59100
38.59000
38.59300
38.59700
38.61200
38.61300
38.61600
38.62800
38.62700
38.62500
38.62000
38.61700
38.60900
38.62100
38.62800
38.62500
38.62200
38.62000
38.62100
38.63400
38.63200
38.64600
38.63900
38.63600
38.64400
38.64200
38.64600
38.66100
38.66200
38.65200
38.64800
38.64800
38.65300
38.65900
38.66100
38.65900
38.66600
38.67300
38.67300
38.67600
38.66700
38.67200
38.67000
38.68000
38.68100
38.69100
38.69200
38.68300
38.67800
38.68300
38.68500
38.68800
38.68600
38.68700
38.68900
38.69500
38.69100
38.69200
38.68500
38.68400
38.67500
38.67200
38.67300
38.67400
38.66600
38.66600
38.66400
38.65100
38.66000
38.66300
38.66000
38.66000
38.65900
38.65900
38.65900
38.66400
38.66000
38.65800
38.65900
38.66000
38.66100
38.66600
38.66100
38.66300
38.66700
38.66400
38.66600
38.66400
38.65600
38.65400
38.65800
38.65100
38.65100
38.65800
38.66300
38.65700
38.66500
38.66100
38.67300
38.67300
38.67400
38.67700
38.67300
38.68200
38.68500
38.68500
38.68600
38.67900
38.67900
38.67800
38.67900
38.67800
38.67900
38.67200
38.66600
38.66700
38.67800
38.67400
38.67000
38.67600
38.67600
38.68000
38.67400
38.67000
38.66900
38.67700
38.67300
38.68000
38.67800
38.68400
38.68300
38.68200
38.68800
38.68600
38.69200
38.68700
38.68600
38.69400
38.69500
38.70100
38.70000
38.69600
38.69600
38.70000
38.70000
38.69800
38.69900
38.69500
38.69300
38.69000
38.69100
38.68900
38.68500
38.67600
38.67200
38.67100
38.66500
38.65900
38.66900
38.66800
38.66400
38.66600
38.66900
38.66900
38.66500
38.66600
38.67500
38.67700
38.67900
38.67700
38.67900
38.68200
38.67900
38.68000
38.68000
38.69300
38.69700
38.69600
38.69500
38.69200
38.69200
38.69100
38.69700
38.68900
38.68800
38.68400
38.68400
38.68500
38.67800
38.68100
38.67900
38.67400
38.67700
38.67400
38.68000
38.68600
38.69000
38.68100
38.68300
38.68700
38.68400
38.68500
38.68400
38.68400
38.68400
38.68600
38.68600
38.69100
38.69000
38.69000
38.69100
38.69300
38.70000
38.71200
38.71400
38.71200
38.71000
38.70900
38.71000
38.71200
38.71100
38.71500
38.71700
38.72100
38.72600
38.72900
38.72900
38.73000
38.74100
38.74200
38.74400
38.74500
38.74700
38.75000
38.74700
38.74600
38.74400
38.74900
38.75400
38.75200
38.75000
38.75700
38.75900
38.76100
38.76800
38.76300
38.75800
38.75400
38.76000
38.75700
38.75800
38.76100
38.76300
38.76600
38.77000
38.77600
38.77300
38.77200
38.77200
38.77000
38.77800
38.77800
38.77500
38.77700
38.78000
38.78100
38.78700
38.78400
38.78400
38.79300
38.79500
38.79300
38.79000
38.78800
38.78300
38.78400
38.78300
38.78700
38.77900
38.78000
38.77600
38.77000
38.76300
38.75500
38.75800
38.76300
38.76000
38.76500
38.76200
38.76300
38.76700
38.77700
38.78000
38.77400
38.77500
38.77200
38.76600
38.76800
38.76700
38.76900
38.77000
38.76900
38.77400
38.77200
38.77200
38.77200
38.77200
38.77100
38.76600
38.76200
38.76500
38.76700
38.76200
38.76400
38.76400
38.76500
38.76500
38.76600
38.76800
38.77000
38.77300
38.77500
38.77900
38.77300
38.77100
38.76500
38.76500
38.76600
38.76700
38.76800
38.76900
38.77000
38.77200
38.77100
38.77200
38.76900
38.76500
38.77000
38.76900
38.76900
38.77200
38.77100
38.77500
38.77200
38.76800
38.76800
38.76900
38.77200
38.77200
38.77400
38.77500
38.78600
38.79100
38.79400
38.79700
38.79900
38.79600
38.79700
38.80000
38.79400
38.79200
38.78800
38.79000
38.78800
38.78500
38.78500
38.78000
38.77800
38.78400
38.78700
38.78900
38.78900
38.78900
38.79300
38.79800
38.79900
38.79900
38.80600
38.80000
38.80600
38.80900
38.80500
38.80500
38.80900
38.81200
38.81100
38.80500
38.80400
38.80100
38.80400
38.80200
38.80500
38.80400
38.79800
38.79900
38.79900
38.79400
38.79500
38.79500
38.79800
38.79900
38.79000
38.78300
38.79100
38.78800
38.77800
38.78100
38.78700
38.79100
38.78400
38.79100
38.79100
38.79400
38.79700
38.79700
38.79600
38.79300
38.79800
38.79600
38.79400
38.79400
38.79400
38.79300
38.78600
38.78900
38.79100
38.79000
38.78800
38.78600
38.78500
38.78600
38.78400
38.78200
38.78100
38.78100
38.78000
38.78700
38.78700
38.78600
38.78400
38.78500
38.78800
38.79100
38.79600
38.79300
38.79400
38.78300
38.77900
38.78000
38.78700
38.78700
38.78500
38.78100
38.78100
38.78600
38.78100
38.78300
38.78300
38.78600
38.78500
38.78700
38.78900
38.78800
38.78300
38.78300
38.78600
38.78600
38.79000
38.79000
38.79400
38.79200
38.79400
38.78700
38.79200
38.78600
38.79500
38.79700
38.79500
38.78700
38.78600
38.78900
38.78500
38.78400
38.78500
38.78200
38.77900
38.78000
38.78100
38.78000
38.77500
38.77000
38.77000
38.77000
38.76900
38.76900
38.77200
38.76600
38.76900
38.76900
38.76500
38.77000
38.76900
38.77000
38.76400
38.76200
38.75600
38.75700
38.75500
38.75300
38.75600
38.75600
38.75800
38.76100
38.76100
38.76000
38.76200
38.75800
38.76000
38.75700
38.75900
38.75600
38.75700
38.75500
38.75500
38.75600
38.75800
38.75600
38.75600
38.75600
38.75400
38.75300
38.75300
38.74800
38.74800
38.75100
38.74800
38.74600
38.75200
38.74700
38.74700
38.75000
38.74600
38.74700
38.75000
38.75500
38.75500
38.75300
38.75600
38.75900
38.76300
38.76600
38.76800
38.76900
38.77000
38.77400
38.77400
38.77200
38.77000
38.76900
38.77500
38.77200
38.78300
38.78500
38.78900
38.78900
38.78700
38.78700
38.78200
38.78100
38.78100
38.77800
38.78000
38.78400
38.78600
38.78900
38.79100
38.79400
38.79600
38.80900
38.80900
38.81000
38.81400
38.80900
38.80800
38.81100
38.81500
38.80900
38.80800
38.80600
38.80800
38.80800
38.81000
38.81900
38.81900
38.81900
38.82000
38.81900
38.81900
38.81600
38.81300
38.81600
38.81700
38.82100
38.81700
38.81800
38.81500
38.81400
38.81300
38.81700
38.81700
38.82600
38.82700
38.82800
38.83100
38.83200
38.83000
38.83200
38.83300
38.84400
38.84500
38.84800
38.85200
38.85200
38.84900
38.84400
38.84500
38.84400
38.84400
38.84400
38.84100
38.84600
38.84600
38.84400
38.84700
38.84500
38.84900
38.85200
38.86000
38.86800
38.86200
38.86600
38.86600
38.86500
38.86700
38.86500
38.86400
38.86300
38.86700
38.87000
38.87000
38.87000
38.87100
38.86800
38.86900
38.86900
38.86900
38.86600
38.86100
38.86100
38.85700
38.85900
38.85000
38.84700
38.84000
38.84300
38.84100
38.84100
38.83900
38.83900
38.83800
38.84000
38.84200
38.83800
38.83400
38.83100
38.83600
38.82900
38.82900
38.83600
38.83500
38.84000
38.84200
38.84600
38.84400
38.84500
38.84900
38.84800
38.84800
38.84900
38.84500
38.84500
38.84400
38.84200
38.83800
38.84200
38.84300
38.84500
38.84300
38.84500
38.84500
38.84200
38.84600
38.84400
38.84500
38.84400
38.84600
38.84800
38.84900
38.84900
38.85100
38.85100
38.85100
38.84900
38.85300
38.85700
38.85100
38.85000
38.85200
38.84700
38.84700
38.84800
38.85000
38.85400
38.85600
38.85700
38.85400
38.85100
38.85000
38.85300
38.85800
38.85800
38.85700
38.85800
38.85800
38.85800
38.85100
38.85200
38.85200
38.85300
38.86000
38.86600
38.86700
38.86700
38.86600
38.86800
38.87100
38.87100
38.86700
38.86600
38.86600
38.86500
38.86600
38.86900
38.86500
38.86600
38.86600
38.86600
38.87000
38.87100
38.87100
38.86700
38.86400
38.86300
38.86500
38.86400
38.86400
38.86600
38.86600
38.86400
38.86300
38.86400
38.85900
38.86300
38.86300
38.86700
38.87100
38.88200
38.88500
38.88700
38.89000
38.89300
38.90300
38.90500
38.90400
38.90700
38.90700
38.91300
38.91200
38.91200
38.91200
38.91300
38.91500
38.91700
38.91000
38.90700
38.91100
38.91200
38.91100
38.90800
38.91200
38.91600
38.91500
38.91900
38.91800
38.91700
38.91700
38.91800
38.91600
38.92000
38.91300
38.91400
38.91400
38.91200
38.91500
38.92100
38.91700
38.91800
38.92200
38.92500
38.92600
38.92900
38.92500
38.92500
38.92400
38.92200
38.92800
38.92500
38.92600
38.92000
38.92500
38.92200
38.92600
38.92700
38.92900
38.93500
38.93700
38.93500
38.93700
38.93900
38.94100
38.93900
38.93300
38.93300
38.93100
38.93500
38.92500
38.92500
38.92900
38.92700
38.92600
38.93500
38.93200
38.93100
38.93200
38.93200
38.93300
38.92900
38.93100
38.93300
38.93400
38.93700
38.93800
38.94100
38.93900
38.93900
38.94000
38.94000
38.94600
38.95100
38.94400
38.94600
38.94100
38.93900
38.93700
38.93700
38.94600
38.94500
38.94700
38.94500
38.94800
38.94300
38.95200
38.95900
38.96000
38.96200
38.96500
38.96600
38.96800
38.96900
38.96700
38.96400
38.96200
38.95900
38.95700
38.95900
38.95500
38.95400
38.95100
38.95100
38.95300
38.95800
38.95500
38.96000
38.95900
38.95900
38.96300
38.96400
38.96000
38.95500
38.95700
38.95800
38.96100
38.95700
38.95400
38.95100
38.95400
38.95300
38.95200
38.94800
38.94900
38.95300
38.95300
38.94900
38.94900
38.95300
38.95300
38.95500
38.95500
38.95500
38.95000
38.95000
38.94800
38.94900
38.94800
38.94500
38.94600
38.94700
38.94300
38.94300
38.94100
38.94200
38.94100
38.94200
38.93900
38.94000
38.94200
38.94100
38.93800
38.93700
38.93600
38.93400
38.93000
38.92900
38.93000
38.92900
38.93000
38.93100
38.93000
38.92900
38.92700
38.92700
38.92100
38.92200
38.92000
38.91400
38.91500
38.91300
38.91200
38.91200
38.91300
38.91400
38.91100
38.90700
38.90600
38.90500
38.90600
38.90400
38.90200
38.89500
38.89400
38.89200
38.88700
38.88800
38.88700
38.88800
38.88000
38.88100
38.88200
38.88000
38.87400
38.87200
38.87300
38.87600
38.87600
38.87900
38.88300
38.88000
38.88000
38.88100
38.88000
38.87900
38.88100
38.88100
38.88000
38.87800
38.88100
38.87900
38.88100
38.88300
38.88100
38.88200
38.88600
38.88400
38.88600
38.88900
38.88800
38.88800
38.88700
38.88700
38.89000
38.89300
38.89500
38.89500
38.89300
38.88700
38.88800
38.88700
38.88500
38.88400
38.88700
38.88600
38.88600
38.88800
38.88800
38.88800
38.88300
38.88200
38.88000
38.88300
38.88000
38.87900
38.88400
38.88300
38.88300
38.88500
38.88600
38.88700
38.88400
38.88400
38.88000
38.88500
38.88400
38.88200
38.87900
38.88000
38.88200
38.88400
38.88700
38.89000
38.88800
38.88500
38.88700
38.88900
38.88800
38.88700
38.88700
38.88700
38.88700
38.88700
38.88900
38.88500
38.88500
38.88300
38.88500
38.88800
38.88900
38.88700
38.88800
38.88900
38.88700
38.88500
38.88500
38.88500
38.88500
38.88300
38.88300
38.89000
38.89100
38.89200
38.89200
38.89200
38.89600
38.89600
38.89800
38.90000
38.89900
38.90200
38.89800
38.90500
38.90200
38.90100
38.90700
38.91000
38.90900
38.91200
38.91200
38.91400
38.91400
38.91500
38.91500
38.91600
38.91600
38.91600
38.92000
38.91800
38.92500
38.92500
38.92400
38.92400
38.92400
38.92400
38.92300
38.92600
38.92200
38.92600
38.92400
38.92400
38.92500
38.92500
38.92600
38.92500
38.93100
38.92500
38.92300
38.92200
38.92200
38.92100
38.91900
38.92200
38.91600
38.91500
38.91300
38.91300
38.91600
38.91900
38.92100
38.91800
38.91700
38.91600
38.91400
38.91300
38.91100
38.91400
38.91600
38.91200
38.91200
38.91200
38.91200
38.91200
38.90900
38.90600
38.90700
38.90500
38.90600
38.91100
38.91600
38.91600
38.91700
38.91500
38.91300
38.91200
38.91500
38.91500
38.91000
38.91200
38.91300
38.91400
38.91200
38.91500
38.91500
38.91400
38.91700
38.91500
38.91500
38.92400
38.92400
38.92400
38.93100
38.93000
38.93100
38.93100
38.93000
38.92900
38.92900
38.92500
38.92800
38.93200
38.93200
38.93400
38.93800
38.93900
38.93800
38.94000
38.93900
38.94000
38.94500
38.94300
38.94200
38.94400
38.94000
38.94000
38.94200
38.94500
38.94000
38.93900
38.93900
38.94000
38.94500
38.94900
38.95000
38.95700
38.95700
38.95700
38.95800
38.95500
38.95500
38.95500
38.95200
38.95500
38.95300
38.95300
38.95200
38.95300
38.95200
38.95400
38.95400
38.95500
38.95600
38.96000
38.96000
38.96200
38.96200
38.96200
38.96300
38.96100
38.96100
38.96000
38.96200
38.96300
38.96400
38.96600
38.96500
38.96700
38.97000
38.96600
38.96700
38.96300
38.96500
38.96400
38.96400
38.96000
38.96600
38.96800
38.96900
38.96800
38.97000
38.96900
38.97000
38.96700
38.96700
38.96900
38.96700
38.96800
38.97000
38.97300
38.97300
38.97500
38.97200
38.97000
38.96800
38.96600
38.96800
38.96700
38.96700
38.97000
38.96700
38.96900
38.97200
38.97000
38.96900
38.96700
38.96700
38.96200
38.96400
38.96600
38.96800
38.96400
38.96500
38.96300
38.96400
38.96700
38.96700
38.97000
38.97000
38.97000
38.97500
38.97800
38.98100
38.98300
38.98600
38.98600
38.98800
38.98600
38.98600
38.98700
38.98700
38.98800
38.98600
38.98600
38.98500
38.98500
38.98400
38.97900
38.97800
38.97900
38.97800
38.97900
38.97600
38.97500
38.97500
38.97500
38.97700
38.97700
38.97700
38.97700
38.97600
38.97900
38.98100
38.98000
38.97800
38.97700
38.97900
38.98000
38.97900
38.98000
38.98400
38.98700
38.99000
38.98500
38.98500
38.98300
38.97800
38.97800
38.97700
38.97500
38.97400
38.97900
38.97800
38.97900
38.97700
38.97900
38.97900
38.98100
38.98200
38.98200
38.98300
38.98100
38.98400
38.98400
38.98700
38.98300
38.98300
38.98500
38.98400
38.98500
38.98500
38.98600
38.98200
38.97900
38.97900
38.97900
38.97400
38.97500
38.97600
38.98000
38.98100
38.97700
38.98100
38.98000
38.97500
38.97500
38.97500
38.98200
38.98600
38.99200
38.99600
38.99900
38.99600
38.99600
38.99500
38.99900
38.99900
39.00100
39.00400
39.00400
39.00500
39.00600
39.00700
39.00300
39.00300
39.00400
39.00300
39.00600
39.00200
39.00200
39.00300
39.00500
39.00700
39.00500
39.00400
39.00600
39.00600
39.00800
39.01000
39.01000
39.00900
39.00800
39.00800
39.00700
39.00900
39.00500
39.00500
39.00500
39.00300
39.00100
38.99900
38.99700
38.99700
38.99900
38.99900
38.99900
39.00000
39.00000
39.00000
38.99800
39.00000
38.99800
38.99900
39.00400
39.00400
39.00600
39.00900
39.01100
39.01100
39.01500
39.01200
39.01000
39.01100
39.01700
39.01900
39.01700
39.02200
39.02000
39.02100
39.02200
39.02200
39.02000
39.02000
39.02000
39.02500
39.02400
39.02700
39.02900
39.02700
39.03100
39.03100
39.03700
39.04000
39.04100
39.04400
39.04400
39.04100
39.04500
39.05000
39.05400
39.05700
39.05700
39.06000
39.05700
39.05700
39.05800
39.06200
39.06400
39.06900
39.07700
39.07900
39.07900
39.07800
39.07500
39.07400
39.08100
39.08300
39.08300
39.09000
39.09500
39.09500
39.09500
39.09800
39.10100
39.10200
39.10900
39.10900
39.11100
39.11700
39.11400
39.11600
39.11700
39.11700
39.11900
39.11900
39.12100
39.12200
39.12600
39.12300
39.12100
39.12300
39.12400
39.12100
39.12300
39.12300
39.12800
39.12800
39.13100
39.13500
39.13700
39.13300
39.13400
39.13900
39.14100
39.14100
39.14300
39.14400
39.14600
39.14800
39.14800
39.14500
39.14800
39.14300
39.14000
39.14000
39.13900
39.13700
39.13700
39.13600
39.13600
39.13900
39.13700
39.13600
39.13400
39.13400
39.14100
39.14500
39.14700
39.14600
39.14400
39.14400
39.14700
39.15100
39.15300
39.15700
39.16300
39.16100
39.16000
39.15900
39.15900
39.16100
39.16200
39.16100
39.16200
39.16500
39.16500
39.17100
39.17100
39.17000
39.17100
39.17200
39.17500
39.18100
39.18400
39.18700
39.18700
39.19000
39.18800
39.18500
39.18900
39.18800
39.19000
39.19100
39.19500
39.20100
39.20100
39.19700
39.19900
39.20000
39.20100
39.20300
39.20400
39.20700
39.20400
39.20500
39.20500
39.20500
39.20500
39.20200
39.19500
39.20000
39.20200
39.20400
39.20200
39.20300
39.20600
39.20600
39.20400
39.20600
39.20700
39.20700
39.20500
39.20700
39.20800
39.20900
39.20700
39.21200
39.21400
39.21500
39.21500
39.21600
39.21600
39.21800
39.21900
39.22200
39.22600
39.22600
39.22600
39.22300
39.22400
39.22400
39.22100
39.22000
39.22400
39.22300
39.22300
39.22600
39.22400
39.22400
39.22200
39.22400
39.22200
39.22400
39.22400
39.22200
39.22400
39.22600
39.22800
39.22800
39.22500
39.22500
39.22200
39.22400
39.22600
39.22500
39.22900
39.23000
39.22800
39.22900
39.23100
39.23000
39.23300
39.23200
39.23500
39.23600
39.23500
39.23400
39.23100
39.23000
39.22700
39.22400
39.22100
39.22000
39.21700
39.21400
39.21600
39.21800
39.21600
39.21500
39.22000
39.22200
39.21900
39.22000
39.21900
39.21800
39.22000
39.21800
39.21800
39.21900
39.22000
39.22000
39.22000
39.21700
39.21700
39.21500
39.21400
39.21200
39.21300
39.21500
39.21700
39.21700
39.21700
39.22100
39.21800
39.21800
39.21700
39.21400
39.21400
39.21500
39.21300
39.20900
39.21100
39.21100
39.20900
39.21100
39.21300
39.21000
39.21300
39.21000
39.20700
39.21300
39.21600
39.21600
39.21500
39.21400
39.21500
39.21500
39.21600
39.21700
39.22000
39.22200
39.22200
39.22600
39.22500
39.22700
39.22700
39.22800
39.22800
39.22600
39.22700
39.22700
39.22400
39.22500
39.22800
39.22800
39.22700
39.22300
39.22200
39.22400
39.22800
39.22700
39.22900
39.23100
39.23200
39.22900
39.22800
39.22900
39.23300
39.23300
39.23400
39.23300
39.23600
39.23800
39.24000
39.24300
39.24200
39.24200
39.24000
39.23900
39.23800
39.23700
39.23800
39.23900
39.23800
39.24200
39.24700
39.24700
39.24800
39.25100
39.25300
39.25200
39.25200
39.25200
39.24900
39.25000
39.24800
39.24600
39.24700
39.24800
39.25000
39.25000
39.25200
39.25400
39.25500
39.25200
39.24700
39.24700
39.24600
39.24800
39.25000
39.24700
39.24900
39.25000
39.25100
39.25200
39.25100
39.25600
39.25400
39.25500
39.25500
39.25600
39.25800
39.26000
39.25800
39.26100
39.26200
39.25800
39.26100
39.26300
39.26300
39.26500
39.26300
39.26400
39.26700
39.27200
39.26900
39.27000
39.27000
39.26900
39.27000
39.27400
39.27500
39.27800
39.28200
39.28600
39.28800
39.28800
39.29000
39.29300
39.29100
39.29400
39.29600
39.29700
39.29500
39.29400
39.29300
39.29500
39.29100
39.28800
39.29000
39.29300
39.29700
39.30100
39.30400
39.30300
39.30500
39.31000
39.30800
39.30800
39.30800
39.30800
39.30900
39.31000
39.31000
39.31300
39.31200
39.30800
39.30800
39.30900
39.30900
39.31100
39.31100
39.31000
39.31500
39.31500
39.32000
39.32400
39.32600
39.32900
39.32900
39.32800
39.32700
39.32800
39.33000
39.32800
39.32900
39.33200
39.33200
39.33400
39.33600
39.33600
39.33700
39.33900
39.33800
39.33800
39.33700
39.33800
39.33900
39.33800
39.33800
39.33900
39.33700
39.33700
39.33900
39.34000
39.34000
39.33800
39.33900
39.33400
39.33000
39.33200
39.33300
39.33300
39.33100
39.33200
39.33300
39.33000
39.33000
39.33300
39.33200
39.33400
39.33300
39.33300
39.33500
39.33500
39.33600
39.33700
39.33500
39.33900
39.33700
39.33600
39.33800
39.33700
39.33900
39.33900
39.33800
39.33900
39.33700
39.33900
39.33800
39.33100
39.33200
39.33300
39.33300
39.33600
39.33900
39.34200
39.33900
39.33900
39.33900
39.33900
39.33700
39.33500
39.33200
39.33300
39.33300
39.32900
39.33100
39.33200
39.33400
39.33300
39.33200
39.33400
39.33400
39.33200
39.33100
39.33300
39.33400
39.33400
39.33300
39.33300
39.33300
39.33600
39.33600
39.33600
39.33600
39.33700
39.33700
39.33900
39.33800
39.33700
39.33600
39.33500
39.33900
39.34100
39.34100
39.34200
39.34100
39.33700
39.33800
39.33700
39.33500
39.33900
39.33900
39.34000
39.33900
39.34000
39.33600
39.33800
39.33400
39.33500
39.33900
39.34000
39.33700
39.33600
39.33600
39.33700
39.33700
39.33900
39.33500
39.33500
39.33600
39.33600
39.33800
39.33700
39.33500
39.33500
39.33400
39.33300
39.33300
39.33100
39.33100
39.33100
39.32700
39.32600
39.33000
39.33000
39.33000
39.33200
39.33400
39.33600
39.33700
39.33600
39.33200
39.33200
39.33200
39.33000
39.33200
39.33300
39.33500
39.33700
39.33700
39.34300
39.34200
39.34100
39.34100
39.34200
39.34300
39.34400
39.34200
39.34100
39.34100
39.34000
39.33900
39.33800
39.34100
39.34200
39.34600
39.34800
39.34700
39.35000
39.35100
39.35200
39.35500
39.35100
39.35400
39.35900
39.35800
39.36000
39.36000
39.35800
39.35800
39.35500
39.35700
39.35900
39.35600
39.35400
39.35200
39.35000
39.34800
39.34600
39.34400
39.34400
39.34400
39.34500
39.34600
39.34600
39.34600
39.34600
39.34600
39.34800
39.35000
39.35100
39.35000
39.34700
39.35200
39.35200
39.35000
39.35400
39.35500
39.35700
39.35700
39.35700
39.36200
39.36300
39.36200
39.36200
39.36200
39.36000
39.36000
39.36200
39.36400
39.36500
39.36600
39.36300
39.36400
39.37000
39.36900
39.37000
39.37300
39.37500
39.37600
39.37500
39.37200
39.37300
39.38000
39.38000
39.38000
39.38000
39.38000
39.38300
39.38300
39.38300
39.38400
39.38400
39.38500
39.38300
39.38400
39.38200
39.38200
39.38100
39.38200
39.38300
39.38500
39.38500
39.38300
39.38300
39.38400
39.38700
39.38900
39.38800
39.38800
39.39000
39.39200
39.39000
39.39100
39.39500
39.39500
39.39400
39.39500
39.39400
39.39300
39.39700
39.39400
39.39500
39.39700
39.39400
39.39500
39.39600
39.39500
39.39500
39.39300
39.39500
39.39200
39.39400
39.39700
39.39900
39.40100
39.39700
39.39700
39.39400
39.39400
39.39200
39.39300
39.39300
39.40000
39.39900
39.39700
39.39800
39.39800
39.40000
39.40200
39.40500
39.40900
39.40800
39.40800
39.40700
39.40700
39.40700
39.40600
39.40200
39.40300
39.40400
39.40600
39.40300
39.40200
39.40100
39.40000
39.40400
39.40400
39.40400
39.40500
39.40300
39.40200
39.40400
39.40500
39.40700
39.40900
39.40900
39.40900
39.41000
39.41000
39.41500
39.41700
39.41600
39.41500
39.41300
39.41100
39.40900
39.41000
39.41200
39.41200
39.41600
39.41500
39.41500
39.41800
39.41800
39.41800
39.41700
39.41700
39.41900
39.41700
39.41700
39.41700
39.41900
39.41900
39.42100
39.41600
39.41900
39.41900
39.41900
39.42000
39.42000
39.42000
39.41700
39.41500
39.41800
39.41700
39.41700
39.41500
39.41500
39.41500
39.41500
39.41300
39.41200
39.41300
39.41500
39.41600
39.41600
39.41700
39.41600
39.42100
39.42000
39.42100
39.42300
39.42100
39.42000
39.41800
39.42000
39.42100
39.42100
39.42100
39.42300
39.42100
39.41900
39.41900
39.42000
39.42000
39.41800
39.42000
39.42100
39.42100
39.42000
39.41800
39.41700
39.41700
39.41700
39.41700
39.41700
39.41900
39.41900
39.42000
39.41800
39.42100
39.42100
39.42200
39.41900
39.41700
39.41900
39.41500
39.41300
39.41700
39.41800
39.41600
39.41900
39.42100
39.42200
39.42100
39.42200
39.42200
39.42400
39.42200
39.42000
39.41700
39.41600
39.41700
39.41800
39.41800
39.41800
39.41600
39.41500
39.41800
39.41800
39.41400
39.41600
39.41600
39.41700
39.41700
39.41800
39.41800
39.42200
39.42200
39.41800
39.41600
39.41400
39.41500
39.41100
39.41300
39.41100
39.41300
39.41400
39.41300
39.41300
39.41800
39.41500
39.41800
39.41800
39.42000
39.42200
39.42400
39.42300
39.42700
39.42600
39.43100
39.43300
39.43400
39.43600
39.43400
39.43400
39.43200
39.43200
39.43000
39.42800
39.43000
39.42800
39.42900
39.43200
39.43200
39.43200
39.43100
39.43000
39.43200
39.43200
39.43000
39.43100
39.43200
39.43000
39.42900
39.42700
39.42700
39.42700
39.42800
39.42900
39.43000
39.43100
39.43000
39.43000
39.43100
39.42800
39.42700
39.42600
39.42700
39.43000
39.43500
39.43500
39.43500
39.43600
39.43400
39.43500
39.43300
39.43300
39.43400
39.43600
39.43600
39.43400
39.43500
39.43500
39.43100
39.43200
39.43200
39.43300
39.43300
39.43300
39.43400
39.43400
39.43300
39.43300
39.43400
39.43500
39.43700
39.43900
39.43700
39.43600
39.43200
39.43300
39.43200
39.43100
39.43200
39.43300
39.43400
39.43200
39.43100
39.43100
39.43200
39.43100
39.43500
39.43300
39.43200
39.43400
39.43600
39.43500
39.43600
39.43600
39.43800
39.43700
39.44000
39.43900
39.43700
39.43500
39.43700
39.43600
39.43700
39.44200
39.44400
39.44200
39.44300
39.44500
39.44700
39.44500
39.44400
39.44600
39.44600
39.44800
39.45100
39.45100
39.45200
39.45100
39.45000
39.44900
39.45100
39.45300
39.45100
39.45300
39.45300
39.45200
39.45200
39.45200
39.45100
39.45200
39.45100
39.45000
39.45100
39.44900
39.45000
39.45100
39.45100
39.45300
39.45200
39.45100
39.45000
39.44900
39.45200
39.45400
39.45700
39.45800
39.45700
39.46000
39.45700
39.46000
39.45900
39.45700
39.45600
39.45700
39.46100
39.46100
39.46500
39.46500
39.46200
39.46700
39.46800
39.47000
39.47000
39.46900
39.46900
39.47200
39.47300
39.47700
39.47700
39.48000
39.48100
39.48000
39.48100
39.48300
39.48300
39.48100
39.48100
39.48100
39.48300
39.48100
39.48300
39.48600
39.48700
39.48300
39.48500
39.48600
39.48800
39.48600
39.48600
39.48600
39.48600
39.48700
39.48600
39.48600
39.48800
39.48800
39.48800
39.48300
39.48300
39.48300
39.48100
39.47700
39.47900
39.47900
39.48000
39.48100
39.48100
39.47800
39.48000
39.47900
39.48100
39.48000
39.48100
39.47900
39.48000
39.47800
39.47800
39.48000
39.48300
39.48400
39.48400
39.48600
39.48500
39.48500
39.48700
39.48700
39.48700
39.48800
39.48900
39.48700
39.48800
39.48900
39.48600
39.48600
39.48400
39.48500
39.48600
39.48700
39.48400
39.48700
39.48900
39.48500
39.48500
39.48700
39.48700
39.48600
39.48800
39.48700
39.48600
39.48700
39.48300
39.48400
39.48000
39.48000
39.48000
39.48000
39.47900
39.47700
39.47800
39.47900
39.48100
39.48200
39.48400
39.48400
39.48700
39.48500
39.48800
39.49000
39.48900
39.48600
39.48500
39.48600
39.48500
39.48700
39.48700
39.48500
39.48500
39.48600
39.48500
39.48500
39.48700
39.48600
39.48600
39.48500
39.48800
39.48900
39.49000
39.49000
39.49100
39.49100
39.49100
39.49200
39.49100
39.49300
39.49500
39.49600
39.49300
39.49300
39.48900
39.48800
39.48700
39.49000
39.48900
39.48800
39.48400
39.48500
39.48400
39.48400
39.48400
39.48400
39.48600
39.48600
39.48600
39.48500
39.48600
39.48700
39.48500
39.48500
39.48800
39.48800
39.48700
39.48600
39.48600
39.48600
39.48400
39.48300
39.48800
39.48600
39.48900
39.49100
39.49000
39.48800
39.48800
39.48600
39.48700
39.48800
39.48700
39.48800
39.49000
39.49200
39.49300
39.49300
39.49200
39.49100
39.49300
39.49200
39.49400
39.49700
39.49500
39.49600
39.49600
39.49500
39.49700
39.49700
39.49600
39.49600
39.49200
39.49400
39.49100
39.49100
39.48700
39.48700
39.48600
39.48800
39.49000
39.48800
39.49000
39.49100
39.49100
39.49100
39.49000
39.48900
39.48800
39.48800
39.48800
39.48600
39.48700
39.48700
39.48900
39.49000
39.49100
39.49200
39.49000
39.49000
39.49100
39.49100
39.49100
39.48900
39.48500
39.48800
39.48600
39.48500
39.48400
39.48500
39.48100
39.48200
39.48100
39.48000
39.47900
39.47900
39.47900
39.47800
39.47900
39.48100
39.47900
39.47600
39.47500
39.47200
39.47500
39.47300
39.47400
39.47200
39.46800
39.46900
39.47000
39.47000
39.46900
39.46900
39.47000
39.46900
39.46900
39.47100
39.47300
39.46900
39.46800
39.46600
39.46500
39.46500
39.46700
39.46700
39.46700
39.46700
39.47000
39.46900
39.46800
39.46700
39.46700
39.46900
39.46600
39.46500
39.46300
39.46600
39.46300
39.46600
39.46500
39.46700
39.46600
39.46800
39.46800
39.46500
39.46600
39.46400
39.46200
39.45900
39.46000
39.46000
39.45700
39.45700
39.45700
39.46000
39.46200
39.46000
39.46000
39.45900
39.46000
39.45900
39.46100
39.46000
39.45700
39.45500
39.45500
39.45600
39.45600
39.45700
39.45600
39.45700
39.45800
39.45700
39.45700
39.45700
39.45700
39.45600
39.45400
39.45300
39.45300
39.45400
39.45500
39.45400
39.45200
39.45300
39.45500
39.45700
39.45700
39.45500
39.45300
39.45300
39.45400
39.45200
39.45400
39.45200
39.45100
39.45100
39.45200
39.45100
39.45000
39.45200
39.45300
39.45300
39.45200
39.45100
39.45300
39.45000
39.44900
39.44800
39.44800
39.45000
39.44800
39.44900
39.44700
39.44400
39.44600
39.44700
39.45100
39.45000
39.45100
39.45200
39.45300
39.45200
39.45500
39.45700
39.45500
39.45400
39.45400
39.45600
39.45700
39.45900
39.45700
39.45500
39.45500
39.45600
39.45700
39.45800
39.45700
39.45700
39.45500
39.45300
39.45200
39.45600
39.45700
39.45700
39.45500
39.45600
39.45800
39.46000
39.45700
39.45800
39.45700
39.45600
39.45600
39.45600
39.45800
39.45900
39.46100
39.46000
39.45700
39.45500
39.45700
39.45600
39.45700
39.45800
39.45800
39.45700
39.45800
39.45600
39.45600
39.45500
39.45500
39.45500
39.45300
39.45600
39.45600
39.45600
39.45500
39.45300
39.45400
39.45400
39.45400
39.45600
39.45700
39.45700
39.45600
39.45400
39.45600
39.45800
39.45800
39.45900
39.46200
39.46300
39.46400
39.46400
39.46500
39.46400
39.46400
39.46300
39.46100
39.46000
39.46200
39.46400
39.46300
39.46500
39.46200
39.46200
39.46300
39.46300
39.46200
39.46400
39.46400
39.46600
39.46500
39.46500
39.46600
39.46800
39.46600
39.46700
39.46800
39.46800
39.47000
39.47100
39.47200
39.47500
39.47700
39.48000
39.48000
39.48200
39.48000
39.48000
39.48200
39.48000
39.48100
39.47900
39.47600
39.47900
39.48100
39.48000
39.48100
39.48200
39.48200
39.48200
39.48200
39.48400
39.48200
39.48600
39.48700
39.48500
39.48600
39.48700
39.49000
39.49000
39.48800
39.49000
39.49100
39.49300
39.49200
39.49200
39.49400
39.49300
39.49600
39.49800
39.49500
39.49400
39.49400
39.49200
39.49100
39.49400
39.49300
39.49400
39.49500
39.49600
39.49500
39.49500
39.49500
39.49100
39.49200
39.49400
39.49300
39.49700
39.49400
39.49300
39.49200
39.49300
39.49400
39.49300
39.49200
39.49200
39.49500
39.49500
39.49800
39.49900
39.49800
39.49900
39.50000
39.50200
39.50000
39.50200
39.50000
39.49700
39.49700
39.49700
39.49600
39.49900
39.49800
39.49700
39.49800
39.50000
39.50200
39.50200
39.50100
39.50000
39.49900
39.50000
39.50100
39.50000
39.49800
39.49800
39.49900
39.49900
39.49900
39.49800
39.49800
39.49800
39.50200
39.50200
39.50100
39.50200
39.50100
39.49900
39.50100
39.50100
39.49900
39.49800
39.50000
39.49900
39.49900
39.49700
39.49900
39.49700
39.49900
39.50000
39.49900
39.50000
39.50200
39.50000
39.50100
39.50300
39.50800
39.51100
39.51200
39.51100
39.51100
39.51300
39.51200
39.51000
39.51100
39.51100
39.51100
39.50900
39.50800
39.50700
39.50600
39.50500
39.50600
39.50500
39.50100
39.50600
39.50500
39.50600
39.50500
39.50400
39.50300
39.50200
39.50400
39.50500
39.50500
39.50800
39.50900
39.50900
39.50700
39.50700
39.51000
39.50900
39.50900
39.50900
39.51000
39.51000
39.50900
39.50800
39.50900
39.50600
39.50700
39.50600
39.50500
39.50500
39.50400
39.50600
39.50500
39.50600
39.50700
39.50700
39.50700
39.50500
39.50300
39.50500
39.50400
39.50400
39.50300
39.50400
39.50400
39.50200
39.50200
39.50500
39.50500
39.50500
39.50500
39.50700
39.50700
39.50900
39.51000
39.50900
39.51000
39.50900
39.51200
39.51400
39.51400
39.51800
39.51800
39.51700
39.51500
39.51500
39.51500
39.51600
39.51700
39.51600
39.51900
39.51600
39.51400
39.51400
39.51700
39.51800
39.51900
39.52000
39.52000
39.51800
39.51900
39.52100
39.52100
39.51900
39.52100
39.52100
39.52200
39.52300
39.52400
39.52400
39.52300
39.52600
39.52700
39.52600
39.52300
39.52300
39.52300
39.52600
39.52900
39.53000
39.53100
39.53000
39.53200
39.53100
39.53200
39.52900
39.52900
39.52900
39.53200
39.53400
39.53300
39.53100
39.53100
39.53100
39.53100
39.53300
39.53600
39.53300
39.53200
39.53300
39.53200
39.53300
39.53200
39.53100
39.53100
39.53200
39.53500
39.53600
39.53500
39.53500
39.53900
39.53900
39.53700
39.53900
39.54000
39.53900
39.54100
39.54000
39.54000
39.54100
39.54300
39.54400
39.54300
39.54300
39.54100
39.54200
39.54100
39.54000
39.54100
39.54000
39.54000
39.54200
39.54400
39.54500
39.54500
39.54700
39.54600
39.54800
39.55000
39.55200
39.55200
39.55000
39.55000
39.54800
39.54700
39.54700
39.54600
39.54800
39.55100
39.55300
39.55300
39.55100
39.55100
39.55000
39.54800
39.54900
39.55100
39.55500
39.55500
39.55600
39.55800
39.55800
39.55800
39.55800
39.55800
39.55800
39.56300
39.56800
39.56700
39.56800
39.56800
39.56800
39.56900
39.56900
39.57100
39.57200
39.57000
39.57500
39.57400
39.57500
39.57900
39.57500
39.57700
39.57400
39.57400
39.57500
39.57800
39.57800
39.58100
39.57600
39.57900
39.57900
39.58000
39.58000
39.58200
39.58100
39.58000
39.58100
39.58000
39.57900
39.58500
39.58500
39.58800
39.59000
39.59300
39.59300
39.59300
39.59600
39.59800
39.59700
39.59900
39.59800
39.59800
39.59600
39.59600
39.59800
39.59600
39.59900
39.59800
39.59900
39.60400
39.60100
39.60400
39.60500
39.60500
39.60400
39.60400
39.60700
39.60800
39.60700
39.60800
39.60900
39.60800
39.60600
39.61200
39.61300
39.61000
39.60900
39.60800
39.60700
39.60700
39.60800
39.60900
39.60900
39.61100
39.61200
39.61300
39.61500
39.61700
39.61500
39.61500
39.61600
39.61600
39.61600
39.61600
39.61600
39.61700
39.61800
39.61900
39.62000
39.62100
39.62300
39.62200
39.62100
39.62400
39.62600
39.62600
39.62400
39.62600
39.62600
39.62500
39.62500
39.62800
39.62600
39.62400
39.62600
39.62700
39.62900
39.62600
39.62500
39.62500
39.62500
39.62400
39.62300
39.62200
39.62300
39.62400
39.62300
39.62200
39.62300
39.62000
39.62200
39.62400
39.62400
39.62200
39.62400
39.62300
39.62100
39.62000
39.62100
39.61900
39.62100
39.61900
39.61900
39.61600
39.61600
39.61600
39.61500
39.61400
39.61300
39.61500
39.61500
39.61500
39.61400
39.61300
39.61400
39.61200
39.61200
39.61100
39.61300
39.61300
39.61300
39.61000
39.61000
39.61000
39.61100
39.61000
39.61000
39.61000
39.61200
39.61300
39.61400
39.61100
39.61000
39.61000
39.60900
39.60700
39.60700
39.60500
39.60500
39.60600
39.60600
39.60300
39.60300
39.60200
39.60400
39.60000
39.59900
39.59700
39.59700
39.59500
39.59300
39.59500
39.59700
39.59600
39.59400
39.59300
39.59000
39.59200
39.59200
39.59400
39.59400
39.59400
39.59300
39.59200
39.59200
39.59400
39.59400
39.59500
39.59500
39.59400
39.59300
39.59400
39.59400
39.59400
39.59500
39.59600
39.59400
39.59400
39.59300
39.59200
39.59300
39.59300
39.59600
39.59800
39.59900
39.59900
39.59900
39.60100
39.60200
39.60200
39.60100
39.60100
39.60100
39.60100
39.60000
39.60300
39.60200
39.60300
39.60200
39.60100
39.59900
39.59600
39.59500
39.59700
39.59500
39.59500
39.59800
39.59800
39.59600
39.59600
39.59600
39.59800
39.59700
39.59800
39.59700
39.60000
39.60000
39.60000
39.60100
39.60100
39.59800
39.60000
39.60100
39.60000
39.60200
39.60000
39.60100
39.60300
39.60300
39.60300
39.60500
39.60500
39.60500
39.60500
39.60500
39.60600
39.60500
39.60700
39.60700
39.61000
39.61100
39.61300
39.61400
39.61500
39.61700
39.62300
39.62500
39.62600
39.62500
39.62400
39.62500
39.62500
39.62500
39.62700
39.62600
39.63100
39.63000
39.63000
39.62900
39.62800
39.62900
39.63100
39.63200
39.63300
39.63400
39.63400
39.63400
39.63500
39.63400
39.63900
39.63900
39.64100
39.64200
39.64100
39.64400
39.64400
39.64500
39.64800
39.65000
39.65300
39.65400
39.65300
39.65400
39.65400
39.65500
39.65700
39.65900
39.65500
39.65700
39.65900
39.66000
39.65800
39.66000
39.66300
39.66300
39.66200
39.66200
39.66400
39.66400
39.66400
39.66600
39.66500
39.66600
39.66600
39.66600
39.66600
39.66600
39.66900
39.67000
39.67100
39.67000
39.67100
39.67000
39.67000
39.67100
39.67300
39.67200
39.67100
39.67300
39.67300
39.67200
39.67600
39.67500
39.67300
39.67300
39.67300
39.67300
39.67700
39.67500
39.67500
39.67500
39.67300
39.67100
39.67300
39.67300
39.67400
39.67600
39.67300
39.67400
39.67200
39.67100
39.67200
39.67300
39.67400
39.67400
39.67300
39.67200
39.67000
39.67100
39.67100
39.67000
39.66900
39.67100
39.67200
39.67300
39.67000
39.67000
39.66900
39.67000
39.66900
39.67000
39.67000
39.66800
39.66800
39.66700
39.66700
39.66700
39.66600
39.66600
39.66500
39.66400
39.66400
39.66200
39.66300
39.66300
39.66300
39.66200
39.66100
39.66300
39.66400
39.66600
39.66500
39.66500
39.66500
39.66500
39.66500
39.66600
39.66700
39.66600
39.66600
39.66800
39.66600
39.66700
39.66500
39.66500
39.66400
39.66600
39.66500
39.66600
39.66800
39.66900
39.66900
39.67200
39.67400
39.67400
39.67300
39.67300
39.67300
39.67100
39.67100
39.67200
39.67200
39.67200
39.67400
39.67400
39.67400
39.67500
39.67400
39.67400
39.67400
39.67100
39.66900
39.66800
39.66800
39.66600
39.66700
39.66800
39.66800
39.66800
39.66700
39.66600
39.66600
39.67000
39.67200
39.67200
39.67100
39.67100
39.67200
39.67200
39.67400
39.67300
39.67500
39.67400
39.67500
39.67500
39.67900
39.67900
39.68300
39.68200
39.68000
39.68100
39.68000
39.68400
39.68400
39.68400
39.68400
39.68500
39.68700
39.68600
39.68600
39.68800
39.68900
39.68700
39.68800
39.68700
39.68900
39.69100
39.69200
39.69200
39.68900
39.68900
39.68700
39.68700
39.68600
39.68700
39.68500
39.68500
39.68600
39.68300
39.68500
39.68400
39.68500
39.68500
39.68600
39.68800
39.68800
39.68900
39.68900
39.68800
39.68800
39.68900
39.68800
39.69000
39.69300
39.69200
39.69200
39.69100
39.69100
39.69000
39.69100
39.68900
39.69100
39.69100
39.69100
39.69200
39.69200
39.69100
39.69100
39.69200
39.69100
39.69000
39.68900
39.69000
39.69100
39.69000
39.68700
39.68700
39.68600
39.68700
39.68500
39.68800
39.68700
39.68800
39.68900
39.68800
39.68700
39.68600
39.68800
39.68800
39.69200
39.69200
39.69100
39.69100
39.69100
39.69000
39.69200
39.69300
39.69000
39.68900
39.69000
39.69000
39.68800
39.68600
39.68900
39.68900
39.68800
39.68800
39.69000
39.69000
39.68900
39.69000
39.69200
39.69400
39.69500
39.69300
39.69500
39.69300
39.69400
39.69200
39.69300
39.69200
39.69200
39.69100
39.68900
39.68900
39.68800
39.68900
39.68800
39.68800
39.68900
39.68500
39.68700
39.68700
39.68400
39.68500
39.68500
39.68600
39.68700
39.68700
39.68600
39.68800
39.68700
39.68600
39.68500
39.68600
39.68300
39.68300
39.68300
39.68300
39.68300
39.68200
39.68300
39.68300
39.68400
39.68200
39.68300
39.68400
39.68500
39.68300
39.68200
39.68300
39.68200
39.68400
39.68400
39.68300
39.68400
39.68300
39.68300
39.68100
39.68000
39.67900
39.67900
39.67900
39.67700
39.67500
39.67400
39.67400
39.67300
39.67400
39.67200
39.67200
39.67200
39.67300
39.67500
39.67300
39.67000
39.67000
39.67000
39.66900
39.67000
39.67000
39.67100
39.67200
39.66900
39.67000
39.66800
39.67000
39.67100
39.67100
39.67200
39.67200
39.66900
39.66900
39.66700
39.66800
39.66800
39.66800
39.66900
39.66500
39.66400
39.66400
39.66200
39.66100
39.66100
39.66100
39.66100
39.65800
39.65900
39.65800
39.65800
39.65800
39.65800
39.65800
39.65900
39.66000
39.65800
39.65800
39.65900
39.65900
39.65800
39.65800
39.65500
39.65500
39.65400
39.65400
39.65600
39.65600
39.65800
39.65600
39.65600
39.65600
39.65700
39.65700
39.65500
39.65400
39.65200
39.65200
39.65100
39.65000
39.65300
39.65300
39.65100
39.65100
39.65400
39.65300
39.65200
39.65200
39.65100
39.65200
39.65000
39.64900
39.64900
39.64700
39.64600
39.64300
39.64400
39.64500
39.64600
39.64500
39.64700
39.64600
39.64600
39.64500
39.64500
39.64500
39.64600
39.64800
39.64500
39.64400
39.64300
39.64300
39.64100
39.64200
39.64200
39.64200
39.64100
39.64100
39.64200
39.64000
39.64200
39.64100
39.64000
39.64000
39.64000
39.64100
39.64000
39.63700
39.63800
39.63700
39.63700
39.63600
39.63500
39.63600
39.63600
39.63600
39.63600
39.63500
39.63700
39.63800
39.63900
39.63800
39.63900
39.63600
39.63500
39.63400
39.63500
39.63500
39.63600
39.63600
39.63500
39.63600
39.63500
39.63500
39.63400
39.63500
39.63300
39.63600
39.63500
39.63400
39.63600
39.63400
39.63500
39.63500
39.63300
39.63600
39.63600
39.63500
39.63600
39.63700
39.63500
39.63600
39.63500
39.63300
39.63400
39.63600
39.63400
39.63100
39.63300
39.63600
39.63400
39.63200
39.63400
39.63100
39.63100
39.63200
39.63400
39.63200
39.63400
39.63400
39.63400
39.63300
39.63200
39.63400
39.63400
39.63400
39.63300
39.63300
39.63700
39.63800
39.63600
39.63400
39.63500
39.63500
39.63500
39.63500
39.63800
39.63900
39.63800
39.64100
39.64000
39.64200
39.64000
39.64100
39.64000
39.64100
39.64100
39.64300
39.64200
39.64300
39.64300
39.64400
39.64500
39.64500
39.64400
39.64600
39.64600
39.64700
39.64900
39.64800
39.64800
39.65000
39.65100
39.65200
39.65300
39.65500
39.65500
39.65400
39.65600
39.65700
39.65700
39.66100
39.66100
39.66000
39.66300
39.66400
39.66500
39.66500
39.66700
39.66900
39.67200
39.67300
39.67400
39.67500
39.67600
39.67700
39.67700
39.67900
39.66444
39.66444
39.66667
39.66667
39.67111
39.67222
39.71250
39.71625
39.71625
39.66714
39.66714
39.64500
39.64833
39.65167
39.72200
39.72667
39.72667
39.83500
39.86000
39.87000
39.87000
