0.00000
0.00000
0.00000
0.00000
0.00000
0.00000
0.00000
0.00000
0.00000
0.00000
0.00000
0.00000
0.00000
0.00000
0.00000
0.00000
0.00000
0.00000
3.40000
8.95000
8.95000
8.95000
8.95000
8.95000
10.60000
10.60000
12.28300
12.28300
12.28300
16.28300
16.28300
16.28300
16.16600
16.32600
17.77500
17.77500
18.22500
19.24200
23.22400
24.40300
25.24100
25.42400
26.03600
26.59800
26.43700
26.64000
26.48000
26.12600
26.21200
26.66100
26.85300
26.97000
26.92300
27.36500
27.34800
27.61500
27.64900
27.84200
27.93300
27.99000
28.19500
28.36800
28.12100
28.25200
28.39300
28.39200
28.32300
28.44200
28.55000
28.56400
28.71000
28.76300
28.88300
29.02000
29.09800
29.31600
29.27300
29.31100
29.41600
29.53800
29.52300
29.43700
29.52700
29.51700
29.59900
29.51600
29.44600
29.47500
29.43900
29.42800
29.52000
29.47000
29.47400
29.47800
29.53900
29.50400
29.50400
29.55800
29.61900
29.68100
29.70400
29.75300
29.80300
29.87200
29.90600
29.97900
30.08300
30.09000
30.11100
30.10800
30.08300
30.10800
30.15200
30.14900
30.16000
30.19900
30.05500
30.00500
30.01700
30.11200
30.13200
30.11400
30.11100
30.17200
30.19400
30.16500
30.23600
30.21100
30.22900
30.34500
30.33900
30.37300
30.32700
30.34700
30.39500
30.45400
30.51000
30.53700
30.57000
30.56200
30.51400
30.49800
30.48000
30.50600
30.50700
30.48800
30.44200
30.42300
30.42700
30.45100
30.49400
30.51500
30.52100
30.50300
30.48600
30.52600
30.54600
30.56700
30.57100
30.55200
30.54900
30.59300
30.66400
30.69000
30.72000
30.67500
30.72500
30.74400
30.71300
30.72400
30.70300
30.71700
30.76400
30.75900
30.73800
30.67200
30.66100
30.65700
30.70100
30.71000
30.69900
30.70200
30.69300
30.69400
30.72900
30.75200
30.78600
30.81700
30.85700
30.86600
30.87500
30.85600
30.85700
30.78200
30.74100
30.71400
30.70300
30.71700
30.75400
30.74400
30.74500
30.74300
30.71900
30.70200
30.75600
30.70500
30.70800
30.71900
30.71500
30.72300
30.77000
30.76100
30.79200
30.81700
30.81700
30.82000
30.80500
30.79500
30.78300
30.79500
30.80300
30.82900
30.81800
30.78800
30.79500
30.80400
30.82200
30.82000
30.80000
30.79600
30.81000
30.81200
30.83800
30.85300
30.86600
30.87600
30.88500
30.87500
30.86100
30.85900
30.85800
30.86700
30.88300
30.86100
30.84100
30.84800
30.82000
30.80900
30.81500
30.82700
30.86000
30.87100
30.86200
30.87300
30.87300
30.89300
30.91300
30.90700
30.88700
30.89400
30.89600
30.90200
30.93900
30.93000
30.96200
30.96800
30.95300
30.95100
30.97200
31.00100
31.00900
31.03100
31.02600
31.03400
31.03300
31.03400
31.03800
31.03000
31.01000
31.03200
31.03900
31.05100
31.06400
31.08600
31.06300
31.05100
31.03200
31.04800
31.03600
31.01400
31.02600
31.01800
31.00300
31.01600
31.02800
31.00400
31.01100
31.01400
31.02000
31.02700
31.02300
31.00500
30.99600
30.98600
30.98800
30.98000
30.97500
30.98000
30.97800
30.98900
30.99600
30.99600
30.97700
30.99500
30.98500
30.97200
30.97600
30.96800
30.94600
30.96400
30.96100
30.95900
30.96500
30.98200
30.97200
30.97700
30.94200
30.94900
30.94600
30.95100
30.94600
30.95500
30.94100
30.92700
30.93600
30.93700
30.94200
30.95500
30.94900
30.94400
30.93100
30.94200
30.94500
30.93800
30.92800
30.89700
30.86800
30.85700
30.83700
30.84700
30.83700
30.83400
30.83200
30.83400
30.81700
30.80800
30.82500
30.79600
30.79700
30.78600
30.78900
30.78900
30.78700
30.77900
30.78100
30.77800
30.78300
30.77900
30.77200
30.76800
30.75800
30.74500
30.74200
30.73700
30.73800
30.74400
30.74700
30.73900
30.70900
30.70500
30.70100
30.70700
30.73500
30.73700
30.75900
30.75200
30.75400
30.76100
30.76600
30.76100
30.76500
30.77400
30.74400
30.76700
30.74500
30.74500
30.74600
30.74200
30.72900
30.73400
30.75200
30.76300
30.76900
30.76100
30.74700
30.74700
30.74900
30.74500
30.75700
30.75500
30.75700
30.75700
30.74300
30.76100
30.76300
30.76200
30.76700
30.76000
30.76800
30.77100
30.77400
30.76800
30.77500
30.76800
30.76300
30.75900
30.75700
30.75000
30.75600
30.73700
30.76700
30.76700
30.76800
30.77300
30.78200
30.78900
30.80100
30.80500
30.80100
30.80000
30.80300
30.80200
30.79700
30.80200
30.81300
30.81400
30.81900
30.82600
30.83600
30.84000
30.85100
30.85300
30.85200
30.86400
30.86300
30.87100
30.87400
30.87600
30.86400
30.87700
30.86800
30.88400
30.88000
30.87800
30.88400
30.88200
30.88900
30.87200
30.86500
30.87700
30.87100
30.86300
30.84400
30.84800
30.85100
30.84300
30.82900
30.80600
30.81000
30.82000
30.83600
30.85200
30.85400
30.84200
30.85400
30.86000
30.84300
30.84100
30.84300
30.84000
30.85100
30.84300
30.84600
30.83500
30.83800
30.83800
30.84300
30.85300
30.85100
30.83000
30.83800
30.84500
30.82900
30.83300
30.84700
30.85300
30.87000
30.86600
30.85800
30.85800
30.84600
30.85300
30.85500
30.83600
30.82700
30.82900
30.83400
30.83600
30.83700
30.83500
30.86200
30.87200
30.87900
30.88200
30.88900
30.89700
30.88700
30.90000
30.90600
30.90000
30.90200
30.89300
30.89900
30.90700
30.91900
30.93000
30.93500
30.94900
30.93700
30.94100
30.94700
30.93700
30.93800
30.95500
30.95700
30.95200
30.95500
30.95600
30.95700
30.95800
30.95700
30.95700
30.94200
30.94300
30.93100
30.93200
30.92500
30.94200
30.93800
30.94600
30.94700
30.93300
30.90600
30.89500
30.89800
30.90300
30.92000
30.90900
30.90900
30.91600
30.91000
30.90600
30.90300
30.90000
30.91500
30.92600
30.92500
30.92300
30.93800
30.92700
30.91400
30.91600
30.91900
30.92200
30.93000
30.92800
30.91200
30.92300
30.92200
30.92900
30.92900
30.93000
30.94700
30.95800
30.96400
30.96000
30.96700
30.96400
30.96800
30.95400
30.95000
30.94700
30.94400
30.94800
30.94500
30.95400
30.93400
30.93700
30.94200
30.94200
30.95500
30.96200
30.96100
30.96800
30.95900
30.96600
30.97500
30.97000
30.98300
30.98400
30.98300
30.98100
30.97000
30.96700
30.97100
30.95700
30.96200
30.96200
30.96500
30.96200
30.95200
30.94800
30.95300
30.95700
30.94900
30.94800
30.95200
30.95700
30.95600
30.96700
30.96800
30.96600
30.96700
30.95800
30.96200
30.96000
30.96400
30.96100
30.96900
30.96700
30.97200
30.96800
30.96900
30.98000
30.97700
30.98000
30.98600
30.98800
30.99100
30.99800
30.99800
30.99300
30.99200
30.99100
30.98600
30.99100
30.99700
30.99000
30.99800
30.99000
30.98800
30.97900
30.97800
30.98500
30.99200
30.99300
30.99500
31.00000
31.01100
31.01000
31.01900
31.01600
31.01500
31.01400
31.02500
31.02000
31.02900
31.03100
31.03000
31.02800
31.03600
31.03900
31.04300
31.04000
31.04700
31.04600
31.05200
31.05900
31.06100
31.05500
31.05800
31.05900
31.06000
31.06100
31.06800
31.04200
31.04600
31.03500
31.03700
31.03400
31.04100
31.04800
31.03900
31.04100
31.02700
31.02800
31.03000
31.03000
31.02800
31.02500
31.03400
31.03600
31.03400
31.04100
31.04000
31.05500
31.05900
31.06000
31.07200
31.07000
31.05900
31.06400
31.06700
31.06500
31.07100
31.07500
31.07700
31.08300
31.08400
31.08400
31.07600
31.08200
31.08200
31.08100
31.08500
31.08100
31.08100
31.08900
31.09200
31.08700
31.09200
31.09600
31.08900
31.09900
31.09800
31.10500
31.10500
31.10800
31.11500
31.12700
31.12500
31.12300
31.11800
31.12200
31.10900
31.11200
31.11600
31.11600
31.12800
31.12600
31.12700
31.11700
31.12300
31.12300
31.12700
31.13300
31.14500
31.14900
31.14600
31.13800
31.15600
31.14200
31.14700
31.15100
31.13400
31.13600
31.13600
31.14200
31.14100
31.14100
31.14400
31.14200
31.15300
31.15400
31.15600
31.15000
31.14800
31.14500
31.14700
31.14500
31.14800
31.15100
31.14400
31.14100
31.14100
31.13800
31.13300
31.13200
31.12900
31.12900
31.12700
31.12600
31.12200
31.12500
31.12200
31.12200
31.11900
31.10900
31.10500
31.10700
31.10500
31.10800
31.09900
31.09500
31.09800
31.09000
31.09500
31.09300
31.09400
31.09300
31.09300
31.09000
31.08900
31.09000
31.08300
31.08600
31.09400
31.09000
31.09000
31.08700
31.09400
31.09000
31.09400
31.09000
31.09400
31.09300
31.09300
31.09700
31.09900
31.08300
31.08700
31.08300
31.07900
31.07900
31.08800
31.08000
31.07900
31.08200
31.08400
31.08900
31.09100
31.09900
31.09300
31.08900
31.09000
31.09500
31.08900
31.08200
31.08600
31.09000
31.08300
31.08600
31.08400
31.08500
31.08300
31.07900
31.07500
31.08000
31.08100
31.08700
31.09100
31.09200
31.09900
31.10300
31.09800
31.10400
31.09600
31.10000
31.09300
31.09000
31.09000
31.09700
31.09200
31.09300
31.09800
31.09700
31.09600
31.09600
31.09300
31.09600
31.08900
31.09000
31.09400
31.09600
31.09900
31.09800
31.09800
31.10400
31.10100
31.09900
31.10000
31.10500
31.11400
31.11800
31.12000
31.11600
31.12000
31.12300
31.13100
31.12900
31.12800
31.12900
31.13100
31.12700
31.12700
31.12800
31.12500
31.12700
31.12200
31.12100
31.12200
31.11900
31.12200
31.11300
31.11000
31.11200
31.11600
31.10500
31.10700
31.10900
31.10500
31.10400
31.10700
31.09900
31.09700
31.09300
31.10000
31.10400
31.10300
31.09700
31.09800
31.09600
31.08900
31.09100
31.09400
31.09200
31.10100
31.10400
31.10000
31.09400
31.09300
31.09000
31.09000
31.09100
31.09400
31.09700
31.09900
31.09500
31.09400
31.09100
31.08300
31.07900
31.08100
31.07500
31.06900
31.07100
31.07300
31.07600
31.07900
31.07600
31.07200
31.07000
31.06800
31.06700
31.06200
31.06100
31.06400
31.06700
31.06600
31.06700
31.06500
31.06500
31.06200
31.06300
31.06600
31.06900
31.07400
31.07600
31.07400
31.06900
31.06700
31.07500
31.07700
31.06800
31.07200
31.07300
31.07000
31.07400
31.07600
31.07100
31.06900
31.07300
31.07000
31.07400
31.07800
31.07500
31.07700
31.07600
31.06800
31.06900
31.07600
31.08700
31.09200
31.09000
31.09300
31.10000
31.09300
31.09100
31.08900
31.09300
31.09800
31.10200
31.09900
31.10200
31.10100
31.10000
31.10500
31.10300
31.10400
31.10300
31.10700
31.10300
31.10500
31.10900
31.10800
31.10700
31.11100
31.11100
31.10700
31.10400
31.10400
31.10400
31.10600
31.10300
31.09900
31.10200
31.10100
31.10400
31.10900
31.10500
31.10300
31.10500
31.10600
31.10700
31.10600
31.10700
31.11300
31.11500
31.11500
31.11800
31.12000
31.11700
31.12200
31.12000
31.12200
31.12200
31.12200
31.12000
31.12300
31.11800
31.12500
31.13000
31.13500
31.13500
31.13100
31.13600
31.13200
31.13600
31.13300
31.13200
31.13800
31.14000
31.14300
31.13300
31.14100
31.14700
31.15200
31.14300
31.14700
31.15400
31.15100
31.14800
31.15300
31.15200
31.15600
31.15800
31.16100
31.16100
31.16300
31.16200
31.15800
31.15400
31.14800
31.15100
31.14800
31.15100
31.14900
31.14900
31.14700
31.14700
31.14200
31.14500
31.14700
31.14800
31.15300
31.15300
31.15200
31.14400
31.14100
31.13300
31.13200
31.13300
31.11900
31.11600
31.11800
31.11700
31.11400
31.11100
31.10800
31.10300
31.10300
31.10400
31.10700
31.10400
31.10500
31.10300
31.09900
31.09400
31.09100
31.08800
31.08800
31.08300
31.08400
31.08400
31.09000
31.09100
31.09700
31.10100
31.09800
31.10200
31.10200
31.09900
31.10200
31.10600
31.10300
31.10700
31.10500
31.10000
31.10000
31.10000
31.09700
31.09500
31.09700
31.09900
31.09600
31.09500
31.09500
31.10000
31.09900
31.09700
31.10400
31.10600
31.11300
31.11700
31.11800
31.11800
31.12300
31.12600
31.12500
31.12500
31.12800
31.12200
31.13100
31.13200
31.13400
31.13500
31.13700
31.13800
31.13600
31.13600
31.13500
31.13500
31.13200
31.13800
31.14500
31.14500
31.14700
31.14700
31.14600
31.14100
31.14300
31.14000
31.13800
31.13200
31.13100
31.13700
31.13800
31.14000
31.13900
31.12800
31.12600
31.13100
31.13100
31.12900
31.12700
31.12800
31.12600
31.12500
31.12500
31.12400
31.12300
31.11900
31.11200
31.11000
31.11300
31.12000
31.12300
31.11500
31.11800
31.11900
31.11600
31.11700
31.12100
31.12200
31.12800
31.13000
31.12600
31.13100
31.12900
31.12700
31.12900
31.13100
31.12400
31.12300
31.12900
31.13200
31.13300
31.13300
31.13100
31.13400
31.13500
31.13500
31.12800
31.12900
31.12500
31.13000
31.12700
31.13200
31.13300
31.12800
31.12300
31.12300
31.12200
31.11400
31.11600
31.12100
31.11400
31.11200
31.10500
31.10500
31.10300
31.10700
31.10600
31.10400
31.10800
31.10800
31.11100
31.11100
31.11300
31.11000
31.11300
31.11500
31.11200
31.10700
31.10600
31.10200
31.09600
31.09800
31.10400
31.10300
31.09500
31.09500
31.09700
31.10400
31.10400
31.10500
31.10400
31.10600
31.10800
31.10700
31.10600
31.10600
31.10500
31.10600
31.10400
31.10700
31.10300
31.09900
31.09700
31.09600
31.09600
31.09400
31.09300
31.09200
31.08800
31.08600
31.08900
31.08700
31.08400
31.08300
31.08200
31.08600
31.08900
31.09100
31.09000
31.08600
31.09000
31.08800
31.08900
31.09000
31.09000
31.09400
31.08900
31.09000
31.09300
31.09400
31.09600
31.09600
31.09700
31.10200
31.10400
31.10400
31.10600
31.10800
31.10800
31.10700
31.10700
31.10400
31.10200
31.10200
31.10100
31.10200
31.10400
31.10500
31.10500
31.10300
31.10600
31.10400
31.10000
31.10400
31.10700
31.10800
31.10800
31.11400
31.11600
31.11300
31.11800
31.11800
31.12000
31.11900
31.12000
31.12000
31.12100
31.12000
31.11600
31.12000
31.11900
31.12200
31.12300
31.12400
31.12700
31.13000
31.13100
31.13100
31.13300
31.13700
31.13000
31.13100
31.13100
31.13000
31.13000
31.13000
31.12600
31.12500
31.12600
31.12500
31.12400
31.11900
31.12100
31.11800
31.11800
31.12300
31.12000
31.12200
31.11700
31.12300
31.12300
31.12100
31.11900
31.12200
31.11600
31.11600
31.11700
31.11800
31.12000
31.11800
31.11800
31.12000
31.12000
31.12100
31.11700
31.11900
31.12100
31.12300
31.12600
31.12700
31.12800
31.12800
31.12400
31.12600
31.12600
31.13000
31.12800
31.12900
31.12800
31.12500
31.12700
31.12700
31.12600
31.12500
31.12400
31.12600
31.12400
31.11900
31.11700
31.11400
31.11400
31.11300
31.10900
31.10800
31.10200
31.10200
31.10300
31.09900
31.09600
31.09100
31.09000
31.08800
31.09200
31.09700
31.09600
31.09800
31.09400
31.08800
31.09000
31.09400
31.08800
31.08700
31.08500
31.09200
31.09200
31.09200
31.09300
31.09400
31.09500
31.09100
31.09600
31.10000
31.10500
31.10100
31.10000
31.09400
31.09300
31.09400
31.09600
31.09300
31.09400
31.09200
31.09300
31.09400
31.09800
31.10300
31.10600
31.10400
31.09800
31.09700
31.10100
31.10400
31.10800
31.10600
31.10500
31.10800
31.11500
31.11000
31.11100
31.11300
31.11800
31.11900
31.11900
31.12100
31.11700
31.10900
31.10600
31.10900
31.10500
31.10300
31.10100
31.09800
31.10200
31.09800
31.10000
31.09700
31.09800
31.09800
31.09700
31.10000
31.10000
31.10300
31.10200
31.10000
31.10100
31.09900
31.10100
31.10000
31.09900
31.09700
31.09800
31.10000
31.09900
31.09800
31.09600
31.09800
31.09500
31.09300
31.09200
31.09200
31.09200
31.09000
31.09000
31.08800
31.08700
31.08900
31.08700
31.09000
31.08600
31.08400
31.08600
31.08400
31.08400
31.07900
31.08200
31.08300
31.08300
31.08600
31.08500
31.08600
31.09100
31.09100
31.09200
31.09100
31.08700
31.09000
31.09400
31.08800
31.09000
31.08600
31.08000
31.08400
31.08400
31.08800
31.08900
31.08700
31.08200
31.08500
31.08700
31.08700
31.09000
31.09000
31.09100
31.08700
31.08600
31.08800
31.08600
31.08300
31.08100
31.07800
31.07500
31.07500
31.07600
31.07300
31.07000
31.07100
31.07000
31.07200
31.07800
31.06500
31.06400
31.06400
31.06600
31.06500
31.06600
31.07100
31.06800
31.06900
31.06600
31.06600
31.06400
31.06500
31.06200
31.06100
31.06400
31.06300
31.06700
31.06500
31.06300
31.06300
31.06500
31.06400
31.06400
31.06700
31.06900
31.06800
31.06800
31.06700
31.07100
31.07100
31.06400
31.06300
31.06100
31.05500
31.05800
31.06100
31.05600
31.05300
31.05000
31.04800
31.04400
31.04300
31.04400
31.04400
31.04200
31.03900
31.04000
31.03600
31.03800
31.03900
31.03500
31.03400
31.03400
31.03300
31.03100
31.02700
31.02800
31.02800
31.02900
31.02700
31.02800
31.02900
31.02900
31.02700
31.02600
31.03000
31.03400
31.03500
31.03700
31.03700
31.03800
31.03800
31.04000
31.03700
31.03500
31.03600
31.03300
31.03300
31.03000
31.02300
31.02400
31.02600
31.02700
31.02300
31.02000
31.01700
31.01600
31.01800
31.01900
31.01800
31.02000
31.02000
31.02100
31.02000
31.02000
31.02400
31.02500
31.02200
31.01900
31.01900
31.01700
31.01500
31.01100
31.01500
31.01300
31.01300
31.01400
31.01900
31.01900
31.01800
31.01400
31.01100
31.01000
31.00600
31.00800
31.00400
31.01000
31.00900
31.00900
31.00800
31.01100
31.01200
31.01200
31.01700
31.01700
31.01500
31.00800
31.00500
31.00700
31.00900
31.00700
31.00500
31.00500
31.00300
31.00400
31.00600
31.00600
31.00600
31.00700
31.00600
31.00300
31.00400
31.00600
31.01000
31.01000
31.01300
31.01400
31.01000
31.01600
31.01600
31.01900
31.02200
31.02000
31.01800
31.01400
31.01800
31.01600
31.01800
31.01800
31.01800
31.01600
31.01900
31.02100
31.02700
31.02700
31.02700
31.03200
31.02800
31.02800
31.02900
31.03000
31.03300
31.03200
31.02700
31.02300
31.02400
31.02600
31.02500
31.02700
31.02600
31.02200
31.01700
31.01800
31.01900
31.01700
31.01400
31.01200
31.01200
31.01500
31.01300
31.01300
31.01200
31.01100
31.01500
31.01400
31.01700
31.01800
31.01800
31.01600
31.01300
31.02000
31.01600
31.01800
31.02000
31.02000
31.01700
31.01300
31.01000
31.01000
31.01000
31.00900
31.00700
31.00400
30.99400
30.99500
30.99200
30.99100
30.98900
30.99300
30.99000
30.98600
30.98900
30.98800
30.98900
30.98900
30.98200
30.98200
30.98300
30.98500
30.98500
30.98500
30.98600
30.98700
30.98800
30.99100
30.99300
30.99000
30.99200
30.99000
30.98900
30.98900
30.98700
30.98700
30.98700
30.99100
30.99100
30.99200
30.99000
30.99200
30.99200
30.98900
30.98600
30.98400
30.98400
30.98200
30.98300
30.98700
30.98600
30.98900
30.98800
30.98700
30.98600
30.98300
30.98300
30.98200
30.97900
30.97800
30.97800
30.97700
30.97600
30.97500
30.97400
30.97400
30.97500
30.97800
30.97400
30.97400
30.97200
30.97400
30.97100
30.97100
30.97400
30.97400
30.97400
30.97500
30.97600
30.97700
30.97800
30.98000
30.98000
30.97700
30.97600
30.97600
30.97200
30.97000
30.96600
30.96600
30.96500
30.96300
30.96200
30.96100
30.95700
30.96000
30.96000
30.96100
30.96400
30.96800
30.96900
30.96900
30.96800
30.96600
30.96700
30.96700
30.96600
30.96700
30.96800
30.96700
30.96800
30.96700
30.96600
30.96600
30.96800
30.96900
30.96900
30.97000
30.97000
30.96600
30.97100
30.96800
30.96800
30.96700
30.96900
30.96900
30.96500
30.96500
30.96600
30.96600
30.96700
30.97200
30.96800
30.96800
30.96900
30.96700
30.96800
30.96700
30.97400
30.97500
30.97600
30.97500
30.97500
30.97600
30.97700
30.97800
30.98100
30.97800
30.97700
30.98000
30.98300
30.98100
30.97900
30.98000
30.98100
30.97900
30.97600
30.97300
30.97400
30.97500
30.97400
30.96900
30.96800
30.96700
30.96600
30.96700
30.96600
30.96400
30.96500
30.96200
30.96200
30.95900
30.96000
30.96100
30.96100
30.96200
30.95800
30.95800
30.95900
30.96100
30.96000
30.96000
30.95700
30.95900
30.96000
30.95900
30.96000
30.96000
30.95800
30.96000
30.96000
30.95900
30.95600
30.96200
30.96200
30.96100
30.96300
30.96200
30.96200
30.96100
30.96000
30.96500
30.96200
30.96300
30.96400
30.96300
30.95800
30.95900
30.95600
30.95800
30.95900
30.96200
30.96300
30.96700
30.96900
30.97000
30.96600
30.96600
30.96500
30.96500
30.96400
30.96300
30.95800
30.95500
30.95600
30.95400
30.95300
30.95400
30.95700
30.95600
30.95800
30.95900
30.95700
30.95700
30.95600
30.95700
30.95700
30.95800
30.95700
30.95400
30.95400
30.95100
30.95200
30.95400
30.95400
30.95300
30.95300
30.95500
30.95600
30.95500
30.95400
30.95200
30.95200
30.95300
30.95300
30.95500
30.95700
30.95700
30.95600
30.95700
30.95600
30.95800
30.95800
30.95900
30.96100
30.95800
30.96000
30.96400
30.96400
30.96500
30.96500
30.96800
30.97200
30.97000
30.97100
30.96900
30.96800
30.96900
30.96900
30.97400
30.97400
30.97500
30.97500
30.97500
30.97100
30.96800
30.96900
30.97000
30.97200
30.97100
30.97300
30.97200
30.96800
30.96700
30.96600
30.96600
30.96800
30.96400
30.96700
30.96200
30.96400
30.96400
30.96700
30.96900
30.96800
30.96900
30.97200
30.97200
30.97100
30.97100
30.96600
30.96500
30.96400
30.96300
30.96300
30.96200
30.96300
30.96200
30.95800
30.95700
30.95900
30.95800
30.95800
30.95900
30.95800
30.95700
30.95800
30.96000
30.96300
30.96400
30.96500
30.96300
30.96100
30.96200
30.96000
30.95900
30.95800
30.95800
30.96100
30.96100
30.96300
30.96300
30.96300
30.96600
30.96800
30.96500
30.96500
30.96400
30.96600
30.96700
30.96500
30.97000
30.96400
30.96400
30.96300
30.95900
30.96100
30.96200
30.96800
30.96900
30.97300
30.97100
30.96900
30.96900
30.96900
30.96800
30.96700
30.97100
30.97000
30.97000
30.97300
30.97500
30.97600
30.98000
30.97900
30.98000
30.97500
30.97500
30.97900
30.98100
30.98300
30.98500
30.98600
30.98500
30.98600
30.98900
30.99200
30.99000
30.99200
30.99400
30.99400
30.99400
30.99600
30.99600
30.99700
30.99900
30.99800
30.99900
30.99900
31.00100
30.99800
30.99700
30.99800
30.99600
30.99400
30.99400
30.99400
30.99400
30.99700
30.99700
30.99500
31.00000
31.00000
30.99500
30.99500
30.99600
30.99500
30.99500
30.99600
30.99900
30.99800
30.99900
31.00000
30.99900
30.99900
31.00100
31.00100
30.99700
30.99800
30.99700
30.99800
31.00000
30.99800
30.99700
30.99900
30.99500
30.99400
30.99600
30.99600
31.00000
30.99300
30.99400
30.99300
30.99300
30.99100
30.99300
30.99100
30.99200
30.99300
30.99300
30.99500
30.99600
30.99600
30.99400
30.99500
30.99900
30.99500
30.99200
30.99200
30.99400
30.99600
31.00100
30.99800
31.00000
30.99600
30.99600
30.99400
30.99300
30.99300
30.99500
30.99300
30.99300
30.99300
30.99300
30.98900
30.98800
30.99100
30.99300
30.98900
30.98900
30.98800
30.99000
30.99100
30.98900
30.99200
30.99400
30.99200
30.99500
30.99200
30.99400
30.99400
30.99300
30.99300
30.99400
30.99300
30.99000
30.98900
30.99100
30.99000
30.98800
30.98700
30.98400
30.98500
30.98500
30.98600
30.98600
30.98400
30.98600
30.98500
30.98400
30.98300
30.98500
30.98400
30.98500
30.98300
30.98200
30.98200
30.98300
30.98400
30.98400
30.98500
30.98400
30.98200
30.98200
30.97800
30.97800
30.98000
30.97900
30.97800
30.97900
30.97900
30.97900
30.97900
30.98400
30.98200
30.98000
30.97800
30.97900
30.98000
30.97900
30.97900
30.98000
30.98200
30.97700
30.97000
30.97100
30.97000
30.96900
30.97200
30.97400
30.97200
30.97300
30.97200
30.97200
30.97100
30.97300
30.97400
30.97400
30.97200
30.97100
30.97200
30.97200
30.97500
30.97300
30.97300
30.97200
30.97600
30.97400
30.97300
30.97500
30.97400
30.97100
30.97000
30.97100
30.96900
30.96800
30.96700
30.96300
30.96100
30.96100
30.96200
30.96200
30.96100
30.96300
30.96400
30.96200
30.96200
30.96400
30.96400
30.96400
30.96500
30.96400
30.96500
30.96200
30.96300
30.96400
30.96400
30.96500
30.96300
30.96400
30.96300
30.96300
30.96300
30.96400
30.96500
30.96500
30.96300
30.96200
30.96300
30.96200
30.96300
30.96100
30.95900
30.95900
30.95900
30.95900
30.96100
30.96000
30.96000
30.96000
30.96100
30.95900
30.95800
30.96000
30.95600
30.95300
30.95600
30.95800
30.95700
30.95800
30.95700
30.95700
30.95900
30.95700
30.95600
30.95200
30.95300
30.95400
30.95400
30.95200
30.95600
30.95700
30.95800
30.96100
30.95900
30.95800
30.95800
30.96000
30.96000
30.95700
30.95500
30.95600
30.96200
30.96600
30.96500
30.96600
30.96800
30.96700
30.96900
30.97200
30.97200
30.97200
30.97300
30.97300
30.97300
30.97100
30.97300
30.97100
30.97200
30.96900
30.96900
30.96900
30.96900
30.96800
30.96800
30.96800
30.97000
30.96900
30.96900
30.96900
30.96900
30.97000
30.97000
30.97000
30.96800
30.97000
30.96700
30.96700
30.96600
30.96500
30.96800
30.96800
30.96600
30.96800
30.96700
30.96500
30.96800
30.96700
30.97100
30.96800
30.96700
30.96600
30.96600
30.96700
30.97000
30.96900
30.96900
30.96700
30.96800
30.96800
30.96800
30.96500
30.96700
30.96700
30.97000
30.96800
30.96800
30.96500
30.96400
30.96400
30.96400
30.96300
30.96300
30.96400
30.96400
30.96600
30.96400
30.96400
30.96500
30.96300
30.96800
30.96700
30.96800
30.96800
30.96700
30.96600
30.96400
30.96300
30.96300
30.96600
30.96500
30.96600
30.96200
30.96000
30.96100
30.96000
30.96100
30.96000
30.96300
30.96400
30.96100
30.96000
30.96000
30.95800
30.95900
30.95700
30.95800
30.95900
30.95800
30.95800
30.95900
30.95800
30.95800
30.95900
30.95800
30.96100
30.96000
30.96000
30.95900
30.96000
30.96000
30.96000
30.96100
30.95700
30.95800
30.95800
30.95400
30.95400
30.95400
30.95300
30.95200
30.95400
30.95500
30.95600
30.95700
30.95500
30.95400
30.95600
30.95700
30.95700
30.95500
30.95500
30.95700
30.95600
30.95500
30.95800
30.95800
30.95700
30.95700
30.95600
30.95700
30.95800
30.95800
30.95900
30.96000
30.96300
30.96500
30.96300
30.96200
30.96300
30.96200
30.96200
30.96500
30.96400
30.96200
30.96600
30.96800
30.96600
30.96900
30.97100
30.97000
30.97000
30.97000
30.97200
30.96800
30.96700
30.96700
30.96800
30.96500
30.96500
30.96600
30.96400
30.96500
30.96300
30.96400
30.96500
30.96300
30.96300
30.96200
30.96100
30.96000
30.96100
30.96200
30.96300
30.96600
30.96500
30.96500
30.96300
30.96200
30.96400
30.96400
30.96500
30.96400
30.96400
30.96600
30.96100
30.96100
30.96000
30.96100
30.96100
30.96000
30.96000
30.96000
30.95900
30.95900
30.95900
30.96000
30.96000
30.96300
30.96100
30.96100
30.96200
30.96300
30.96700
30.97000
30.96900
30.97200
30.97300
30.97400
30.96900
30.96900
30.96600
30.96400
30.96300
30.96300
30.96200
30.96000
30.96200
30.96100
30.95800
30.95900
30.96100
30.96100
30.96100
30.95900
30.95700
30.95600
30.95700
30.95700
30.95600
30.95600
30.95700
30.95500
30.95600
30.95700
30.96000
30.95900
30.95800
30.95800
30.95800
30.96000
30.96000
30.96100
30.95900
30.95600
30.95400
30.95400
30.95400
30.95500
30.95300
30.95300
30.95200
30.95300
30.95300
30.95300
30.95200
30.95200
30.95400
30.95100
30.95600
30.95500
30.95100
30.95000
30.94700
30.94600
30.94600
30.94700
30.94600
30.94600
30.94500
30.94400
30.94600
30.94500
30.94600
30.94400
30.94300
30.94200
30.94100
30.94200
30.94300
30.94200
30.94100
30.94500
30.94600
30.94800
30.94600
30.94700
30.94700
30.94700
30.94500
30.94600
30.94600
30.94500
30.94300
30.94000
30.94100
30.93800
30.93700
30.93800
30.93900
30.93900
30.93900
30.94000
30.94000
30.94100
30.94100
30.94000
30.93600
30.93600
30.93600
30.93600
30.93600
30.93600
30.93600
30.93300
30.93400
30.93300
30.93300
30.93500
30.93400
30.93700
30.93500
30.93500
30.93400
30.93100
30.93200
30.93500
30.93800
30.93600
30.93200
30.93400
30.93400
30.93500
30.93500
30.93400
30.93400
30.93700
30.93700
30.93400
30.93400
30.93400
30.93700
30.93400
30.93600
30.93800
30.94000
30.94100
30.93700
30.93700
30.93800
30.94000
30.94000
30.93900
30.94000
30.93900
30.93900
30.93600
30.93800
30.93800
30.93800
30.93900
30.93800
30.94000
30.94000
30.93700
30.93600
30.93800
30.93700
30.93500
30.93700
30.93600
30.93600
30.93400
30.93500
30.93600
30.93800
30.93700
30.93900
30.94100
30.94100
30.94000
30.93800
30.93700
30.93600
30.93500
30.93700
30.93700
30.93700
30.93500
30.93400
30.93400
30.93500
30.93500
30.93600
30.93800
30.93900
30.94000
30.93800
30.93500
30.93200
30.93400
30.93600
30.93600
30.93600
30.93300
30.93500
30.93600
30.93800
30.93800
30.93800
30.93600
30.93300
30.93200
30.93400
30.93600
30.93500
30.93500
30.93500
30.93400
30.93500
30.93500
30.93400
30.93400
30.93500
30.93200
30.93200
30.93300
30.93200
30.93300
30.93100
30.93100
30.92900
30.92800
30.92800
30.92500
30.92600
30.92800
30.92800
30.92800
30.92400
30.92500
30.92200
30.92300
30.92000
30.92400
30.92400
30.92400
30.92400
30.92400
30.92300
30.92200
30.92000
30.92200
30.92400
30.92100
30.92100
30.91900
30.92000
30.91900
30.91800
30.91900
30.91700
30.91900
30.92000
30.91600
30.91800
30.91900
30.92000
30.91800
30.91700
30.91400
30.91300
30.91200
30.91200
30.91200
30.91000
30.91300
30.91300
30.91400
30.91700
30.91800
30.91700
30.91700
30.91700
30.91700
30.91700
30.91900
30.91800
30.92100
30.92300
30.92400
30.92600
30.92500
30.92500
30.92700
30.92700
30.92500
30.92500
30.92300
30.92400
30.92600
30.92700
30.92500
30.92200
30.92100
30.92100
30.92400
30.92500
30.92500
30.92500
30.92400
30.92600
30.92300
30.92300
30.92200
30.92200
30.92100
30.92300
30.92500
30.92600
30.92600
30.92800
30.92800
30.92700
30.92800
30.92500
30.92300
30.92500
30.92500
30.92700
30.93000
30.93100
30.93000
30.93000
30.93200
30.93300
30.93400
30.93400
30.93500
30.93400
30.93300
30.93300
30.93400
30.93400
30.93600
30.93700
30.93900
30.94000
30.94100
30.94300
30.94000
30.93800
30.93500
30.93500
30.93600
30.93800
30.93700
30.93600
30.93400
30.93300
30.93600
30.93400
30.93200
30.93200
30.93200
30.93300
30.93300
30.93300
30.93300
30.93200
30.93200
30.93200
30.93400
30.93600
30.93700
30.93600
30.93700
30.93800
30.93700
30.93700
30.93700
30.93900
30.93900
30.94000
30.94000
30.94100
30.94100
30.93800
30.94000
30.93900
30.93900
30.93800
30.93900
30.94000
30.94500
30.94700
30.94700
30.94500
30.94500
30.94400
30.94500
30.94700
30.94800
30.94700
30.94600
30.94600
30.94900
30.94900
30.95000
30.95100
30.95000
30.95100
30.95400
30.95400
30.95600
30.95600
30.95700
30.95500
30.95400
30.95500
30.95400
30.95500
30.95500
30.95700
30.95700
30.95300
30.95100
30.95200
30.95100
30.95200
30.95400
30.95200
30.95300
30.95400
30.95200
30.95200
30.95200
30.95500
30.95500
30.95900
30.95800
30.95700
30.95600
30.95700
30.95900
30.95900
30.96000
30.96000
30.95900
30.95800
30.95600
30.95700
30.95600
30.95600
30.95700
30.96000
30.95800
30.95700
30.95700
30.95800
30.96000
30.95900
30.96000
30.96100
30.95800
30.95800
30.96000
30.96100
30.96200
30.96500
30.96500
30.96400
30.96300
30.96200
30.96200
30.96500
30.96500
30.96400
30.96500
30.96400
30.96300
30.96300
30.96000
30.95800
30.95700
30.95800
30.95500
30.95700
30.95700
30.95600
30.95600
30.95600
30.96000
30.95800
30.95700
30.95700
30.95700
30.95700
30.95500
30.95800
30.95700
30.95700
30.95800
30.95700
30.95800
30.95500
30.95600
30.95600
30.95700
30.95800
30.95700
30.95800
30.95500
30.95400
30.95400
30.95500
30.95800
30.95900
30.95700
30.95600
30.95900
30.95900
30.95800
30.95800
30.95700
30.95700
30.96000
30.96100
30.96200
30.96400
30.96300
30.96100
30.95700
30.95600
30.95900
30.95900
30.95800
30.95700
30.95600
30.95700
30.95600
30.95800
30.95500
30.95400
30.95400
30.95400
30.95300
30.95500
30.95600
30.95600
30.95300
30.95300
30.95300
30.95300
30.95300
30.95400
30.95800
30.95900
30.96000
30.96100
30.96100
30.96200
30.96100
30.96100
30.96200
30.96000
30.96100
30.96300
30.96200
30.96200
30.96100
30.96100
30.96100
30.96100
30.96200
30.96100
30.96100
30.96000
30.96200
30.96000
30.96000
30.95900
30.95900
30.96100
30.96000
30.95900
30.96100
30.96000
30.96000
30.95900
30.95900
30.96100
30.96000
30.96200
30.96200
30.96300
30.96500
30.96600
30.96700
30.96800
30.96700
30.96600
30.96700
30.96800
30.97000
30.97100
30.96900
30.96800
30.96800
30.96800
30.96800
30.97000
30.97100
30.97200
30.97500
30.97500
30.97600
30.97500
30.97300
30.97200
30.97100
30.97000
30.97000
30.97200
30.97400
30.97300
30.97300
30.97300
30.97300
30.97400
30.97200
30.97100
30.97000
30.96800
30.97100
30.96900
30.97200
30.97200
30.97300
30.97400
30.97300
30.97300
30.97400
30.97500
30.97300
30.97300
30.97200
30.97100
30.97300
30.97300
30.97500
30.97500
30.97500
30.97500
30.97600
30.97600
30.97800
30.97800
30.97900
30.97500
30.97400
30.97200
30.97400
30.97800
30.97800
30.97700
30.97600
30.97600
30.97600
30.97800
30.97800
30.97800
30.97500
30.97600
30.97500
30.97600
30.97700
30.97600
30.97600
30.97700
30.97800
30.97700
30.97700
30.97800
30.97900
30.98100
30.98100
30.98000
30.98100
30.97800
30.98000
30.97900
30.97900
30.97900
30.98100
30.98200
30.98000
30.98200
30.98400
30.98400
30.98300
30.98600
30.98700
30.98600
30.98700
30.98800
30.98900
30.98800
30.98900
30.98800
30.98800
30.98900
30.98900
30.98900
30.98800
30.98600
30.98600
30.98900
30.99100
30.99200
30.99200
30.99000
30.99100
30.99400
30.99500
30.99100
30.99300
30.99300
30.99300
30.99000
30.99000
30.98900
30.98900
30.98900
30.98900
30.99000
30.99000
30.99000
30.99000
30.99100
30.99100
30.99100
30.98900
30.99100
30.99200
30.99100
30.99100
30.99300
30.99400
30.99600
30.99400
30.99500
30.99600
30.99700
30.99800
30.99900
31.00000
31.00100
31.00300
31.00300
31.00200
31.00500
31.00500
31.00400
31.00300
31.00300
31.00400
31.00700
31.00500
31.00200
31.00300
31.00600
31.00700
31.00900
31.01000
31.01300
31.01200
31.01300
31.01500
31.01400
31.01600
31.01800
31.02000
31.01900
31.01700
31.01700
31.01700
31.01600
31.01700
31.01700
31.01900
31.01600
31.01700
31.01800
31.01700
31.01900
31.02000
31.02400
31.02600
31.02600
31.02600
31.02400
31.02400
31.02400
31.02700
31.02700
31.02700
31.02600
31.02600
31.03000
31.03000
31.02800
31.03100
31.03100
31.03100
31.03100
31.03100
31.03200
31.03300
31.03100
31.03300
31.03000
31.02900
31.03000
31.02800
31.03000
31.02900
31.03000
31.02900
31.02900
31.03200
31.03200
31.03100
31.03300
31.03300
31.03500
31.03600
31.03800
31.03700
31.03700
31.03800
31.03800
31.04000
31.04200
31.04300
31.04400
31.04200
31.04200
31.04200
31.04200
31.04200
31.04500
31.04600
31.04700
31.04900
31.04900
31.05100
31.05000
31.04900
31.04900
31.05100
31.05000
31.04900
31.05000
31.05000
31.04900
31.05200
31.05200
31.05200
31.05200
31.05500
31.05400
31.05500
31.05500
31.05400
31.05500
31.05900
31.05700
31.05700
31.05700
31.05700
31.05600
31.05600
31.05500
31.05700
31.05900
31.05800
31.05800
31.05700
31.05700
31.05900
31.05800
31.05700
31.05800
31.06000
31.05900
31.06000
31.05800
31.05700
31.06100
31.06000
31.05900
31.05800
31.05800
31.05900
31.05900
31.06200
31.06400
31.06300
31.06300
31.06300
31.06100
31.06100
31.06100
31.06000
31.06300
31.06200
31.06200
31.06200
31.06300
31.06200
31.06100
31.06300
31.06000
31.06200
31.06000
31.06000
31.06100
31.06300
31.06400
31.06500
31.06500
31.06500
31.06600
31.06600
31.06300
31.06400
31.06500
31.06100
31.06300
31.06300
31.06300
31.06400
31.06300
31.06600
31.06500
31.06500
31.06400
31.06200
31.06200
31.06000
31.06000
31.06000
31.05900
31.05900
31.05900
31.06000
31.05900
31.05800
31.05700
31.05700
31.05600
31.05800
31.05800
31.05700
31.05600
31.05300
31.05200
31.05200
31.05400
31.05400
31.05500
31.05600
31.05400
31.05400
31.05200
31.05200
31.05200
31.05400
31.05500
31.05500
31.05500
31.05600
31.05500
31.05600
31.05400
31.05200
31.05300
31.05400
31.05400
31.05100
31.05200
31.05200
31.05400
31.05400
31.05500
31.05500
31.05600
31.05600
31.05700
31.05700
31.05900
31.05600
31.05600
31.05700
31.05500
31.05600
31.05400
31.05300
31.05500
31.05300
31.05100
31.05300
31.05500
31.05500
31.05500
31.05500
31.05800
31.05700
31.05700
31.05700
31.05500
31.05500
31.05500
31.05400
31.05200
31.05100
31.05000
31.05300
31.05100
31.05100
31.05100
31.05400
31.05400
31.05400
31.05400
31.05300
31.05300
31.05500
31.05600
31.05600
31.05500
31.05700
31.05500
31.05400
31.05400
31.05500
31.05500
31.05200
31.05000
31.05000
31.05000
31.05200
31.05200
31.05600
31.05400
31.05600
31.05700
31.05700
31.05600
31.05600
31.05500
31.05500
31.05700
31.05500
31.05500
31.05500
31.05400
31.05300
31.05200
31.05000
31.05100
31.05000
31.05100
31.05100
31.05100
31.05500
31.05300
31.05200
31.05500
31.05600
31.05500
31.05500
31.05600
31.05800
31.05900
31.05800
31.06000
31.05900
31.06000
31.05900
31.05900
31.05800
31.05700
31.05800
31.06000
31.05900
31.05500
31.05400
31.05500
31.05500
31.05700
31.05900
31.05900
31.06100
31.06100
31.06200
31.06100
31.06100
31.06300
31.06300
31.06300
31.06000
31.05900
31.06100
31.06000
31.05900
31.05800
31.05700
31.05500
31.05600
31.05500
31.05300
31.05300
31.05400
31.05400
31.05300
31.05300
31.05500
31.05500
31.05400
31.05700
31.05600
31.05700
31.05800
31.05700
31.05500
31.05500
31.05500
31.05500
31.05400
31.05600
31.05500
31.05600
31.05600
31.05500
31.05600
31.05400
31.05100
31.05300
31.05300
31.05300
31.05400
31.05300
31.05500
31.05600
31.05600
31.05300
31.05400
31.05600
31.05600
31.05600
31.05800
31.05700
31.05700
31.05800
31.06000
31.06200
31.06200
31.06200
31.06300
31.06400
31.06400
31.06300
31.06300
31.06500
31.06600
31.06700
31.06800
31.06700
31.06600
31.06800
31.06900
31.07200
31.07100
31.07100
31.07100
31.07100
31.07100
31.07400
31.07200
31.07400
31.07300
31.07400
31.07300
31.07300
31.07300
31.07300
31.07500
31.07700
31.07500
31.07600
31.07700
31.07700
31.08000
31.08100
31.08000
31.08000
31.08100
31.08100
31.08200
31.08200
31.08100
31.08000
31.07900
31.07900
31.07900
31.08000
31.08100
31.08100
31.08200
31.08100
31.07900
31.08200
31.08200
31.08200
31.08100
31.08100
31.08100
31.08200
31.08200
31.08300
31.08300
31.08200
31.08100
31.08300
31.08500
31.08400
31.08600
31.08700
31.08500
31.08600
31.08800
31.08800
31.08900
31.09000
31.08900
31.08700
31.08800
31.09200
31.09200
31.09000
31.09100
31.09200
31.09400
31.09400
31.09500
31.09400
31.09200
31.09000
31.09100
31.09200
31.09300
31.09200
31.09200
31.09200
31.09100
31.09100
31.09200
31.09400
31.09400
31.09600
31.09500
31.09500
31.09500
31.09600
31.09600
31.09600
31.09400
31.09400
31.09300
31.09200
31.09200
31.09300
31.09000
31.09000
31.09300
31.09300
31.09100
31.09100
31.09000
31.09100
31.09100
31.09200
31.09000
31.08800
31.08900
31.08800
31.08600
31.08600
31.08800
31.08700
31.08900
31.09000
31.08900
31.08600
31.08800
31.08900
31.08900
31.08800
31.08700
31.09000
31.08900
31.09100
31.09500
31.09500
31.09500
31.09500
31.09400
31.09400
31.09500
31.09400
31.09100
31.09000
31.09200
31.09400
31.09500
31.09700
31.09500
31.09400
31.09300
31.09300
31.09200
31.09500
31.09600
31.09600
31.09500
31.09400
31.09400
31.09500
31.09500
31.09400
31.08900
31.08800
31.08800
31.08900
31.09100
31.09100
31.09400
31.09300
31.09400
31.09400
31.09300
31.09400
31.09500
31.09400
31.09500
31.09700
31.09600
31.09600
31.09400
31.09300
31.09300
31.09200
31.09100
31.09200
31.09200
31.09100
31.09000
31.08900
31.08900
31.08800
31.09100
31.09100
31.08900
31.08900
31.08900
31.08900
31.08800
31.08900
31.08900
31.08800
31.08800
31.08700
31.08900
31.09000
31.08800
31.09100
31.09100
31.09100
31.09200
31.09300
31.09100
31.09000
31.09000
31.09000
31.09000
31.09100
31.09000
31.09100
31.09200
31.09300
31.09400
31.09500
31.09600
31.09600
31.09500
31.09400
31.09500
31.09400
31.09400
31.09400
31.09600
31.09600
31.09600
31.09400
31.09500
31.09600
31.09800
31.09800
31.09700
31.09800
31.09700
31.09800
31.09900
31.09800
31.09600
31.09900
31.09900
31.09800
31.09600
31.09500
31.09500
31.09400
31.09300
31.09200
31.09100
31.09200
31.09100
31.09300
31.09200
31.09300
31.09500
31.09700
31.09600
31.09300
31.09200
31.09100
31.09100
31.09000
31.08900
31.08900
31.08700
31.08800
31.09000
31.09000
31.09000
31.09000
31.09000
31.09200
31.09500
31.09400
31.09500
31.09600
31.09600
31.09400
31.09400
31.09500
31.09500
31.09400
31.09400
31.09500
31.09400
31.09500
31.09400
31.09700
31.09600
31.09700
31.09700
31.09800
31.09800
31.09900
31.10000
31.09900
31.09900
31.10100
31.10000
31.10000
31.09800
31.09900
31.10100
31.09900
31.09800
31.09900
31.10000
31.09900
31.09900
31.09900
31.09900
31.10000
31.10000
31.09800
31.09900
31.09800
31.09900
31.09800
31.09700
31.09900
31.09600
31.09600
31.09600
31.09600
31.09600
31.09500
31.09400
31.09300
31.09300
31.09300
31.09300
31.09200
31.09000
31.08900
31.09100
31.08800
31.09000
31.08900
31.09000
31.08900
31.08800
31.08900
31.09000
31.09100
31.09100
31.09100
31.09100
31.08900
31.08900
31.08900
31.08900
31.08900
31.08800
31.08600
31.08700
31.08600
31.08800
31.08800
31.08600
31.08800
31.08700
31.08900
31.09000
31.09000
31.08800
31.08800
31.08900
31.09000
31.08900
31.09000
31.09200
31.09200
31.09200
31.09300
31.09300
31.09300
31.09100
31.09100
31.09100
31.09100
31.09100
31.09100
31.09200
31.09200
31.09200
31.09200
31.09200
31.09100
31.09100
31.09200
31.09300
31.09300
31.09300
31.09300
31.09300
31.09400
31.09300
31.09000
31.09300
31.09200
31.09400
31.09500
31.09400
31.09600
31.09600
31.09500
31.09600
31.09500
31.09600
31.09500
31.09400
31.09600
31.09700
31.09800
31.09600
31.09500
31.09600
31.09500
31.09400
31.09500
31.09400
31.09200
31.09400
31.09500
31.09500
31.09700
31.09900
31.10000
31.09900
31.09700
31.09800
31.09700
31.09700
31.09900
31.10100
31.09900
31.09900
31.10000
31.09900
31.09800
31.09900
31.10000
31.10000
31.09900
31.09900
31.10000
31.10000
31.09900
31.10000
31.09800
31.09600
31.09500
31.09500
31.09600
31.09500
31.09600
31.09500
31.09400
31.09300
31.09200
31.09200
31.09000
31.09100
31.09100
31.09100
31.09000
31.09200
31.09300
31.09300
31.09000
31.09000
31.08800
31.08900
31.09000
31.09200
31.09200
31.09200
31.09100
31.09100
31.09200
31.09100
31.09200
31.09000
31.08900
31.08900
31.08900
31.09000
31.09100
31.09300
31.09200
31.09200
31.09200
31.09500
31.09600
31.09700
31.09700
31.09900
31.09800
31.09700
31.09700
31.09600
31.09800
31.09700
31.09800
31.09900
31.10000
31.09600
31.09700
31.09700
31.09800
31.09900
31.10200
31.10000
31.10100
31.10100
31.10200
31.10400
31.10400
31.10400
31.10300
31.10400
31.10500
31.10400
31.10300
31.10400
31.10500
31.10500
31.10300
31.10300
31.10300
31.10500
31.10500
31.10500
31.10500
31.10500
31.10500
31.10600
31.10700
31.10600
31.10500
31.10300
31.10400
31.10400
31.10400
31.10400
31.10400
31.10300
31.10200
31.10200
31.10100
31.10100
31.10000
31.10100
31.10300
31.10200
31.10300
31.10300
31.10300
31.10400
31.10400
31.10200
31.10400
31.10400
31.10300
31.10400
31.10200
31.10100
31.10300
31.10200
31.10000
31.10200
31.10300
31.10200
31.09800
31.09800
31.09800
31.09800
31.09800
31.10000
31.10100
31.10100
31.10000
31.10100
31.10100
31.10200
31.10200
31.10100
31.10000
31.10100
31.10000
31.09800
31.09600
31.09600
31.09700
31.09700
31.09700
31.09700
31.09600
31.09500
31.09600
31.09600
31.09800
31.09800
31.10000
31.10000
31.09900
31.09900
31.10000
31.09900
31.09800
31.09900
31.10000
31.10100
31.10200
31.10300
31.10100
31.10000
31.10000
31.10000
31.10000
31.10000
31.10000
31.10000
31.10000
31.10200
31.10100
31.10100
31.10100
31.10100
31.10100
31.10100
31.10000
31.10200
31.10300
31.10300
31.10100
31.10200
31.10000
31.09900
31.10000
31.10000
31.10100
31.10100
31.10000
31.09900
31.09700
31.09500
31.09400
31.09600
31.09600
31.09700
31.09800
31.09700
31.09700
31.09900
31.10100
31.10100
31.09800
31.09900
31.10000
31.10000
31.10500
31.10600
31.10600
31.10500
31.10400
31.10400
31.10400
31.10500
31.10600
31.10500
31.10500
31.10600
31.10600
31.10500
31.10500
31.10600
31.10600
31.11000
31.11000
31.11000
31.11200
31.11100
31.11100
31.11100
31.11300
31.10900
31.11000
31.11000
31.11100
31.11100
31.11000
31.10900
31.10900
31.11100
31.11200
31.11300
31.11400
31.11500
31.11600
31.11500
31.11600
31.11700
31.11700
31.11400
31.11600
31.11700
31.12000
31.12000
31.12100
31.12100
31.12200
31.12300
31.12400
31.12500
31.12500
31.12500
31.12500
31.12700
31.12800
31.12800
31.12800
31.12800
31.12900
31.13000
31.13000
31.12800
31.13100
31.13100
31.13200
31.13200
31.13400
31.13400
31.13300
31.13400
31.13200
31.13100
31.13200
31.13500
31.13600
31.13500
31.13500
31.13700
31.13800
31.13800
31.13800
31.13800
31.13800
31.13900
31.13900
31.13900
31.13900
31.14100
31.14000
31.14000
31.13800
31.13800
31.13900
31.13900
31.13800
31.13800
31.14000
31.14000
31.14000
31.13800
31.13600
31.13500
31.13600
31.13600
31.13700
31.13800
31.13700
31.13800
31.13900
31.13900
31.13800
31.13700
31.14000
31.14000
31.14000
31.14000
31.14000
31.13900
31.14000
31.14000
31.14000
31.14000
31.14000
31.14000
31.14200
31.14200
31.14200
31.14200
31.14200
31.14100
31.14000
31.14100
31.14100
31.14300
31.14200
31.14200
31.14400
31.14300
31.14300
31.14400
31.14400
31.14600
31.14800
31.14800
31.14700
31.14600
31.14700
31.14600
31.14600
31.14700
31.14700
31.14400
31.14400
31.14500
31.14500
31.14600
31.14600
31.14300
31.14400
31.14300
31.14300
31.14300
31.14400
31.14600
31.14600
31.14500
31.14500
31.14500
31.14500
31.14600
31.14900
31.14900
31.14800
31.14900
31.14900
31.15000
31.15000
31.15000
31.15000
31.15000
31.14900
31.14900
31.15200
31.14900
31.15100
31.14900
31.14900
31.14900
31.14900
31.14900
31.14700
31.14800
31.14800
31.14800
31.15000
31.15000
31.15000
31.15100
31.15300
31.15300
31.15300
31.15400
31.15400
31.15500
31.15500
31.15600
31.15900
31.15700
31.15700
31.15900
31.15900
31.15900
31.16000
31.16000
31.16000
31.15900
31.16000
31.16000
31.15900
31.15800
31.16100
31.16100
31.16100
31.16100
31.16000
31.16000
31.15800
31.15700
31.15700
31.15900
31.15800
31.15800
31.15800
31.15800
31.16000
31.15900
31.15900
31.16100
31.16000
31.16100
31.16200
31.16100
31.15900
31.15800
31.15900
31.15900
31.15900
31.15900
31.15900
31.15900
31.15800
31.15900
31.15900
31.16000
31.16000
31.16100
31.16000
31.16300
31.16200
31.16200
31.16100
31.16000
31.16100
31.16100
31.16100
31.16200
31.16200
31.16200
31.16200
31.16200
31.16100
31.16100
31.16300
31.16500
31.16400
31.16100
31.15800
31.15900
31.15900
31.15900
31.16000
31.16200
31.16400
31.16300
31.16300
31.16400
31.16500
31.16500
31.16400
31.16500
31.16600
31.16600
31.16700
31.16700
31.16600
31.16700
31.16600
31.16700
31.16500
31.16700
31.16700
31.16800
31.16900
31.16800
31.16700
31.16700
31.16800
31.16900
31.16600
31.16600
31.16600
31.16500
31.16800
31.16800
31.16800
31.16800
31.16800
31.16800
31.16800
31.16900
31.16800
31.16900
31.16900
31.17100
31.17100
31.17100
31.17200
31.17000
31.17000
31.16800
31.16800
31.17000
31.17100
31.17200
31.17200
31.17400
31.17400
31.17600
31.17900
31.17800
31.17800
31.17900
31.17900
31.18100
31.17900
31.18200
31.18300
31.18300
31.18200
31.18000
31.18300
31.18300
31.18300
31.18300
31.18400
31.18400
31.18400
31.18400
31.18500
31.18400
31.18400
31.18700
31.18800
31.18800
31.18800
31.18700
31.18600
31.18800
31.18900
31.18800
31.18700
31.18800
31.18800
31.18900
31.19100
31.19100
31.19200
31.19300
31.19400
31.19500
31.19500
31.19500
31.19300
31.19400
31.19200
31.19100
31.19100
31.19200
31.19200
31.19300
31.19300
31.19300
31.19500
31.19300
31.19100
31.19200
31.19200
31.19200
31.19500
31.19400
31.19600
31.19400
31.19200
31.19100
31.19400
31.19500
31.19500
31.19700
31.19900
31.19900
31.19800
31.19500
31.19600
31.19700
31.19800
31.19800
31.19700
31.19700
31.19700
31.19800
31.19700
31.19700
31.19800
31.19800
31.19800
31.19800
31.19800
31.19800
31.20000
31.19900
31.19900
31.19800
31.19800
31.19700
31.19500
31.19700
31.19800
31.19800
31.19700
31.19600
31.19500
31.19500
31.19500
31.19400
31.19300
31.19300
31.19300
31.19300
31.19200
31.19200
31.19100
31.19200
31.19300
31.19300
31.19200
31.19400
31.19500
31.19600
31.19600
31.19400
31.19500
31.19600
31.19600
31.19500
31.19300
31.19700
31.20000
31.20000
31.19700
31.19700
31.19900
31.20000
31.19900
31.19900
31.19900
31.20200
31.20000
31.19900
31.19900
31.20000
31.20000
31.20100
31.20100
31.20300
31.20400
31.20500
31.20600
31.20500
31.20400
31.20500
31.20400
31.20400
31.20500
31.20600
31.20800
31.20700
31.20800
31.20700
31.20600
31.20500
31.20300
31.20500
31.20800
31.20700
31.20900
31.21000
31.21100
31.21000
31.21000
31.20800
31.21000
31.20900
31.21000
31.21000
31.21100
31.21100
31.21100
31.21100
31.21100
31.21300
31.21300
31.21200
31.21300
31.21000
31.21000
31.21000
31.21100
31.21000
31.21000
31.21100
31.21100
31.21100
31.21200
31.20900
31.21000
31.21000
31.21000
31.21100
31.21000
31.20800
31.21000
31.20700
31.20600
31.20600
31.20700
31.20600
31.20600
31.20800
31.20800
31.20800
31.20900
31.20800
31.20900
31.21000
31.21100
31.21300
31.21000
31.21000
31.21100
31.21100
31.21200
31.21000
31.20900
31.20700
31.20900
31.21000
31.20900
31.20900
31.20900
31.20900
31.21300
31.21200
31.21300
31.21300
31.21000
31.21200
31.21200
31.21200
31.21200
31.21200
31.21200
31.21300
31.21400
31.21400
31.21500
31.21400
31.21400
31.21400
31.21400
31.21400
31.21100
31.21200
31.21200
31.21100
31.21200
31.21500
31.21500
31.21500
31.21400
31.21400
31.21500
31.21300
31.21200
31.21300
31.21400
31.21500
31.21300
31.21300
31.21200
31.21300
31.21400
31.21600
31.21600
31.21500
31.21500
31.21400
31.21300
31.21500
31.21500
31.21400
31.21400
31.21500
31.21400
31.21500
31.21600
31.21400
31.21400
31.21300
31.21300
31.21200
31.21200
31.21200
31.21300
31.21300
31.21400
31.21800
31.21600
31.21600
31.21600
31.21600
31.21600
31.21700
31.21500
31.21400
31.21600
31.21600
31.21700
31.22000
31.22000
31.22000
31.21900
31.21800
31.21800
31.22000
31.22000
31.22000
31.22000
31.21800
31.21600
31.21700
31.21800
31.21900
31.21900
31.22100
31.22100
31.22100
31.22100
31.22200
31.22200
31.22200
31.22200
31.22200
31.22200
31.22100
31.22200
31.22200
31.22100
31.22200
31.22000
31.22000
31.22100
31.22200
31.22100
31.22100
31.22200
31.22200
31.22300
31.22400
31.22300
31.22300
31.22300
31.22400
31.22300
31.22400
31.22400
31.22400
31.22500
31.22500
31.22600
31.22500
31.22600
31.22500
31.22300
31.22200
31.22200
31.22400
31.22300
31.22300
31.22300
31.22400
31.22500
31.22400
31.22500
31.22400
31.22600
31.22500
31.22700
31.22700
31.22800
31.22800
31.22900
31.23000
31.22900
31.22800
31.23100
31.22900
31.23000
31.23300
31.23300
31.23300
31.23200
31.22900
31.22800
31.22800
31.22800
31.23100
31.23000
31.22900
31.23200
31.23100
31.22800
31.22800
31.22600
31.22800
31.22700
31.22900
31.23000
31.23100
31.23100
31.23300
31.23100
31.23400
31.23300
31.23300
31.23300
31.23400
31.23200
31.23100
31.23100
31.23100
31.23000
31.23200
31.23300
31.23400
31.23300
31.23400
31.23400
31.23300
31.23200
31.23300
31.23300
31.23300
31.23400
31.23200
31.23400
31.23300
31.23200
31.23200
31.23200
31.23200
31.23200
31.23400
31.23400
31.23300
31.23600
31.23500
31.23600
31.23800
31.23600
31.23600
31.23900
31.23800
31.23800
31.23500
31.23600
31.23700
31.23700
31.23700
31.23900
31.24100
31.24100
31.24200
31.24300
31.24300
31.24300
31.24400
31.24300
31.24400
31.24500
31.24600
31.24500
31.24700
31.24700
31.24700
31.24700
31.24800
31.24800
31.25000
31.25000
31.25000
31.25000
31.25000
31.25100
31.25000
31.25000
31.25100
31.25100
31.25200
31.25300
31.25100
31.25100
31.25100
31.25000
31.25300
31.25400
31.25400
31.25500
31.25500
31.25500
31.25500
31.25400
31.25400
31.25400
31.25700
31.25700
31.25500
31.25600
31.25600
31.25600
31.25400
31.25500
31.25300
31.25300
31.25300
31.25200
31.25200
31.25200
31.25300
31.25300
31.25500
31.25500
31.25500
31.25500
31.25600
31.25600
31.25600
31.25600
31.25500
31.25500
31.25400
31.25400
31.25500
31.25500
31.25500
31.25500
31.25600
31.25600
31.25600
31.25800
31.25800
31.25800
31.28556
31.28667
31.28778
31.29000
31.29000
31.29857
31.30000
31.30000
31.29833
31.30000
31.30000
31.37250
31.41500
31.41500
31.42000
31.55000
