0.00000
0.00000
0.00000
0.00000
0.00000
0.00000
0.00000
0.00000
0.00000
0.00000
0.00000
0.00000
0.00000
0.00000
0.00000
0.00000
0.00000
0.00000
3.40000
8.95000
8.95000
8.95000
8.95000
8.95000
10.60000
10.60000
10.48300
14.28300
14.28300
16.18300
16.18300
16.18300
17.23300
18.26600
19.04100
19.78100
20.28200
20.64900
23.91700
25.10800
25.62700
25.51100
26.06200
25.96000
25.94300
26.88500
26.84800
26.79000
26.32500
26.12100
26.45300
26.66200
26.89400
26.65400
26.70900
27.04300
27.19800
27.40900
27.50200
27.59200
27.69500
27.86300
27.71600
27.94000
27.97000
28.14000
28.31400
28.29900
28.25900
28.27100
28.33300
28.43900
28.53900
28.79700
28.82200
28.94700
28.97000
28.94500
29.03800
29.02000
28.98800
29.20000
29.18100
29.21300
29.30800
29.29000
29.27800
29.23400
29.33400
29.34800
29.37000
29.27300
29.24300
29.23300
29.18500
29.20300
29.20900
29.29300
29.36300
29.39900
29.37000
29.38500
29.54600
29.62500
29.76800
29.81300
29.86500
29.88600
29.93100
29.92600
29.93700
29.93600
29.98300
29.98800
30.03000
29.98200
29.96100
29.92300
29.99800
30.00400
29.98700
29.98400
30.06200
30.06900
30.11200
30.09100
30.12600
30.10700
30.16600
30.18400
30.18200
30.16200
30.14000
30.19700
30.22100
30.23500
30.24600
30.28000
30.33400
30.36900
30.33800
30.28200
30.29700
30.34600
30.32800
30.32900
30.34600
30.32200
30.32000
30.33600
30.35900
30.35700
30.34300
30.33900
30.33500
30.33800
30.38900
30.41100
30.44700
30.44100
30.46300
30.42400
30.48000
30.49500
30.47600
30.48100
30.51600
30.53500
30.57300
30.57300
30.56600
30.56200
30.59200
30.60200
30.57400
30.55900
30.53600
30.53500
30.54000
30.52100
30.56800
30.58600
30.57900
30.60600
30.59000
30.59400
30.61800
30.61700
30.61000
30.59700
30.61100
30.60900
30.62900
30.66100
30.59700
30.56000
30.55700
30.59700
30.61500
30.58200
30.61700
30.61000
30.57600
30.58000
30.55100
30.52700
30.51600
30.51000
30.51600
30.52400
30.51400
30.51300
30.51700
30.51500
30.53900
30.52500
30.54700
30.53400
30.51800
30.53000
30.52800
30.54300
30.51900
30.51200
30.50800
30.50200
30.49300
30.50200
30.52800
30.52200
30.53200
30.52700
30.52800
30.53000
30.52000
30.55900
30.55500
30.54400
30.57000
30.56700
30.58600
30.61900
30.60300
30.60400
30.62900
30.61300
30.62500
30.62400
30.61500
30.62700
30.63500
30.64600
30.65500
30.68900
30.69300
30.73100
30.72600
30.69900
30.70000
30.71000
30.72000
30.71300
30.74300
30.73800
30.74600
30.76100
30.76800
30.79000
30.82600
30.86300
30.86500
30.89500
30.88700
30.89900
30.90100
30.90500
30.91700
30.88700
30.91100
30.89200
30.86000
30.85000
30.87600
30.91700
30.94300
30.94000
30.94000
30.91700
30.87200
30.88500
30.87500
30.89100
30.86100
30.85100
30.85200
30.88500
30.87300
30.85500
30.85000
30.85400
30.86500
30.91400
30.90600
30.89200
30.94100
30.92300
30.95100
30.95700
30.94300
30.95200
30.95800
30.95600
30.96400
30.99100
30.99300
30.99400
30.98400
30.96300
30.95200
30.98700
31.00800
31.01600
31.00600
31.01300
30.99300
30.98300
30.95800
30.96400
30.97500
30.96900
30.96400
30.94900
30.96300
30.97600
30.98600
30.98700
30.99000
30.99800
30.98700
30.99000
31.00400
30.99800
30.98800
30.98100
30.96100
30.96000
30.90800
30.90700
30.88400
30.87200
30.86500
30.85500
30.85600
30.86100
30.85000
30.82700
30.83700
30.82600
30.82500
30.83000
30.83100
30.83800
30.85400
30.84600
30.84400
30.83600
30.82500
30.82900
30.80300
30.80500
30.80200
30.79000
30.79400
30.82700
30.82300
30.82100
30.81100
30.80500
30.80300
30.78600
30.79200
30.79600
30.78900
30.78100
30.78100
30.77200
30.78200
30.78500
30.79200
30.77500
30.78100
30.77200
30.75300
30.74000
30.72700
30.71500
30.72300
30.71500
30.71200
30.73300
30.72100
30.72600
30.73900
30.74800
30.74800
30.74900
30.73600
30.74600
30.74400
30.73100
30.73600
30.73500
30.73500
30.74800
30.74200
30.74900
30.75200
30.73700
30.73100
30.73900
30.73900
30.75600
30.75600
30.73700
30.74000
30.74600
30.74800
30.74800
30.74500
30.71100
30.71500
30.71200
30.70800
30.70900
30.73800
30.74000
30.74000
30.73500
30.72900
30.72300
30.72400
30.72600
30.71600
30.71100
30.72600
30.71700
30.72600
30.74200
30.74400
30.75300
30.76800
30.76600
30.76600
30.77600
30.76300
30.76600
30.76700
30.78200
30.78400
30.77700
30.78100
30.77300
30.77900
30.78300
30.79200
30.79800
30.79300
30.79000
30.77300
30.76900
30.76200
30.77400
30.77100
30.78000
30.77500
30.76400
30.77100
30.77400
30.78600
30.79400
30.79900
30.81100
30.82500
30.82900
30.85100
30.83200
30.84700
30.84600
30.83500
30.84200
30.84100
30.83500
30.82700
30.82900
30.82400
30.83000
30.81300
30.82600
30.82000
30.82400
30.82400
30.82400
30.81900
30.82700
30.83000
30.82900
30.84400
30.84300
30.84700
30.85600
30.84100
30.83200
30.83900
30.82400
30.81700
30.81900
30.81800
30.80600
30.80500
30.80500
30.81100
30.82000
30.82400
30.84200
30.85600
30.86600
30.86200
30.85700
30.87500
30.87200
30.87400
30.87200
30.88100
30.88100
30.88600
30.88100
30.89700
30.90600
30.89300
30.88900
30.89400
30.89600
30.91300
30.92100
30.91500
30.94200
30.95600
30.96300
30.96100
30.95800
30.96100
30.96000
30.96400
30.95900
30.96200
30.96400
30.96600
30.97200
30.96800
30.96500
30.95900
30.95200
30.93000
30.92900
30.91900
30.92000
30.93100
30.93200
30.95400
30.96000
30.96800
30.94900
30.95300
30.96100
30.95700
30.95600
30.96300
30.94800
30.95600
30.96800
30.96900
30.96000
30.97600
30.96900
30.96700
30.97800
30.97500
30.96300
30.97200
30.98300
30.98800
30.99300
30.99700
31.00700
31.00500
31.00800
31.01500
31.00700
30.98900
31.00300
30.98500
30.99300
30.99900
30.99200
30.98400
30.98200
30.98300
30.98000
30.98500
30.97700
31.00200
31.00400
31.00100
31.00400
31.00100
30.99100
30.99000
30.99600
31.00700
30.99900
31.01000
31.00800
31.00800
31.01900
31.01800
31.01300
31.00200
31.00000
31.00800
31.01000
31.01200
31.00200
31.00300
31.00300
31.00700
31.01000
31.02100
31.01500
31.02200
31.02500
31.02300
31.02300
31.02200
31.02600
31.02000
31.02300
31.02400
31.02400
31.03900
31.03600
31.03900
31.02800
31.03200
31.03300
31.03700
31.03400
31.04300
31.04600
31.04600
31.05000
31.04300
31.04200
31.04000
31.04000
31.03200
31.03600
31.03500
31.03800
31.03100
31.02300
31.02400
31.01400
31.01400
31.02000
31.02700
31.03400
31.03700
31.05400
31.05100
31.06200
31.06000
31.06400
31.06500
31.06600
31.06900
31.07400
31.07700
31.07900
31.07400
31.07300
31.08100
31.08000
31.08100
31.08600
31.08800
31.08500
31.09400
31.09800
31.10100
31.09300
31.08000
31.07600
31.07700
31.07100
31.08300
31.07300
31.07200
31.06500
31.07300
31.08300
31.08400
31.08500
31.08100
31.07900
31.07800
31.07400
31.07100
31.07300
31.09700
31.09800
31.10500
31.10000
31.10700
31.11400
31.12300
31.12600
31.13400
31.14000
31.14000
31.13400
31.14100
31.14100
31.14400
31.14900
31.14700
31.14900
31.15500
31.16100
31.16100
31.15000
31.15500
31.16200
31.15300
31.15200
31.15200
31.14300
31.14000
31.14800
31.15000
31.14600
31.15400
31.15300
31.15400
31.16000
31.16800
31.17100
31.16600
31.16800
31.17000
31.16400
31.16300
31.16300
31.15900
31.15800
31.14700
31.15700
31.16900
31.17100
31.17500
31.17500
31.17200
31.16600
31.16500
31.16900
31.16800
31.17400
31.18600
31.18100
31.18900
31.18700
31.19000
31.19700
31.19900
31.19900
31.19300
31.18800
31.18400
31.18900
31.19400
31.18000
31.17700
31.17400
31.18000
31.17600
31.17300
31.17300
31.17900
31.17900
31.18000
31.18000
31.17600
31.17400
31.17400
31.17200
31.17300
31.17000
31.16700
31.16800
31.15900
31.16800
31.17100
31.17200
31.16600
31.17000
31.16400
31.15700
31.16200
31.15900
31.15600
31.15300
31.15700
31.15400
31.14800
31.15000
31.14500
31.14300
31.14600
31.14500
31.14600
31.14000
31.14300
31.14700
31.13700
31.14200
31.15100
31.15100
31.15100
31.14200
31.14900
31.14800
31.15000
31.15300
31.16100
31.16200
31.15900
31.15400
31.15500
31.16100
31.15400
31.15800
31.16100
31.15800
31.15400
31.15500
31.15700
31.15200
31.15400
31.15300
31.15400
31.15100
31.15200
31.16100
31.16300
31.16300
31.16400
31.16700
31.15600
31.16600
31.16800
31.17200
31.17900
31.18500
31.18500
31.18000
31.18100
31.18200
31.18100
31.18000
31.18500
31.18800
31.18800
31.20200
31.21200
31.21000
31.20000
31.20000
31.20000
31.20700
31.19400
31.19700
31.19700
31.20100
31.20300
31.20100
31.20500
31.20600
31.20400
31.21000
31.21800
31.20200
31.19600
31.19300
31.19600
31.19700
31.21400
31.21800
31.21400
31.21100
31.21400
31.21800
31.22400
31.23000
31.23600
31.23400
31.23400
31.23500
31.23400
31.24200
31.24200
31.24000
31.25000
31.25100
31.24600
31.24400
31.24200
31.24400
31.23900
31.23600
31.22800
31.22300
31.22300
31.22300
31.22300
31.21500
31.21000
31.21600
31.21000
31.20400
31.20500
31.20700
31.20500
31.20300
31.19700
31.19800
31.20300
31.20500
31.19700
31.20200
31.19800
31.19600
31.19300
31.20000
31.19900
31.19400
31.18400
31.19100
31.19000
31.18400
31.18900
31.18000
31.17900
31.18400
31.18900
31.19000
31.18600
31.19200
31.19400
31.18800
31.19700
31.19300
31.19000
31.18800
31.18100
31.17900
31.17900
31.18400
31.18200
31.18100
31.18300
31.18300
31.17900
31.17600
31.17700
31.17700
31.17600
31.17300
31.17400
31.17500
31.17500
31.17100
31.16900
31.17300
31.17500
31.17500
31.17500
31.17500
31.17700
31.18000
31.17500
31.17600
31.17700
31.17200
31.16900
31.16800
31.16900
31.17200
31.17600
31.18100
31.17500
31.17600
31.17700
31.18400
31.18500
31.18700
31.19100
31.18900
31.19200
31.20200
31.20300
31.19600
31.20300
31.20600
31.20200
31.20500
31.21400
31.21800
31.21100
31.21300
31.21600
31.21500
31.21200
31.21500
31.21600
31.21300
31.20600
31.21100
31.22000
31.22000
31.22200
31.22400
31.22900
31.22000
31.21800
31.22500
31.22400
31.21900
31.22400
31.22600
31.23100
31.22200
31.22200
31.22200
31.22000
31.21700
31.22000
31.21700
31.22000
31.22200
31.22500
31.23400
31.23000
31.23400
31.23900
31.23800
31.24100
31.24300
31.25000
31.24900
31.25100
31.25400
31.25300
31.24900
31.25000
31.24900
31.25000
31.25200
31.24800
31.24600
31.24100
31.24000
31.24000
31.24200
31.24600
31.24600
31.23700
31.24200
31.24100
31.24600
31.24200
31.24700
31.24900
31.25100
31.24800
31.24800
31.24700
31.25000
31.25700
31.24900
31.24700
31.25100
31.24900
31.24400
31.24400
31.24000
31.24100
31.24000
31.24100
31.24400
31.24600
31.24300
31.24400
31.23500
31.23000
31.23200
31.22400
31.22500
31.22500
31.22600
31.22600
31.22600
31.22700
31.23000
31.23500
31.23700
31.24000
31.23700
31.23600
31.23200
31.23100
31.22100
31.22300
31.22100
31.21400
31.21000
31.21400
31.21100
31.20400
31.19900
31.20200
31.20500
31.20400
31.20100
31.20100
31.20100
31.20000
31.20200
31.20400
31.20200
31.19700
31.19500
31.19800
31.20000
31.20000
31.19400
31.19600
31.20100
31.20100
31.20400
31.20600
31.20400
31.21200
31.20900
31.21000
31.21200
31.21200
31.21400
31.21000
31.20800
31.20800
31.20900
31.20900
31.20900
31.21100
31.20800
31.21100
31.21200
31.21000
31.20900
31.20400
31.20700
31.20700
31.20900
31.21000
31.21700
31.21600
31.21600
31.21700
31.22700
31.22400
31.22500
31.22500
31.23400
31.23300
31.23900
31.24200
31.23300
31.22700
31.23300
31.23500
31.23600
31.23700
31.23800
31.23400
31.23600
31.23700
31.23800
31.23800
31.23900
31.23700
31.23500
31.23200
31.23500
31.23600
31.23500
31.23500
31.23700
31.23500
31.23600
31.23700
31.23000
31.22400
31.22600
31.22600
31.22500
31.22700
31.22500
31.22700
31.22600
31.22200
31.22400
31.22200
31.21500
31.21200
31.20900
31.20700
31.20800
31.21400
31.21500
31.21500
31.21500
31.21300
31.21600
31.21800
31.22100
31.22200
31.22400
31.22300
31.22900
31.22600
31.22500
31.22400
31.22300
31.22600
31.22400
31.22200
31.22300
31.22300
31.22500
31.22400
31.22600
31.22500
31.22600
31.22400
31.22300
31.22600
31.22700
31.23500
31.23800
31.23600
31.23400
31.22700
31.22600
31.22000
31.21800
31.21600
31.21400
31.21300
31.20000
31.19700
31.19700
31.19400
31.19600
31.19100
31.19500
31.19700
31.20100
31.19800
31.20100
31.20100
31.19700
31.19700
31.19600
31.19700
31.19700
31.19000
31.18800
31.18700
31.18200
31.18100
31.17700
31.17700
31.17800
31.18100
31.18300
31.18300
31.18500
31.18500
31.18700
31.18500
31.18200
31.18100
31.18800
31.18600
31.18600
31.18900
31.18300
31.18500
31.18500
31.17900
31.17900
31.18100
31.17700
31.17300
31.17800
31.17400
31.17800
31.18100
31.17600
31.17500
31.17700
31.17600
31.17400
31.17500
31.17000
31.17000
31.16500
31.16600
31.17200
31.17300
31.17400
31.17500
31.17500
31.17200
31.17400
31.17400
31.17700
31.18100
31.18600
31.18700
31.18900
31.18900
31.18800
31.18900
31.18900
31.19000
31.19000
31.18900
31.19100
31.18200
31.18300
31.18500
31.18600
31.18900
31.19100
31.18600
31.19000
31.19100
31.19100
31.19300
31.19300
31.19600
31.19800
31.19800
31.20400
31.20900
31.20600
31.21000
31.21000
31.21100
31.21400
31.21700
31.21800
31.21300
31.21200
31.20600
31.20600
31.21500
31.21400
31.21600
31.21300
31.21600
31.21400
31.21500
31.21700
31.21500
31.22100
31.22500
31.22300
31.22300
31.22700
31.23000
31.23300
31.23600
31.23500
31.23400
31.23300
31.23000
31.22600
31.23100
31.23300
31.23400
31.23400
31.22600
31.22700
31.22900
31.22700
31.22700
31.22700
31.22900
31.22500
31.22400
31.21900
31.21800
31.21700
31.21000
31.20900
31.21000
31.21400
31.21500
31.20800
31.20900
31.20600
31.21000
31.20900
31.20800
31.20600
31.20700
31.20500
31.20500
31.20500
31.20600
31.20900
31.20600
31.20800
31.20800
31.20700
31.20400
31.20600
31.20400
31.20200
31.20000
31.20100
31.19500
31.19500
31.18900
31.19100
31.19000
31.18700
31.18400
31.18400
31.17800
31.17600
31.17700
31.17200
31.17100
31.16900
31.16400
31.16100
31.16300
31.16400
31.16300
31.16400
31.16400
31.16300
31.16300
31.15900
31.15600
31.15000
31.14900
31.15100
31.15100
31.15100
31.14900
31.14800
31.15000
31.15000
31.15100
31.15400
31.15300
31.14900
31.14800
31.14600
31.14400
31.14500
31.14400
31.14700
31.14600
31.14500
31.14700
31.14900
31.15100
31.15400
31.15800
31.15500
31.15400
31.15400
31.15500
31.15600
31.15500
31.15500
31.15400
31.15600
31.15600
31.16000
31.16300
31.16000
31.15900
31.15700
31.16000
31.15300
31.15200
31.14800
31.14900
31.14300
31.13700
31.13800
31.13600
31.13400
31.13200
31.13100
31.13400
31.13500
31.13600
31.13400
31.13400
31.13500
31.13600
31.13500
31.13500
31.13600
31.13500
31.13500
31.13700
31.13400
31.13400
31.13400
31.13500
31.13000
31.13200
31.13400
31.13200
31.13400
31.13400
31.13500
31.13400
31.13300
31.12800
31.12800
31.13000
31.12700
31.13000
31.12400
31.12300
31.12300
31.12300
31.12000
31.12000
31.12200
31.11800
31.11700
31.12000
31.12000
31.12300
31.13000
31.13100
31.13500
31.13500
31.13900
31.14100
31.14300
31.14200
31.14400
31.14400
31.14100
31.14300
31.14100
31.13800
31.13700
31.14100
31.14200
31.14100
31.13800
31.13600
31.13700
31.13800
31.13300
31.13400
31.13500
31.13500
31.13500
31.13500
31.13700
31.13500
31.12900
31.12800
31.12700
31.12900
31.12600
31.12600
31.12400
31.12400
31.11800
31.11600
31.11700
31.11600
31.11800
31.11100
31.11300
31.11200
31.11200
31.10900
31.10900
31.10700
31.10800
31.10800
31.10800
31.10900
31.10800
31.10600
31.10200
31.10400
31.10800
31.10600
31.10900
31.10900
31.10700
31.11100
31.11400
31.11400
31.11400
31.11500
31.11300
31.11300
31.11300
31.11300
31.11100
31.10700
31.10400
31.09700
31.09800
31.10200
31.10200
31.10000
31.09800
31.09700
31.09100
31.08900
31.09000
31.09300
31.08700
31.08700
31.08300
31.08100
31.07700
31.07100
31.07200
31.07200
31.07300
31.07200
31.07200
31.07700
31.07200
31.07300
31.07700
31.07700
31.07500
31.07700
31.07800
31.07700
31.07600
31.07500
31.07500
31.07700
31.07800
31.08000
31.07900
31.07700
31.07700
31.07400
31.06900
31.06600
31.06600
31.06600
31.06400
31.06400
31.06200
31.06500
31.06700
31.06500
31.06300
31.06100
31.05800
31.05500
31.05800
31.06300
31.06200
31.05900
31.06000
31.06200
31.06100
31.05700
31.06100
31.05800
31.05900
31.05900
31.05300
31.05300
31.05600
31.05300
31.05100
31.05200
31.05100
31.05300
31.05700
31.05400
31.05400
31.05200
31.05300
31.05400
31.05000
31.04900
31.04700
31.04800
31.04700
31.04800
31.05000
31.05200
31.05600
31.05800
31.05900
31.06100
31.05600
31.05700
31.05600
31.05900
31.05600
31.05500
31.05700
31.05300
31.05400
31.05500
31.05400
31.05500
31.05400
31.06000
31.05800
31.05900
31.06000
31.06200
31.06600
31.06600
31.06700
31.06800
31.06700
31.06700
31.06600
31.06700
31.06700
31.06800
31.06800
31.06400
31.06600
31.06400
31.06400
31.07000
31.07100
31.06900
31.07200
31.07000
31.07100
31.07700
31.07900
31.08200
31.08400
31.07900
31.07800
31.08000
31.08200
31.08200
31.07900
31.07500
31.07600
31.07600
31.07500
31.07600
31.07300
31.06900
31.06800
31.06700
31.06400
31.05900
31.06000
31.06300
31.06400
31.06400
31.06300
31.06000
31.05900
31.06000
31.06000
31.06300
31.06300
31.06000
31.06300
31.06300
31.06000
31.06200
31.06300
31.06400
31.06700
31.06800
31.06500
31.06600
31.06000
31.05800
31.05600
31.05400
31.05500
31.05300
31.04800
31.04700
31.04100
31.04000
31.03900
31.03900
31.03900
31.03700
31.03800
31.03700
31.03900
31.04000
31.04100
31.03400
31.03400
31.03300
31.03200
31.03200
31.02900
31.02900
31.03300
31.03100
31.03200
31.03700
31.03800
31.03400
31.03600
31.03300
31.03400
31.03300
31.03400
31.03700
31.03800
31.03700
31.03900
31.04200
31.04300
31.04100
31.04100
31.04000
31.03800
31.03600
31.03600
31.03900
31.03900
31.03700
31.03400
31.03400
31.03000
31.02700
31.02900
31.03100
31.02900
31.03100
31.03200
31.03300
31.02800
31.03300
31.03000
31.03000
31.03100
31.03300
31.03500
31.03700
31.03500
31.03500
31.03900
31.03600
31.03800
31.03600
31.03300
31.03200
31.03200
31.03400
31.03500
31.03700
31.03700
31.03700
31.03700
31.04100
31.03600
31.03300
31.03200
31.03100
31.03300
31.03200
31.03000
31.02900
31.02800
31.02700
31.02600
31.02600
31.02700
31.03200
31.03100
31.03100
31.03500
31.03500
31.03300
31.03800
31.03600
31.03700
31.03700
31.03900
31.03900
31.03800
31.03200
31.03400
31.03900
31.03800
31.04200
31.04600
31.04500
31.04400
31.03800
31.03800
31.03900
31.04600
31.04300
31.03900
31.03800
31.03600
31.03900
31.04000
31.04200
31.03800
31.03900
31.04200
31.04400
31.04300
31.04100
31.03800
31.03800
31.03800
31.04100
31.04500
31.04500
31.04600
31.04600
31.04700
31.04500
31.04500
31.04500
31.04700
31.04800
31.04300
31.04400
31.04400
31.04500
31.04300
31.04500
31.04200
31.04200
31.04400
31.04800
31.04700
31.04800
31.04500
31.04200
31.04100
31.03700
31.03600
31.03600
31.03700
31.03700
31.03900
31.03900
31.04000
31.04300
31.04300
31.04100
31.04000
31.03900
31.04200
31.04400
31.04500
31.04300
31.04100
31.04100
31.04500
31.04700
31.04200
31.03800
31.03800
31.04000
31.04100
31.04100
31.04100
31.03800
31.04000
31.03600
31.03700
31.03700
31.03600
31.03700
31.03700
31.03300
31.03300
31.03400
31.03700
31.03700
31.03500
31.03400
31.03300
31.03500
31.03600
31.03600
31.03800
31.04100
31.04200
31.04500
31.04400
31.04100
31.04300
31.04600
31.04500
31.04300
31.04000
31.04200
31.04300
31.03900
31.03600
31.03500
31.03600
31.03800
31.04400
31.04600
31.04700
31.04900
31.04900
31.04900
31.04900
31.04600
31.04600
31.04500
31.04300
31.04500
31.04500
31.04500
31.04000
31.04300
31.04500
31.04500
31.04300
31.04600
31.04600
31.04800
31.04600
31.04500
31.04800
31.04700
31.04900
31.04900
31.05000
31.05400
31.05300
31.05100
31.05100
31.05300
31.05400
31.05500
31.05400
31.05600
31.05800
31.06400
31.06200
31.06000
31.06400
31.06700
31.06500
31.06600
31.06500
31.06400
31.06500
31.06600
31.06600
31.06400
31.06500
31.06400
31.05900
31.05900
31.06100
31.06400
31.06500
31.06600
31.06400
31.06400
31.06100
31.05900
31.05700
31.05700
31.05300
31.05100
31.05000
31.04800
31.04900
31.04800
31.05000
31.05200
31.05100
31.05200
31.05500
31.05500
31.05200
31.04900
31.04900
31.04900
31.04600
31.04200
31.04200
31.03700
31.04000
31.03900
31.03700
31.03800
31.03900
31.03800
31.03700
31.03800
31.03700
31.03900
31.04000
31.04100
31.03800
31.03900
31.03500
31.03800
31.03800
31.03800
31.03400
31.03500
31.03400
31.03400
31.03800
31.03800
31.04000
31.04200
31.04200
31.04300
31.04800
31.04600
31.04600
31.04300
31.04300
31.04600
31.04200
31.04000
31.03700
31.03800
31.03900
31.03800
31.04100
31.04200
31.04300
31.04500
31.04400
31.04700
31.04800
31.04800
31.04900
31.04900
31.05000
31.04600
31.04900
31.05300
31.05600
31.05600
31.05600
31.05800
31.05800
31.05500
31.05500
31.05900
31.06000
31.06100
31.06200
31.06100
31.06200
31.06400
31.06800
31.06600
31.06700
31.06800
31.06900
31.06600
31.06700
31.06700
31.06900
31.06900
31.07000
31.06900
31.07100
31.07100
31.07200
31.07100
31.07000
31.07100
31.06800
31.07100
31.07100
31.06900
31.06600
31.06500
31.06400
31.06400
31.06600
31.06300
31.06200
31.06300
31.06500
31.06500
31.06600
31.06600
31.06900
31.06800
31.06600
31.06600
31.06700
31.06700
31.06800
31.06500
31.06400
31.06900
31.06600
31.06600
31.06500
31.06200
31.05900
31.06100
31.05900
31.05400
31.05600
31.05500
31.05500
31.05300
31.05400
31.05400
31.05500
31.05700
31.06000
31.05400
31.05600
31.05800
31.05800
31.06300
31.06400
31.06400
31.06300
31.06200
31.06200
31.06400
31.06300
31.06300
31.06600
31.06400
31.06600
31.07000
31.07000
31.06600
31.06600
31.06600
31.06600
31.06200
31.06300
31.06200
31.05500
31.05700
31.05900
31.05700
31.05900
31.06200
31.06300
31.06100
31.05900
31.06000
31.06000
31.06100
31.06200
31.06300
31.06300
31.06500
31.06600
31.06300
31.06700
31.06900
31.06400
31.06400
31.06200
31.06200
31.06400
31.06700
31.06900
31.06900
31.06500
31.06800
31.06900
31.06800
31.06800
31.06600
31.06600
31.06500
31.06500
31.06300
31.06200
31.06300
31.06600
31.06300
31.06400
31.06400
31.06400
31.06200
31.06200
31.06500
31.06300
31.06300
31.06500
31.06400
31.06200
31.06300
31.06300
31.06200
31.05900
31.05500
31.05700
31.05600
31.05700
31.05700
31.05700
31.05600
31.05500
31.05400
31.05300
31.05000
31.04900
31.05000
31.05200
31.05300
31.05200
31.05100
31.04900
31.04200
31.03800
31.03900
31.04300
31.04700
31.04600
31.04300
31.04800
31.05000
31.05000
31.05100
31.05300
31.05300
31.05200
31.04900
31.04700
31.04800
31.05000
31.04900
31.04900
31.04900
31.04800
31.05000
31.05100
31.05000
31.04900
31.04800
31.05200
31.05200
31.05300
31.04900
31.04700
31.04200
31.03800
31.03900
31.04300
31.04200
31.04500
31.04400
31.04500
31.04500
31.04500
31.04400
31.04300
31.04300
31.04100
31.04000
31.04200
31.04300
31.04500
31.04500
31.04300
31.04200
31.04000
31.04300
31.04400
31.04400
31.04500
31.04600
31.04700
31.04500
31.04200
31.04200
31.04200
31.04400
31.04400
31.04500
31.04300
31.04200
31.04500
31.04500
31.04500
31.04200
31.04200
31.04200
31.04000
31.03900
31.03800
31.03700
31.03800
31.03800
31.03600
31.03600
31.03700
31.03800
31.03700
31.03800
31.03800
31.03600
31.03800
31.03800
31.03700
31.03700
31.03600
31.03800
31.03800
31.03600
31.03500
31.03400
31.03600
31.04000
31.04100
31.04100
31.03800
31.03900
31.04000
31.04100
31.04300
31.04500
31.04800
31.05100
31.05100
31.05200
31.05200
31.05300
31.05000
31.04800
31.05100
31.05000
31.05100
31.04900
31.04800
31.04600
31.04800
31.05100
31.05000
31.04900
31.05100
31.05100
31.05200
31.05400
31.05100
31.05100
31.05000
31.04900
31.05100
31.05100
31.04900
31.04600
31.04600
31.04700
31.04600
31.04700
31.04800
31.05000
31.04900
31.04800
31.05000
31.05000
31.05100
31.05000
31.04900
31.05300
31.05300
31.05200
31.05300
31.05100
31.05000
31.05000
31.04900
31.04800
31.05200
31.05100
31.05200
31.05500
31.05500
31.05300
31.05400
31.05200
31.05200
31.05300
31.05200
31.05100
31.05100
31.05000
31.05200
31.05100
31.05000
31.04900
31.04900
31.05200
31.05300
31.05400
31.05500
31.05800
31.05300
31.05500
31.05500
31.05700
31.05700
31.05400
31.05200
31.05300
31.05400
31.05300
31.05400
31.05300
31.04900
31.05000
31.04900
31.04700
31.05100
31.05300
31.05400
31.05300
31.05300
31.05100
31.05100
31.05100
31.05500
31.05400
31.05400
31.05500
31.05600
31.05500
31.05700
31.05600
31.05500
31.05700
31.06000
31.06000
31.06100
31.06000
31.06000
31.05900
31.05700
31.05700
31.05500
31.05600
31.05600
31.05400
31.04900
31.05100
31.05000
31.04900
31.04900
31.05100
31.05200
31.05700
31.05500
31.05400
31.05500
31.05700
31.05900
31.05700
31.05600
31.05500
31.05500
31.05500
31.05500
31.05600
31.05700
31.05800
31.05900
31.05800
31.05800
31.06100
31.06100
31.06500
31.06600
31.06500
31.06500
31.06200
31.06400
31.06200
31.06400
31.06100
31.05900
31.05800
31.06300
31.06300
31.06500
31.06500
31.06800
31.06600
31.06700
31.06600
31.06800
31.06600
31.06600
31.06500
31.06500
31.06700
31.06700
31.06600
31.06400
31.06400
31.06400
31.06100
31.06000
31.06000
31.06000
31.06100
31.05900
31.06000
31.06000
31.06300
31.06500
31.06600
31.06400
31.06500
31.06600
31.06400
31.06700
31.06400
31.06300
31.06300
31.06400
31.06300
31.06300
31.06400
31.06500
31.06500
31.06600
31.06600
31.06600
31.06800
31.06800
31.06600
31.06800
31.06900
31.07000
31.06900
31.06900
31.06800
31.06800
31.06800
31.06900
31.07100
31.06800
31.06800
31.07200
31.07100
31.06900
31.06700
31.06700
31.06900
31.06900
31.06700
31.06700
31.06800
31.06900
31.06900
31.07000
31.07300
31.07400
31.07600
31.07400
31.07200
31.07000
31.07200
31.07200
31.07100
31.07100
31.07400
31.07400
31.07400
31.07400
31.07400
31.07400
31.07400
31.07300
31.07300
31.07200
31.07400
31.07500
31.07600
31.07600
31.07300
31.07200
31.07100
31.06800
31.07000
31.07100
31.06900
31.07100
31.07100
31.07000
31.07300
31.07200
31.07500
31.07200
31.07400
31.07400
31.07100
31.07100
31.07000
31.07000
31.06900
31.07100
31.07000
31.07100
31.07000
31.07000
31.06900
31.06800
31.06600
31.06200
31.06100
31.06100
31.06100
31.06600
31.06300
31.06300
31.06300
31.06100
31.05800
31.05900
31.06100
31.06200
31.06200
31.06100
31.06200
31.06200
31.06200
31.06200
31.05900
31.05900
31.05600
31.05300
31.05200
31.05400
31.05400
31.05300
31.05200
31.05200
31.05200
31.05000
31.05200
31.05200
31.05200
31.04900
31.04500
31.04600
31.04400
31.04400
31.04500
31.04700
31.04400
31.04400
31.04300
31.04500
31.04500
31.04300
31.04600
31.04500
31.04300
31.04600
31.04500
31.04200
31.04400
31.04200
31.04400
31.04100
31.03900
31.04100
31.04300
31.04200
31.03900
31.03700
31.03900
31.04000
31.04000
31.03900
31.03800
31.03900
31.03800
31.03900
31.03600
31.03500
31.03700
31.03600
31.03600
31.03500
31.03500
31.03600
31.03700
31.03800
31.03800
31.03700
31.03700
31.03700
31.03800
31.03800
31.04000
31.04000
31.03800
31.04000
31.03900
31.03800
31.03800
31.03800
31.03600
31.03500
31.03600
31.03600
31.03500
31.03700
31.04000
31.03900
31.03900
31.03700
31.03700
31.03600
31.03400
31.03300
31.03300
31.03100
31.03300
31.03300
31.03100
31.03000
31.02800
31.02800
31.02800
31.02700
31.02800
31.02700
31.02400
31.02400
31.02300
31.02400
31.02300
31.02200
31.02300
31.02100
31.02200
31.02200
31.02200
31.02000
31.02200
31.02200
31.02200
31.02000
31.01900
31.01800
31.01600
31.01500
31.01500
31.01600
31.01600
31.01400
31.01200
31.01400
31.01300
31.01400
31.01500
31.01400
31.01400
31.01200
31.01400
31.01200
31.01100
31.01100
31.00800
31.00900
31.00800
31.00800
31.00700
31.00400
31.00400
31.00300
31.00300
31.00100
31.00100
31.00100
31.00000
31.00300
31.00100
31.00200
31.00100
31.00200
31.00200
31.00100
31.00200
31.00100
31.00400
31.00300
31.00100
31.00000
30.99700
30.99700
31.00000
30.99900
31.00000
30.99800
30.99800
30.99700
30.99600
30.99400
30.99400
30.99300
30.99300
30.99200
30.99000
30.99000
30.98700
30.98700
30.98700
30.98600
30.98700
30.98900
30.99100
30.99100
30.99100
30.99200
30.99300
30.99300
30.99500
30.99700
30.99900
31.00100
31.00000
31.00200
31.00400
31.00600
31.00400
31.00400
31.00500
31.00400
31.00500
31.00400
31.00200
31.00000
31.00100
31.00200
31.00300
31.00000
31.00000
31.00100
31.00000
31.00200
31.00300
31.00200
31.00200
31.00200
31.00200
31.00000
31.00200
31.00100
31.00300
31.00000
31.00100
31.00100
31.00000
31.00100
30.99900
31.00000
31.00200
31.00300
31.00100
31.00100
31.00200
31.00200
31.00100
31.00200
31.00300
31.00400
31.00500
31.00500
31.00700
31.00800
31.00800
31.00600
31.00500
31.00300
31.00400
31.00500
31.00900
31.01200
31.01400
31.01300
31.01600
31.01600
31.01600
31.01500
31.01600
31.01400
31.01400
31.01600
31.01300
31.01500
31.01100
31.01000
31.00900
31.01200
31.01100
31.00700
31.00900
31.00800
31.00900
31.01100
31.01100
31.01000
31.01100
31.01100
31.01200
31.01200
31.01300
31.01200
31.01300
31.01100
31.01100
31.01100
31.01400
31.01300
31.01300
31.01500
31.01700
31.01600
31.01400
31.01400
31.01300
31.01300
31.01200
31.01100
31.01200
31.01500
31.01500
31.01700
31.01600
31.01600
31.01300
31.01200
31.01300
31.01400
31.01600
31.01800
31.01600
31.01800
31.01800
31.01700
31.01500
31.01700
31.01700
31.01900
31.01900
31.01800
31.02000
31.02100
31.01900
31.01900
31.01800
31.01600
31.01700
31.01400
31.01500
31.01600
31.01300
31.01300
31.01100
31.00800
31.00900
31.00900
31.00900
31.00800
31.00700
31.00900
31.00700
31.00800
31.00900
31.00800
31.01000
31.01000
31.00900
31.00900
31.01200
31.01300
31.01300
31.01300
31.01200
31.01200
31.01000
31.00900
31.00800
31.01300
31.01300
31.01100
31.01200
31.01400
31.01400
31.01600
31.01700
31.01800
31.01800
31.01900
31.01800
31.01800
31.01800
31.01800
31.01900
31.01700
31.01500
31.01700
31.01700
31.01500
31.01500
31.01500
31.01300
31.01200
31.01300
31.01400
31.01400
31.01600
31.01600
31.01600
31.01600
31.01500
31.00800
31.00900
31.00900
31.00800
31.01200
31.01100
31.01100
31.01100
31.01200
31.00700
31.00800
31.00700
31.00700
31.00900
31.00700
31.01100
31.01200
31.01200
31.01400
31.01400
31.01300
31.01100
31.00900
31.01000
31.00700
31.00800
31.00800
31.01100
31.01100
31.00900
31.01000
31.01000
31.00900
31.00800
31.00700
31.00700
31.00700
31.00700
31.00700
31.00900
31.00800
31.01000
31.00900
31.01000
31.00700
31.00800
31.00800
31.00700
31.00600
31.00500
31.00500
31.00700
31.00500
31.00700
31.00700
31.00500
31.00500
31.00500
31.00100
31.00100
31.00100
30.99900
31.00000
31.00000
31.00100
31.00100
30.99900
31.00100
30.99800
30.99900
31.00000
31.00000
31.00100
31.00100
30.99900
31.00000
31.00100
31.00100
31.00100
31.00000
30.99800
30.99800
30.99700
30.99700
30.99700
30.99700
30.99700
30.99500
30.99700
30.99600
30.99600
30.99300
30.99200
30.99300
30.99400
30.99300
30.99500
30.99500
30.99500
30.99600
30.99600
30.99600
30.99700
30.99500
30.99500
30.99400
30.99400
30.99500
30.99500
30.99700
30.99700
30.99700
30.99800
30.99800
30.99700
30.99600
30.99600
30.99500
30.99600
30.99300
30.99300
30.99200
30.99100
30.99200
30.99300
30.99400
30.99700
30.99900
31.00200
31.00300
31.00500
31.00700
31.00700
31.00400
31.00200
31.00200
31.00300
31.00300
31.00200
31.00400
31.00300
31.00300
31.00200
31.00000
30.99900
31.00000
31.00100
31.00100
31.00100
31.00000
31.00000
31.00000
31.00200
31.00100
31.00100
31.00200
31.00200
31.00200
31.00300
31.00300
31.00100
31.00100
31.00200
31.00200
31.00400
31.00300
31.00400
31.00500
31.00700
31.00900
31.01000
31.00900
31.01100
31.01000
31.01200
31.01200
31.01200
31.01100
31.01200
31.00900
31.00800
31.00800
31.00900
31.00600
31.00800
31.00900
31.00600
31.00700
31.00800
31.00800
31.00700
31.00800
31.00800
31.00900
31.01200
31.01200
31.01000
31.01000
31.01200
31.01200
31.01200
31.01300
31.01100
31.01400
31.01400
31.01400
31.01300
31.01200
31.01100
31.01300
31.01200
31.01000
31.00800
31.00900
31.01300
31.01300
31.01100
31.01300
31.01300
31.00800
31.01100
31.01200
31.01100
31.01200
31.01100
31.01100
31.01100
31.01200
31.01000
31.01400
31.01400
31.01400
31.01600
31.01700
31.01900
31.01800
31.01800
31.01800
31.01600
31.01600
31.01700
31.01600
31.01800
31.01600
31.01500
31.01500
31.01600
31.01500
31.01400
31.01300
31.01600
31.01800
31.01600
31.01700
31.01700
31.01700
31.01700
31.01800
31.01700
31.01900
31.01800
31.02000
31.01900
31.01900
31.02000
31.02200
31.02100
31.02000
31.02000
31.02300
31.02300
31.02500
31.02700
31.02700
31.02900
31.02600
31.02900
31.02800
31.02800
31.02600
31.02700
31.02900
31.03000
31.02900
31.02700
31.02700
31.02900
31.02900
31.03100
31.03300
31.03200
31.03400
31.03500
31.03800
31.03800
31.04000
31.03800
31.04000
31.04100
31.03900
31.03800
31.04000
31.04100
31.04000
31.04100
31.04200
31.04300
31.04500
31.04700
31.04600
31.04700
31.05000
31.05000
31.05100
31.05000
31.05000
31.04900
31.04900
31.05000
31.05100
31.05300
31.05300
31.05300
31.05500
31.05600
31.05600
31.05700
31.05500
31.05200
31.05300
31.05500
31.05300
31.05400
31.05400
31.05700
31.05600
31.05600
31.05600
31.05600
31.05700
31.05500
31.05700
31.05800
31.05600
31.05600
31.05400
31.05400
31.05800
31.05700
31.05600
31.05700
31.05600
31.05800
31.05800
31.06100
31.05900
31.06200
31.06200
31.06500
31.06400
31.06600
31.06400
31.06500
31.06600
31.06800
31.06700
31.06900
31.06900
31.06800
31.06800
31.07100
31.07100
31.07100
31.07200
31.06800
31.07000
31.06800
31.06900
31.06900
31.06800
31.07100
31.06800
31.06700
31.06600
31.06700
31.06700
31.06800
31.06900
31.06800
31.06700
31.06700
31.06600
31.06700
31.06400
31.06400
31.06500
31.06500
31.06600
31.06500
31.06500
31.06500
31.06500
31.06500
31.06500
31.06500
31.06500
31.06700
31.06600
31.06500
31.06600
31.06400
31.06300
31.06300
31.06300
31.06400
31.06700
31.06600
31.06500
31.06500
31.06700
31.06800
31.06700
31.06800
31.06800
31.06700
31.06800
31.06700
31.06600
31.06500
31.06500
31.06600
31.06700
31.06900
31.06800
31.06900
31.06900
31.06600
31.06700
31.06700
31.06600
31.06700
31.06600
31.06900
31.07100
31.07200
31.07200
31.07200
31.07200
31.07200
31.07200
31.07200
31.07200
31.07200
31.06800
31.06900
31.06800
31.06600
31.06500
31.06500
31.06600
31.06700
31.06600
31.06500
31.06600
31.06300
31.06200
31.06400
31.06200
31.06200
31.06100
31.06000
31.06000
31.06000
31.05900
31.05900
31.05800
31.06000
31.05900
31.05700
31.05700
31.05500
31.05500
31.05600
31.05200
31.05300
31.05300
31.05200
31.05400
31.05500
31.05100
31.05100
31.05200
31.05000
31.04900
31.05000
31.05100
31.05200
31.05400
31.05400
31.05300
31.05000
31.04600
31.04400
31.04700
31.04600
31.04500
31.04700
31.04700
31.04600
31.04600
31.04700
31.04700
31.04600
31.04700
31.04800
31.04800
31.04900
31.04700
31.04900
31.05000
31.04700
31.04600
31.04600
31.04400
31.04500
31.04500
31.04300
31.04400
31.04400
31.04500
31.04400
31.04400
31.04400
31.04500
31.04500
31.04500
31.04500
31.04500
31.04100
31.04100
31.04000
31.04100
31.04400
31.04400
31.04200
31.04000
31.04000
31.04100
31.04400
31.04400
31.04400
31.04100
31.04300
31.04400
31.04500
31.04200
31.04300
31.04300
31.04000
31.04000
31.03800
31.03700
31.03700
31.03600
31.03600
31.03400
31.03200
31.03300
31.03400
31.03500
31.03800
31.03900
31.04000
31.04000
31.03600
31.03200
31.03300
31.03600
31.03400
31.03400
31.03400
31.03400
31.03300
31.03300
31.03200
31.03300
31.03300
31.03200
31.03000
31.03100
31.03200
31.03000
31.03000
31.03000
31.02900
31.03100
31.03100
31.03200
31.03200
31.03400
31.03500
31.03400
31.03400
31.03500
31.03500
31.03600
31.03600
31.03600
31.03400
31.03300
31.03400
31.03500
31.03500
31.03200
31.03100
31.03000
31.02900
31.03300
31.03400
31.03500
31.03600
31.03500
31.03500
31.03500
31.03500
31.03500
31.03400
31.03500
31.03600
31.03300
31.03200
31.03100
31.03200
31.03300
31.03000
31.03000
31.02800
31.02800
31.02800
31.03000
31.02800
31.02800
31.03100
31.03000
31.03000
31.03000
31.03000
31.03000
31.03000
31.03000
31.03000
31.03100
31.02900
31.02800
31.02900
31.03000
31.02600
31.02500
31.02500
31.02600
31.02700
31.02800
31.02700
31.02800
31.02700
31.02600
31.02600
31.02800
31.02600
31.02800
31.02500
31.02400
31.02600
31.02600
31.02600
31.02700
31.02600
31.02700
31.02900
31.02900
31.02800
31.02900
31.02800
31.02900
31.03000
31.03100
31.03000
31.02800
31.02900
31.02900
31.03100
31.03200
31.03100
31.03100
31.03200
31.03200
31.03000
31.03100
31.03200
31.03400
31.03200
31.03300
31.03300
31.03500
31.03600
31.03700
31.03800
31.03600
31.03500
31.03400
31.03600
31.03900
31.03900
31.04300
31.04300
31.04300
31.04100
31.04100
31.04200
31.04300
31.04400
31.04500
31.04600
31.04500
31.04500
31.04600
31.04700
31.04700
31.04600
31.04600
31.04600
31.04500
31.04700
31.04500
31.04700
31.04700
31.04700
31.04800
31.04500
31.04600
31.04500
31.04400
31.04300
31.04700
31.04700
31.04800
31.05000
31.05200
31.05200
31.05100
31.05300
31.05300
31.05200
31.05100
31.05100
31.04800
31.05000
31.05100
31.05200
31.05200
31.05500
31.05400
31.05500
31.05600
31.05300
31.05500
31.05500
31.05300
31.05300
31.05400
31.05700
31.05800
31.05800
31.05900
31.05800
31.05500
31.05500
31.05500
31.05700
31.05600
31.05700
31.05500
31.05400
31.05700
31.05700
31.05900
31.05600
31.05700
31.05900
31.05800
31.05800
31.05800
31.05800
31.05500
31.05700
31.05500
31.05500
31.05500
31.05500
31.05600
31.05400
31.05500
31.05500
31.05500
31.05300
31.05300
31.05100
31.05100
31.05300
31.05300
31.05200
31.05400
31.05300
31.05300
31.05300
31.05500
31.05300
31.05400
31.05400
31.05300
31.05200
31.05200
31.05300
31.05300
31.05300
31.05400
31.05400
31.05400
31.05400
31.05700
31.05500
31.05600
31.05500
31.05400
31.05400
31.05600
31.05300
31.05000
31.05300
31.05200
31.05300
31.05400
31.05400
31.05400
31.05600
31.05900
31.05700
31.05900
31.05800
31.06100
31.06100
31.05900
31.06200
31.06200
31.06300
31.06300
31.06300
31.06200
31.05900
31.05800
31.05900
31.06000
31.06100
31.06200
31.06400
31.06100
31.06100
31.06200
31.06100
31.06300
31.06400
31.06400
31.06300
31.06400
31.06400
31.06100
31.06100
31.06200
31.06300
31.06300
31.06300
31.06200
31.06100
31.06300
31.06300
31.06000
31.06000
31.05900
31.06100
31.06200
31.06200
31.06200
31.06400
31.06200
31.06000
31.06200
31.06400
31.06300
31.06100
31.06100
31.06300
31.06300
31.06100
31.06200
31.06100
31.06100
31.06000
31.06100
31.06200
31.06100
31.06100
31.06100
31.06000
31.06200
31.06300
31.06300
31.06400
31.06400
31.06500
31.06700
31.06700
31.06800
31.06700
31.06900
31.06700
31.06600
31.06700
31.06600
31.06600
31.06600
31.06700
31.06900
31.07000
31.07000
31.06900
31.06700
31.06700
31.06700
31.06600
31.06800
31.07000
31.06800
31.06700
31.06700
31.06800
31.06700
31.06600
31.06400
31.06500
31.06600
31.06500
31.06600
31.06300
31.06300
31.06300
31.06400
31.06500
31.06300
31.06300
31.06200
31.06300
31.06300
31.06100
31.06100
31.05900
31.05900
31.05800
31.05800
31.05700
31.05600
31.05600
31.05700
31.05900
31.05900
31.05900
31.06100
31.06200
31.06000
31.06100
31.06200
31.06100
31.06000
31.05800
31.05900
31.06000
31.06200
31.06200
31.06300
31.06300
31.06400
31.06400
31.06500
31.06500
31.06600
31.06500
31.06600
31.06600
31.06600
31.06600
31.06600
31.06600
31.06500
31.06300
31.06200
31.06400
31.06300
31.06400
31.06300
31.06200
31.06400
31.06500
31.06400
31.06300
31.06400
31.06300
31.06300
31.06400
31.06500
31.06400
31.06400
31.06400
31.06400
31.06200
31.06200
31.06200
31.06200
31.06300
31.06200
31.06200
31.06300
31.06100
31.06100
31.06100
31.06000
31.05900
31.05600
31.05600
31.05700
31.05700
31.05600
31.05500
31.05400
31.05400
31.05600
31.05700
31.05500
31.05500
31.05500
31.05500
31.05600
31.05600
31.05500
31.05500
31.05600
31.05700
31.05700
31.05500
31.05800
31.05700
31.05400
31.05500
31.05500
31.05500
31.05500
31.05500
31.05600
31.05700
31.05600
31.05700
31.05800
31.05700
31.05700
31.05600
31.05900
31.05900
31.05800
31.05700
31.05600
31.05800
31.05700
31.05700
31.05900
31.06000
31.06000
31.05800
31.05900
31.05600
31.05600
31.05600
31.05700
31.05600
31.05500
31.05600
31.05900
31.06000
31.05900
31.05900
31.06100
31.06200
31.06300
31.06400
31.06100
31.06300
31.06500
31.06500
31.06400
31.06500
31.06700
31.06400
31.06700
31.06700
31.06900
31.06900
31.07000
31.07000
31.06800
31.06800
31.07000
31.07000
31.06900
31.06800
31.06600
31.06900
31.06900
31.07000
31.07100
31.06800
31.07000
31.07200
31.07200
31.07400
31.07200
31.07300
31.07400
31.07300
31.07200
31.07000
31.07100
31.06900
31.06800
31.07100
31.07100
31.07100
31.06900
31.07000
31.07300
31.07400
31.07400
31.07400
31.07600
31.07600
31.07500
31.07500
31.07500
31.07100
31.07000
31.07000
31.07100
31.06900
31.06800
31.06700
31.06700
31.06800
31.06700
31.06600
31.06600
31.06700
31.06900
31.06900
31.06700
31.06600
31.06600
31.06600
31.06900
31.06800
31.06800
31.06900
31.06900
31.06800
31.06800
31.06900
31.07100
31.07000
31.06900
31.06800
31.06700
31.06700
31.06800
31.06800
31.06800
31.06800
31.06800
31.06700
31.06600
31.06500
31.06500
31.06600
31.06800
31.06800
31.06800
31.06700
31.06700
31.06600
31.06700
31.06700
31.07000
31.07100
31.07000
31.07000
31.07100
31.07100
31.07100
31.07200
31.07500
31.07500
31.07300
31.07300
31.07400
31.07400
31.07500
31.07600
31.07500
31.07600
31.07500
31.07500
31.07600
31.07700
31.07700
31.07600
31.07800
31.08000
31.08100
31.08200
31.08200
31.07900
31.07900
31.08000
31.08000
31.08100
31.08100
31.08100
31.08000
31.07900
31.07700
31.07600
31.07900
31.07800
31.07500
31.07600
31.07800
31.07700
31.08000
31.08000
31.08000
31.07900
31.07900
31.07900
31.07800
31.07900
31.07900
31.07800
31.07700
31.07900
31.07900
31.07700
31.07700
31.07600
31.07900
31.07800
31.07800
31.07800
31.07900
31.07900
31.07700
31.07700
31.07800
31.07800
31.07900
31.07900
31.07900
31.07700
31.07800
31.08000
31.07900
31.07700
31.07800
31.07700
31.07600
31.07600
31.07700
31.07600
31.07600
31.07600
31.07400
31.07500
31.07500
31.07400
31.07400
31.07300
31.07000
31.07200
31.07200
31.07100
31.07000
31.07200
31.07300
31.07200
31.07400
31.07400
31.07300
31.07100
31.07100
31.07200
31.07400
31.07600
31.07600
31.07500
31.07400
31.07500
31.07500
31.07500
31.07400
31.07300
31.07300
31.07300
31.07700
31.07700
31.07700
31.07800
31.07900
31.07900
31.07500
31.07400
31.07400
31.07500
31.07400
31.07600
31.07600
31.07500
31.07500
31.07400
31.07400
31.07800
31.07800
31.07800
31.07600
31.07600
31.07700
31.07700
31.08000
31.08000
31.07900
31.07900
31.07700
31.07800
31.07900
31.08100
31.08000
31.08100
31.08100
31.08100
31.08200
31.08300
31.08400
31.08600
31.08700
31.08700
31.08800
31.08700
31.08900
31.08900
31.08900
31.09100
31.08800
31.08700
31.08700
31.08700
31.08600
31.08600
31.08600
31.08700
31.08700
31.09000
31.08900
31.09000
31.08900
31.09000
31.09000
31.09100
31.09100
31.09000
31.08900
31.08800
31.08800
31.08800
31.08800
31.08900
31.08900
31.09100
31.09100
31.09000
31.09100
31.09300
31.09300
31.09400
31.09600
31.09500
31.09700
31.09800
31.09800
31.09800
31.09900
31.10000
31.10200
31.10200
31.10200
31.10400
31.10400
31.10300
31.10500
31.10600
31.10800
31.10700
31.10900
31.11100
31.10900
31.10900
31.11000
31.11000
31.10900
31.11000
31.10900
31.11200
31.11300
31.11200
31.11200
31.11300
31.11300
31.11300
31.11200
31.11200
31.11400
31.11400
31.11600
31.11800
31.11900
31.12000
31.12000
31.12000
31.11800
31.11900
31.11900
31.12000
31.11900
31.11800
31.11800
31.11800
31.11800
31.11900
31.11900
31.11800
31.11900
31.11900
31.12000
31.12100
31.12200
31.12100
31.12100
31.12000
31.12100
31.12100
31.12200
31.12400
31.12200
31.12200
31.12200
31.12200
31.12200
31.12200
31.12300
31.12400
31.12200
31.12300
31.12300
31.12500
31.12600
31.12600
31.12500
31.12600
31.12700
31.12700
31.12900
31.12700
31.12700
31.12900
31.13000
31.12900
31.12800
31.12800
31.12800
31.12800
31.12700
31.12800
31.12900
31.13000
31.12900
31.12800
31.13000
31.13100
31.13200
31.13400
31.13300
31.13400
31.13500
31.13300
31.13300
31.13600
31.13800
31.13600
31.13500
31.13600
31.13400
31.13400
31.13100
31.13100
31.12900
31.13100
31.13100
31.12900
31.13000
31.13300
31.13400
31.13400
31.13400
31.13400
31.13400
31.13400
31.13600
31.13700
31.13600
31.13700
31.13800
31.13800
31.13700
31.13800
31.13400
31.13500
31.13600
31.13600
31.13700
31.13800
31.13900
31.13800
31.13800
31.14000
31.14000
31.14000
31.13800
31.13900
31.13900
31.14200
31.14200
31.14100
31.14000
31.14000
31.14000
31.14100
31.14300
31.14400
31.14400
31.14500
31.14600
31.14500
31.14600
31.14500
31.14600
31.14700
31.14600
31.14800
31.14800
31.14800
31.15000
31.14900
31.14900
31.15000
31.14900
31.15000
31.15300
31.15300
31.15200
31.15200
31.15100
31.15000
31.15200
31.15400
31.15200
31.15200
31.15500
31.15600
31.15500
31.15500
31.15400
31.15400
31.15600
31.15600
31.15600
31.15800
31.15800
31.15900
31.16000
31.16000
31.15800
31.15800
31.15800
31.15800
31.15900
31.15900
31.15900
31.15900
31.16000
31.16200
31.16200
31.16100
31.16000
31.16100
31.16000
31.16000
31.15800
31.16000
31.16300
31.16200
31.16300
31.16400
31.16600
31.16300
31.16300
31.16200
31.16200
31.16300
31.16400
31.16500
31.16600
31.16500
31.16500
31.16400
31.16600
31.16600
31.16500
31.16600
31.16600
31.16500
31.16700
31.16800
31.16900
31.16900
31.16800
31.16600
31.16800
31.17000
31.17100
31.17000
31.17200
31.17200
31.17100
31.17000
31.17000
31.17100
31.17200
31.17300
31.17200
31.17100
31.17200
31.17000
31.16900
31.17000
31.17100
31.16900
31.17200
31.17000
31.17000
31.17200
31.17100
31.17100
31.17300
31.17200
31.17200
31.17300
31.17200
31.17100
31.17300
31.17100
31.17200
31.17200
31.17100
31.17200
31.17200
31.17100
31.17000
31.17100
31.17200
31.17200
31.17300
31.17300
31.17300
31.17300
31.17300
31.17400
31.17600
31.17800
31.17800
31.17800
31.18000
31.18100
31.18200
31.18300
31.18000
31.17900
31.17900
31.17800
31.17800
31.17700
31.17800
31.17800
31.18100
31.18100
31.18100
31.18200
31.18100
31.18200
31.18200
31.18200
31.17800
31.17800
31.18100
31.18200
31.18200
31.18300
31.17900
31.18200
31.18200
31.18200
31.18300
31.18300
31.18400
31.18500
31.18700
31.18700
31.18700
31.18900
31.18900
31.18900
31.19000
31.18800
31.18700
31.18600
31.18900
31.18800
31.19000
31.19000
31.18900
31.18800
31.19000
31.19000
31.19000
31.18900
31.19000
31.19000
31.19000
31.19100
31.18900
31.19000
31.19300
31.19100
31.19000
31.19100
31.19100
31.19100
31.19100
31.19200
31.19200
31.19400
31.19400
31.19600
31.19400
31.19400
31.19400
31.19400
31.19400
31.19400
31.19400
31.19400
31.19500
31.19700
31.19900
31.20000
31.20000
31.19900
31.19600
31.19600
31.19700
31.19800
31.19900
31.19700
31.19600
31.19600
31.19600
31.19700
31.19600
31.19500
31.19300
31.19400
31.19500
31.19400
31.19500
31.19600
31.19600
31.19600
31.19800
31.19800
31.19900
31.20000
31.19900
31.19800
31.19600
31.19800
31.20000
31.20100
31.20200
31.19800
31.19700
31.19900
31.20000
31.19900
31.20100
31.20200
31.20100
31.20200
31.20200
31.20100
31.20200
31.20100
31.20000
31.20200
31.20000
31.20400
31.20400
31.20400
31.20300
31.20300
31.20500
31.20500
31.20400
31.20500
31.20500
31.20500
31.20400
31.20500
31.20700
31.20700
31.20700
31.20600
31.20700
31.20800
31.20800
31.20900
31.20900
31.20900
31.21000
31.21300
31.21200
31.21100
31.21000
31.21200
31.21300
31.21200
31.21100
31.21200
31.21400
31.21200
31.21000
31.21000
31.21100
31.21100
31.21200
31.21300
31.21200
31.21300
31.21400
31.21600
31.21600
31.21500
31.21500
31.21400
31.21300
31.21500
31.21600
31.21600
31.21800
31.21800
31.21800
31.21800
31.21500
31.21500
31.21600
31.21600
31.21600
31.21500
31.21400
31.21400
31.21200
31.21200
31.21000
31.21100
31.21200
31.21300
31.21300
31.21200
31.21300
31.21500
31.21300
31.21400
31.21400
31.21500
31.21400
31.21400
31.21400
31.21400
31.21400
31.21500
31.21500
31.21300
31.21600
31.21500
31.21500
31.21500
31.21600
31.21700
31.22000
31.22000
31.21900
31.22000
31.22000
31.22000
31.22000
31.21900
31.21900
31.22000
31.21900
31.21900
31.22200
31.22100
31.22200
31.22200
31.22200
31.22100
31.22100
31.22300
31.22300
31.22300
31.22600
31.22500
31.22300
31.22500
31.22500
31.22600
31.22700
31.22600
31.22700
31.22700
31.22400
31.22400
31.22400
31.22400
31.22300
31.22300
31.22100
31.22000
31.22000
31.22000
31.22300
31.22300
31.22400
31.22100
31.22100
31.22100
31.22000
31.22100
31.22100
31.22000
31.22000
31.22100
31.22100
31.22200
31.22300
31.22300
31.22300
31.22200
31.22300
31.22300
31.22200
31.22400
31.22400
31.22200
31.21900
31.22200
31.22200
31.22300
31.22400
31.22400
31.22600
31.22300
31.22300
31.22300
31.22200
31.22200
31.22500
31.22600
31.22600
31.22500
31.22400
31.22300
31.22300
31.22600
31.22500
31.22600
31.22400
31.22600
31.22600
31.22300
31.22600
31.22500
31.22500
31.22500
31.22500
31.22400
31.22400
31.22900
31.22800
31.22900
31.22900
31.23000
31.22900
31.23000
31.23000
31.23100
31.23100
31.23000
31.23000
31.23000
31.22900
31.22800
31.22800
31.22900
31.23000
31.22900
31.23200
31.23200
31.23200
31.23200
31.23000
31.23100
31.23400
31.23300
31.23100
31.22900
31.23000
31.22900
31.22900
31.23100
31.23100
31.23000
31.23000
31.23000
31.23100
31.23200
31.23100
31.23200
31.23100
31.23100
31.23200
31.23100
31.23300
31.23500
31.23500
31.23500
31.23300
31.23300
31.23400
31.23400
31.23400
31.23500
31.23500
31.23500
31.23500
31.23500
31.23500
31.23700
31.23500
31.23300
31.23600
31.23600
31.23500
31.23500
31.23400
31.23400
31.23300
31.23300
31.23300
31.23300
31.23400
31.23600
31.23500
31.23600
31.23600
31.23700
31.23600
31.23400
31.23400
31.23600
31.23700
31.23800
31.23800
31.23500
31.23400
31.23500
31.23500
31.23500
31.23500
31.23600
31.23600
31.23500
31.23600
31.23700
31.23500
31.23800
31.23800
31.23700
31.23600
31.23500
31.23400
31.23400
31.23600
31.23600
31.23600
31.23500
31.23400
31.23400
31.23400
31.23700
31.23700
31.23700
31.23700
31.23900
31.24100
31.23800
31.23800
31.23800
31.23800
31.24000
31.24000
31.24100
31.24100
31.24000
31.23900
31.24000
31.24000
31.24200
31.24200
31.24200
31.24100
31.24200
31.24100
31.24300
31.24400
31.24400
31.24600
31.24200
31.24600
31.24500
31.24500
31.24400
31.24500
31.24600
31.24600
31.24800
31.24700
31.24900
31.24900
31.24800
31.24800
31.24900
31.25100
31.25200
31.25100
31.25000
31.25000
31.25300
31.25300
31.25300
31.25300
31.25400
31.25400
31.25300
31.25200
31.25300
31.25300
31.25300
31.25300
31.25700
31.25800
31.25800
31.25700
31.25800
31.25600
31.25700
31.25700
31.25700
31.25800
31.25600
31.25600
31.25700
31.25900
31.25900
31.25700
31.25900
31.25800
31.26000
31.26000
31.25800
31.25700
31.25700
31.25900
31.26000
31.26100
31.26100
31.26100
31.26000
31.25900
31.25800
31.25800
31.25900
31.25800
31.25700
31.25900
31.26000
31.26100
31.26200
31.26400
31.26500
31.26500
31.26700
31.26700
31.26800
31.27000
31.27000
31.23500
31.23625
31.22571
31.22000
31.20200
31.20200
31.12333
31.12333
31.24000
31.24000
