0.00000
0.00000
0.00000
0.00000
0.00000
0.00000
0.00000
0.00000
0.00000
0.00000
0.00000
0.00000
0.00000
0.00000
0.00000
0.00000
0.00000
0.00000
3.40000
8.80000
10.25000
10.35000
13.53300
13.53300
13.56600
13.49100
13.52600
15.32600
15.34100
15.74100
16.09100
16.09100
16.04100
15.87400
16.21900
17.44400
22.09100
22.03300
22.53800
22.76500
22.81700
23.34200
24.16100
23.80500
23.71400
24.50700
24.78500
24.97500
25.47200
25.92600
25.83000
26.06100
26.38200
26.71300
26.99400
27.20500
27.25500
27.20100
27.56500
27.43800
27.82500
27.95600
28.03700
28.33200
28.70700
28.85900
28.85500
28.96700
29.22300
29.41800
29.55200
29.57200
29.59300
29.66400
29.61700
29.56200
29.63200
29.64500
29.63700
29.71100
29.79700
29.74700
29.73300
29.78200
29.94900
29.97600
29.84100
29.85800
29.92100
30.01600
30.10000
30.03100
29.98100
30.00800
30.29400
30.32000
30.46200
30.46200
30.50400
30.55900
30.56400
30.54600
30.66700
30.70100
30.66200
30.79500
30.88700
30.91000
30.90700
30.88500
30.97800
30.93500
30.97000
30.95900
30.98800
30.91100
30.93500
30.90100
30.89800
30.89600
30.95700
30.96500
30.94600
30.88400
30.91900
30.95800
30.92600
31.00000
31.01600
31.01100
31.00900
31.01400
30.98200
31.00300
31.00400
31.02700
31.09100
31.09700
31.21900
31.26500
31.22200
31.20900
31.19200
31.13600
31.16500
31.15700
31.19400
31.23500
31.22600
31.21400
31.23700
31.23400
31.20900
31.26200
31.27100
31.28200
31.30500
31.30200
31.30400
31.26200
31.25500
31.22100
31.23200
31.24900
31.20700
31.18800
31.21700
31.28500
31.25000
31.27000
31.28100
31.31600
31.34500
31.34000
31.28400
31.26500
31.26400
31.27900
31.26600
31.25000
31.26700
31.28100
31.29600
31.31700
31.31100
31.29100
31.32700
31.32000
31.36200
31.34600
31.36500
31.37800
31.37800
31.39400
31.38400
31.35800
31.35300
31.37300
31.38900
31.40800
31.42400
31.43500
31.49800
31.50200
31.52800
31.55400
31.55000
31.53600
31.56400
31.57100
31.55300
31.58800
31.62600
31.65100
31.65400
31.67200
31.66000
31.67200
31.67800
31.63600
31.64100
31.62100
31.61900
31.63300
31.65000
31.64200
31.68900
31.68600
31.67800
31.67600
31.70900
31.66600
31.68900
31.69700
31.73300
31.76400
31.74600
31.73800
31.76300
31.76400
31.77300
31.79800
31.77800
31.75800
31.74300
31.75800
31.80400
31.77200
31.77400
31.77100
31.78100
31.76000
31.77000
31.78800
31.78600
31.78400
31.77800
31.77300
31.78700
31.78700
31.74000
31.74100
31.73600
31.73200
31.71700
31.71400
31.69700
31.66100
31.65100
31.68300
31.69500
31.70400
31.70500
31.71500
31.72400
31.75400
31.77300
31.79600
31.76800
31.78100
31.82100
31.83800
31.83700
31.82500
31.83200
31.83100
31.84600
31.82000
31.83200
31.80500
31.81500
31.84600
31.85700
31.85400
31.83400
31.84200
31.81300
31.80700
31.83500
31.83100
31.84700
31.87000
31.86400
31.86200
31.86300
31.84000
31.83700
31.84800
31.83600
31.82900
31.85300
31.83500
31.81700
31.82900
31.84300
31.83500
31.82700
31.82700
31.83100
31.87100
31.86700
31.85600
31.88000
31.88900
31.88200
31.90400
31.90100
31.90600
31.89200
31.91000
31.92000
31.91000
31.92000
31.90000
31.89700
31.88800
31.92000
31.94100
31.94700
31.95600
31.98900
32.00100
32.00800
32.01700
32.01100
32.01600
32.02200
32.03500
32.03100
32.03700
32.06500
32.07700
32.07300
32.08000
32.08000
32.09300
32.07500
32.07100
32.07800
32.08400
32.08000
32.08000
32.10000
32.10300
32.09800
32.10100
32.09900
32.13100
32.12100
32.14300
32.13300
32.13000
32.12700
32.13100
32.15100
32.16100
32.16400
32.16000
32.15400
32.14000
32.12700
32.14600
32.14400
32.11700
32.13800
32.14900
32.14600
32.14800
32.14000
32.14100
32.14200
32.13600
32.12400
32.12800
32.12500
32.12600
32.10700
32.10300
32.11800
32.10400
32.11100
32.10700
32.10800
32.12300
32.13600
32.13600
32.13100
32.14400
32.13500
32.13100
32.13300
32.12200
32.11400
32.14100
32.14400
32.11400
32.09700
32.11200
32.09500
32.09900
32.11100
32.11300
32.11600
32.11800
32.12500
32.11600
32.12900
32.12600
32.13300
32.11900
32.11900
32.13500
32.14000
32.14400
32.13900
32.13700
32.13700
32.15200
32.15800
32.15300
32.15500
32.15800
32.15100
32.14200
32.15500
32.14900
32.16000
32.17200
32.15700
32.16000
32.17800
32.17900
32.18400
32.18400
32.18500
32.17900
32.18400
32.16100
32.16100
32.16800
32.16000
32.18000
32.18200
32.17300
32.17400
32.17800
32.18400
32.18900
32.18600
32.20200
32.19400
32.20000
32.19700
32.18900
32.18300
32.17000
32.17100
32.16100
32.17000
32.17100
32.16400
32.15900
32.16900
32.17100
32.17000
32.16300
32.15600
32.14600
32.15000
32.15800
32.15300
32.16000
32.15800
32.15400
32.16800
32.15500
32.16700
32.17600
32.16000
32.15500
32.17300
32.16400
32.15200
32.14400
32.13500
32.14100
32.13300
32.15300
32.15800
32.15400
32.16500
32.16700
32.17300
32.16700
32.17200
32.17300
32.17300
32.18900
32.17900
32.18200
32.17900
32.18300
32.18400
32.18600
32.18300
32.19000
32.19200
32.20300
32.21400
32.21600
32.21000
32.21900
32.23000
32.23400
32.22900
32.23200
32.23700
32.23300
32.23100
32.23100
32.23100
32.23300
32.22900
32.22700
32.24700
32.24800
32.24800
32.23900
32.24400
32.23900
32.24500
32.24700
32.24600
32.24700
32.25400
32.26000
32.24400
32.24100
32.23100
32.23000
32.24200
32.24400
32.24500
32.24700
32.23700
32.22400
32.22700
32.21800
32.23000
32.22700
32.21700
32.21600
32.22500
32.23600
32.23300
32.24200
32.23100
32.23900
32.24500
32.24200
32.22800
32.22400
32.21300
32.20700
32.22100
32.20800
32.20900
32.20800
32.20500
32.21300
32.20600
32.20200
32.20500
32.21500
32.21400
32.20300
32.20600
32.20800
32.21800
32.20700
32.20200
32.19600
32.19800
32.19000
32.19100
32.20000
32.20000
32.20100
32.19600
32.19600
32.19700
32.19600
32.19600
32.20000
32.19800
32.20100
32.18900
32.18200
32.19300
32.19200
32.19200
32.19700
32.19100
32.18400
32.17800
32.17800
32.17500
32.17300
32.17300
32.17600
32.16200
32.16600
32.16700
32.17000
32.17000
32.16400
32.16700
32.17100
32.17000
32.18000
32.18400
32.18400
32.16500
32.16500
32.16400
32.16500
32.15600
32.15000
32.16100
32.15900
32.16100
32.16900
32.16400
32.17400
32.18300
32.17700
32.18100
32.18000
32.18200
32.18900
32.17700
32.18100
32.18700
32.19500
32.19800
32.20500
32.20300
32.20100
32.20100
32.19700
32.18400
32.18900
32.18600
32.17600
32.16700
32.17200
32.18100
32.18300
32.18800
32.17900
32.19100
32.19200
32.19300
32.19700
32.20000
32.22100
32.21300
32.22300
32.22600
32.23100
32.22300
32.21000
32.21900
32.22300
32.22500
32.22700
32.22300
32.22000
32.22100
32.21800
32.22100
32.21100
32.21200
32.21300
32.21600
32.21100
32.20600
32.21000
32.21100
32.21700
32.21900
32.22100
32.22200
32.22500
32.22900
32.22900
32.22400
32.22400
32.21600
32.21700
32.22400
32.22400
32.23000
32.23500
32.23500
32.22100
32.21200
32.22500
32.22400
32.22600
32.23500
32.23400
32.24600
32.23600
32.24100
32.24200
32.24500
32.24600
32.25500
32.25500
32.25300
32.25300
32.25000
32.24300
32.25700
32.25800
32.25100
32.24600
32.24800
32.25400
32.25400
32.24600
32.24000
32.24100
32.25300
32.25200
32.25100
32.25500
32.25500
32.25700
32.25000
32.25600
32.25300
32.25100
32.25100
32.25700
32.25400
32.24800
32.24800
32.24000
32.23600
32.24300
32.23700
32.25300
32.26100
32.26300
32.25800
32.26700
32.27100
32.26100
32.25900
32.25400
32.26400
32.26800
32.26500
32.27700
32.28400
32.28600
32.29300
32.29300
32.28900
32.28400
32.28600
32.30200
32.30300
32.30600
32.30600
32.31300
32.32100
32.32700
32.32300
32.32800
32.32700
32.32800
32.33900
32.33400
32.33700
32.33800
32.35200
32.35100
32.36100
32.35700
32.35100
32.36100
32.36000
32.35900
32.35600
32.35600
32.35100
32.35100
32.35000
32.36600
32.37900
32.37800
32.38000
32.36800
32.37100
32.37300
32.36800
32.36600
32.36100
32.37000
32.37400
32.38500
32.38200
32.38700
32.38700
32.38500
32.38400
32.39400
32.39100
32.38200
32.38800
32.39800
32.39700
32.39000
32.39900
32.39700
32.39400
32.40100
32.39100
32.40500
32.40700
32.40700
32.41000
32.41100
32.40800
32.40500
32.40500
32.40400
32.40300
32.40600
32.41900
32.42700
32.42600
32.43000
32.41800
32.41600
32.41000
32.41900
32.41800
32.41900
32.42000
32.42800
32.42300
32.42500
32.42000
32.43400
32.44500
32.45100
32.45100
32.45200
32.44800
32.44800
32.45000
32.45100
32.44900
32.45100
32.43900
32.45600
32.46000
32.46700
32.45700
32.45400
32.45500
32.45100
32.45300
32.46900
32.47500
32.46800
32.46800
32.46600
32.45900
32.45700
32.45700
32.47100
32.47100
32.46800
32.46900
32.47400
32.47600
32.48800
32.48300
32.48300
32.48200
32.47700
32.47100
32.46300
32.46200
32.47000
32.46700
32.46900
32.46700
32.46700
32.47700
32.48000
32.48700
32.48400
32.47700
32.48100
32.47800
32.48100
32.48700
32.49300
32.49200
32.49100
32.48600
32.48500
32.48900
32.49600
32.49600
32.50400
32.50400
32.49900
32.50500
32.50800
32.50800
32.51200
32.51100
32.51400
32.51500
32.51200
32.50900
32.51200
32.51000
32.51200
32.52300
32.52500
32.52300
32.51600
32.51700
32.52000
32.52200
32.52100
32.52200
32.52600
32.52900
32.52900
32.52700
32.52200
32.52000
32.52200
32.51600
32.51500
32.51700
32.51400
32.50700
32.51200
32.50900
32.50700
32.51000
32.50700
32.50600
32.50900
32.51100
32.51100
32.50600
32.50200
32.50600
32.50300
32.49800
32.49800
32.49900
32.49700
32.49800
32.49700
32.50100
32.50200
32.49400
32.49000
32.49500
32.49600
32.49700
32.49900
32.49700
32.49500
32.49500
32.49100
32.49200
32.49300
32.48800
32.48400
32.48000
32.48000
32.48300
32.48500
32.48300
32.48600
32.48300
32.48500
32.49500
32.50000
32.48900
32.49100
32.49100
32.49400
32.49400
32.49600
32.49000
32.48700
32.48400
32.48800
32.49200
32.49300
32.49400
32.49500
32.48900
32.48500
32.48200
32.48200
32.48100
32.47800
32.48000
32.47900
32.48000
32.47500
32.47900
32.47200
32.46800
32.47300
32.46800
32.47100
32.46500
32.46900
32.47000
32.46800
32.47100
32.47000
32.46600
32.46700
32.47400
32.47300
32.46500
32.46600
32.46800
32.46800
32.46700
32.47100
32.47500
32.48300
32.48300
32.48300
32.48600
32.48900
32.49200
32.48600
32.48500
32.49000
32.48900
32.49000
32.49100
32.48900
32.49500
32.49000
32.49000
32.50100
32.50200
32.50100
32.50400
32.50000
32.50600
32.50200
32.50000
32.49900
32.49500
32.49600
32.50000
32.50400
32.50400
32.50400
32.50700
32.50600
32.51100
32.51700
32.52100
32.52300
32.51900
32.52000
32.51700
32.51700
32.52100
32.52300
32.52700
32.52900
32.53300
32.53900
32.54200
32.54600
32.54100
32.54300
32.54500
32.54400
32.54100
32.53800
32.54200
32.54100
32.54500
32.55200
32.54900
32.54600
32.54700
32.55100
32.55800
32.55800
32.55800
32.56100
32.56200
32.56700
32.57000
32.57400
32.57500
32.57300
32.57200
32.57600
32.57400
32.57600
32.57900
32.58300
32.58700
32.58000
32.57400
32.57000
32.57000
32.56700
32.56500
32.57000
32.56500
32.56800
32.56600
32.56600
32.57200
32.57400
32.57500
32.57200
32.56800
32.56700
32.56600
32.56500
32.56500
32.56400
32.56700
32.55800
32.55800
32.55900
32.55200
32.55800
32.55700
32.55500
32.55900
32.55600
32.54900
32.54300
32.54500
32.54300
32.53200
32.53100
32.53600
32.53100
32.53300
32.53600
32.54200
32.54100
32.53800
32.54000
32.53700
32.53800
32.53700
32.53900
32.54200
32.54100
32.54100
32.54800
32.54700
32.54900
32.54800
32.54800
32.54500
32.54300
32.54900
32.54600
32.54800
32.54600
32.54300
32.54800
32.54100
32.53800
32.54200
32.54500
32.53900
32.54100
32.53900
32.53800
32.53800
32.53700
32.53300
32.53700
32.54100
32.54100
32.54200
32.53900
32.53600
32.53400
32.52800
32.53300
32.53300
32.53100
32.53200
32.53400
32.53200
32.52800
32.53000
32.52700
32.53000
32.52900
32.53000
32.52700
32.52000
32.51800
32.51100
32.51100
32.50500
32.50700
32.50200
32.50200
32.50100
32.49300
32.49700
32.49700
32.49300
32.49300
32.49300
32.49000
32.48900
32.49100
32.49400
32.49300
32.49200
32.49300
32.48900
32.49200
32.48400
32.47800
32.47500
32.47900
32.47700
32.47700
32.47200
32.47400
32.48000
32.47500
32.47400
32.47200
32.47100
32.47100
32.46800
32.46800
32.47000
32.47400
32.47000
32.46900
32.46900
32.46800
32.46400
32.46400
32.46400
32.46900
32.46900
32.46700
32.46400
32.46700
32.46500
32.45500
32.45500
32.45800
32.45800
32.45900
32.45500
32.45600
32.45700
32.45900
32.46100
32.46200
32.46500
32.46800
32.47000
32.46700
32.46500
32.46900
32.46900
32.46900
32.46400
32.46400
32.46200
32.46100
32.45600
32.45700
32.45700
32.45100
32.45200
32.45800
32.45900
32.46100
32.46200
32.46100
32.45800
32.46000
32.46400
32.45900
32.46200
32.46700
32.46500
32.46600
32.47000
32.47400
32.47400
32.47300
32.47300
32.47100
32.46700
32.46700
32.47100
32.46500
32.46300
32.46700
32.46700
32.46900
32.46800
32.46800
32.47400
32.47700
32.47100
32.47300
32.47300
32.47000
32.47000
32.47600
32.47600
32.47400
32.47800
32.47800
32.47300
32.47600
32.47700
32.47500
32.47700
32.47700
32.47700
32.48100
32.48100
32.47600
32.47400
32.47000
32.47000
32.46700
32.46600
32.46700
32.46500
32.46600
32.46400
32.45900
32.45700
32.45800
32.45600
32.45800
32.45900
32.46000
32.46100
32.45600
32.45900
32.44900
32.44900
32.45000
32.45000
32.44900
32.45600
32.45500
32.45300
32.45500
32.45700
32.45600
32.45900
32.45600
32.45800
32.45300
32.45400
32.45100
32.45600
32.46000
32.46200
32.46600
32.46600
32.46800
32.46700
32.46800
32.47200
32.47100
32.47600
32.47700
32.47800
32.48700
32.48800
32.48400
32.48500
32.48800
32.48500
32.48300
32.48200
32.48000
32.48300
32.48600
32.48800
32.48500
32.48700
32.48300
32.48200
32.48100
32.48000
32.47600
32.47700
32.47500
32.47800
32.48000
32.48000
32.47700
32.47900
32.48000
32.47900
32.48400
32.48900
32.48900
32.48600
32.48700
32.48500
32.48300
32.48300
32.48200
32.48000
32.48100
32.48000
32.47300
32.47200
32.47000
32.47000
32.47100
32.46500
32.46900
32.46800
32.47000
32.46500
32.46200
32.46300
32.46200
32.46200
32.46000
32.46000
32.46100
32.46000
32.45900
32.45900
32.46200
32.45900
32.45400
32.45600
32.45800
32.45400
32.44900
32.44800
32.44500
32.44300
32.44000
32.44000
32.44400
32.44200
32.44100
32.43500
32.43700
32.43600
32.43400
32.43400
32.43100
32.43100
32.42900
32.42900
32.42800
32.42700
32.42700
32.43000
32.42800
32.42700
32.43300
32.43100
32.42900
32.42500
32.42000
32.42300
32.41900
32.41600
32.41800
32.41900
32.41900
32.41500
32.41400
32.40800
32.40700
32.40700
32.40800
32.40900
32.40500
32.40300
32.40400
32.40100
32.39900
32.39900
32.40200
32.40000
32.40100
32.40100
32.40200
32.40200
32.39700
32.39600
32.39600
32.39300
32.39300
32.39100
32.38900
32.38600
32.38900
32.39100
32.38700
32.38600
32.38600
32.38800
32.39300
32.39600
32.39500
32.39300
32.39300
32.39300
32.39600
32.39500
32.39400
32.39500
32.38800
32.38600
32.38400
32.38700
32.39400
32.39100
32.38800
32.38600
32.38800
32.38700
32.38800
32.39000
32.39100
32.38900
32.38600
32.38600
32.38300
32.38200
32.38000
32.37900
32.38100
32.38000
32.37900
32.38300
32.38400
32.38600
32.38400
32.38800
32.38600
32.38200
32.38200
32.38300
32.38100
32.38200
32.38100
32.38100
32.38100
32.37800
32.37700
32.38300
32.38100
32.37400
32.37700
32.37400
32.37300
32.37400
32.37300
32.37500
32.37800
32.37600
32.37600
32.37600
32.37300
32.37300
32.37400
32.37500
32.38100
32.38500
32.37900
32.37400
32.37300
32.37500
32.37300
32.37600
32.37600
32.37800
32.37700
32.37700
32.37400
32.37800
32.37600
32.37100
32.36900
32.37300
32.36800
32.36800
32.36900
32.36800
32.37400
32.36900
32.37200
32.37600
32.37900
32.37800
32.37500
32.37500
32.37800
32.37700
32.37700
32.37300
32.37300
32.36900
32.36700
32.36400
32.36400
32.36300
32.36200
32.36100
32.36000
32.35800
32.35800
32.35400
32.35500
32.35300
32.35200
32.35400
32.34900
32.34600
32.34600
32.34700
32.34700
32.34700
32.34900
32.34500
32.34200
32.34200
32.34300
32.34400
32.34700
32.34600
32.34700
32.34400
32.34400
32.34600
32.34600
32.34700
32.34500
32.34400
32.34300
32.34100
32.34000
32.33900
32.33800
32.33800
32.33500
32.33400
32.33500
32.33500
32.33800
32.33700
32.33600
32.33600
32.33700
32.33400
32.33500
32.33900
32.33900
32.33800
32.33400
32.33500
32.33700
32.33800
32.33800
32.33800
32.33600
32.33500
32.33400
32.33200
32.32700
32.32700
32.33000
32.33200
32.33100
32.33200
32.32500
32.32400
32.32500
32.32200
32.32100
32.32300
32.32200
32.32500
32.32300
32.32200
32.31900
32.31700
32.31600
32.32000
32.31700
32.32200
32.32500
32.32000
32.31500
32.31700
32.31800
32.31700
32.32100
32.31900
32.32300
32.32300
32.32000
32.32200
32.31800
32.31900
32.31600
32.31900
32.31400
32.31900
32.31500
32.31700
32.31800
32.31900
32.32100
32.32400
32.32800
32.33000
32.33200
32.33100
32.33200
32.33100
32.32900
32.32700
32.32800
32.33100
32.32800
32.32900
32.33800
32.33900
32.33800
32.34100
32.34500
32.34700
32.34800
32.34700
32.34700
32.35000
32.35500
32.35900
32.36200
32.36400
32.36200
32.36000
32.34900
32.35300
32.36000
32.35800
32.36100
32.35700
32.35700
32.35600
32.35400
32.35200
32.35300
32.35400
32.35400
32.35300
32.36100
32.36300
32.36600
32.36400
32.36800
32.37000
32.37000
32.37200
32.37000
32.36900
32.36900
32.37000
32.36800
32.37000
32.37300
32.37400
32.37700
32.37900
32.38100
32.37900
32.37700
32.37900
32.38100
32.37900
32.38000
32.37400
32.37400
32.37600
32.37700
32.37700
32.38000
32.37900
32.38100
32.38200
32.38500
32.38200
32.38400
32.38200
32.38200
32.38200
32.38700
32.38600
32.38200
32.38300
32.38400
32.38500
32.39300
32.39300
32.39200
32.39300
32.39000
32.39000
32.38800
32.39000
32.39100
32.39200
32.38900
32.39100
32.39500
32.39400
32.39300
32.39300
32.39500
32.39200
32.39600
32.39700
32.39900
32.39700
32.39600
32.39800
32.39900
32.39700
32.39400
32.39500
32.39500
32.39600
32.39400
32.39800
32.39900
32.39700
32.39600
32.39800
32.39700
32.39700
32.39900
32.39700
32.39600
32.39600
32.39600
32.39600
32.39700
32.39800
32.39800
32.40200
32.40100
32.40100
32.40000
32.40000
32.40200
32.40400
32.40100
32.40000
32.40300
32.40000
32.40000
32.40100
32.39700
32.39500
32.39400
32.39700
32.39500
32.39300
32.38800
32.38800
32.38900
32.38800
32.39000
32.38900
32.38700
32.39000
32.39200
32.39100
32.39000
32.39000
32.39300
32.39300
32.39200
32.39400
32.39300
32.39200
32.39300
32.39100
32.38900
32.38800
32.38900
32.39000
32.38900
32.39100
32.39400
32.39300
32.39000
32.39000
32.39300
32.39300
32.39000
32.39200
32.38900
32.38900
32.39300
32.39300
32.39300
32.39300
32.39000
32.38500
32.38600
32.38700
32.38800
32.38900
32.38400
32.38100
32.37900
32.37800
32.38000
32.38100
32.38200
32.38200
32.38000
32.37900
32.37800
32.37600
32.37500
32.37500
32.37300
32.37300
32.37300
32.37400
32.37500
32.37100
32.36800
32.37000
32.36500
32.36500
32.36300
32.36200
32.36300
32.36300
32.36200
32.36100
32.36000
32.35800
32.35800
32.35700
32.35600
32.35300
32.35200
32.34600
32.34400
32.34300
32.34200
32.34400
32.34300
32.34400
32.34200
32.34100
32.34000
32.33800
32.33700
32.33500
32.33400
32.33300
32.33100
32.33100
32.33200
32.33200
32.32900
32.32900
32.32900
32.32900
32.33000
32.32900
32.33300
32.33000
32.33000
32.32600
32.32500
32.32400
32.32400
32.32400
32.32600
32.32500
32.32500
32.32800
32.32700
32.32700
32.32800
32.32400
32.32600
32.32100
32.32100
32.32300
32.32500
32.32600
32.32500
32.32700
32.32500
32.32500
32.32300
32.32400
32.32500
32.32600
32.32300
32.32200
32.32000
32.31700
32.32300
32.32400
32.32200
32.32100
32.32200
32.31900
32.31700
32.31700
32.31500
32.31300
32.31400
32.31300
32.31200
32.31000
32.31300
32.31300
32.31100
32.31300
32.31400
32.31500
32.31500
32.31200
32.31300
32.31100
32.31100
32.31200
32.30900
32.30900
32.30600
32.30100
32.29700
32.29700
32.29900
32.29700
32.29300
32.29300
32.29200
32.29000
32.29000
32.28900
32.29200
32.29100
32.29200
32.29000
32.29000
32.28800
32.28900
32.28800
32.28500
32.28500
32.28300
32.28200
32.28100
32.27900
32.28200
32.28300
32.28200
32.28300
32.28200
32.28100
32.28300
32.28100
32.28100
32.27900
32.28000
32.27900
32.28200
32.28400
32.28300
32.28200
32.28000
32.27900
32.27900
32.27900
32.27800
32.28400
32.28400
32.28300
32.28300
32.28200
32.28000
32.27600
32.27400
32.27400
32.27600
32.27400
32.27300
32.27200
32.27100
32.26800
32.26800
32.26700
32.26500
32.26600
32.26400
32.26500
32.26300
32.26400
32.26000
32.25900
32.25800
32.25700
32.25900
32.25900
32.26000
32.26000
32.25900
32.25900
32.25800
32.25600
32.25600
32.25600
32.25700
32.25600
32.25500
32.25800
32.25900
32.25800
32.25700
32.25600
32.25600
32.25500
32.25300
32.25300
32.25200
32.25000
32.24500
32.24600
32.24700
32.24700
32.24700
32.24800
32.24800
32.24900
32.25000
32.24900
32.24700
32.24700
32.24500
32.24100
32.24000
32.24200
32.24200
32.24300
32.24200
32.24200
32.24100
32.24200
32.24400
32.24500
32.24200
32.24200
32.24100
32.24200
32.24100
32.23900
32.24200
32.24200
32.24000
32.24300
32.24200
32.24200
32.24100
32.24000
32.24100
32.24100
32.24000
32.24000
32.23800
32.24000
32.23900
32.24000
32.23700
32.23800
32.23600
32.23500
32.23600
32.23700
32.23800
32.23600
32.23500
32.23300
32.23500
32.23100
32.23100
32.23200
32.23200
32.23200
32.23200
32.23100
32.23100
32.23100
32.23000
32.22700
32.22700
32.22500
32.22400
32.22400
32.22400
32.22400
32.22500
32.22400
32.22300
32.22000
32.22100
32.22100
32.22000
32.22200
32.22300
32.22300
32.22000
32.22200
32.21800
32.21700
32.21400
32.21300
32.21100
32.21100
32.20900
32.21000
32.21200
32.21200
32.21200
32.21100
32.21100
32.21200
32.20900
32.21100
32.21300
32.21100
32.21200
32.21200
32.21000
32.21200
32.21000
32.21100
32.21300
32.21400
32.21400
32.21700
32.21600
32.21500
32.21600
32.21700
32.21900
32.22000
32.22000
32.22200
32.22100
32.21800
32.21700
32.22000
32.22100
32.22200
32.22400
32.21900
32.22200
32.22200
32.22100
32.21700
32.22300
32.22300
32.22300
32.22000
32.22000
32.22300
32.22400
32.22400
32.22400
32.22600
32.22400
32.22800
32.22900
32.22800
32.22800
32.22600
32.22900
32.22600
32.22500
32.22900
32.22900
32.23000
32.23000
32.23300
32.23200
32.23100
32.22900
32.23200
32.23300
32.23600
32.23500
32.23600
32.23700
32.23700
32.23800
32.23500
32.23400
32.23300
32.23100
32.23200
32.23300
32.23400
32.23400
32.23400
32.23400
32.23200
32.23300
32.23300
32.23700
32.23700
32.23600
32.23400
32.24000
32.24200
32.23900
32.24100
32.23900
32.23600
32.23700
32.23700
32.23600
32.23700
32.23900
32.23900
32.23500
32.23600
32.23600
32.23600
32.23700
32.24000
32.24000
32.23900
32.24000
32.23800
32.24100
32.24300
32.24500
32.24300
32.24300
32.24300
32.24200
32.24400
32.24400
32.24700
32.25000
32.25000
32.25100
32.25200
32.25100
32.25500
32.25400
32.25500
32.25700
32.25400
32.25500
32.25900
32.25900
32.26000
32.26000
32.25900
32.25900
32.26000
32.26000
32.26200
32.26100
32.26300
32.26200
32.26100
32.26100
32.26100
32.25900
32.26300
32.25900
32.26100
32.26100
32.26000
32.26500
32.26500
32.26700
32.26500
32.26600
32.26600
32.26600
32.26600
32.26700
32.26800
32.26800
32.26900
32.26800
32.26800
32.26800
32.26900
32.27100
32.27100
32.27100
32.27000
32.27000
32.27100
32.27500
32.27300
32.27000
32.27100
32.27100
32.27100
32.27000
32.27000
32.27100
32.27100
32.27100
32.27100
32.27300
32.27400
32.27200
32.27000
32.27000
32.27000
32.27100
32.26900
32.26900
32.27000
32.26500
32.26500
32.26500
32.27000
32.27100
32.26800
32.27300
32.27000
32.26800
32.27200
32.27100
32.26900
32.27100
32.27000
32.26900
32.27000
32.26800
32.26600
32.26300
32.26500
32.26200
32.26400
32.26500
32.26700
32.26700
32.26700
32.26800
32.26800
32.27000
32.27000
32.26800
32.27000
32.27000
32.27100
32.27100
32.27300
32.27400
32.27400
32.27300
32.27400
32.27400
32.27800
32.27500
32.27600
32.27800
32.28000
32.28100
32.28400
32.28500
32.28500
32.28700
32.28700
32.28400
32.28600
32.28900
32.28700
32.28700
32.28800
32.28600
32.28800
32.29000
32.29000
32.29300
32.29300
32.29400
32.29500
32.29600
32.29600
32.29600
32.29500
32.29200
32.29200
32.29300
32.29400
32.29400
32.29400
32.29400
32.29400
32.29600
32.29200
32.29100
32.29300
32.29400
32.29500
32.29500
32.29400
32.29100
32.29200
32.29400
32.29000
32.28500
32.28700
32.28500
32.28500
32.28500
32.28500
32.28700
32.28400
32.28800
32.28700
32.28800
32.28800
32.28600
32.28700
32.28400
32.28700
32.28700
32.28700
32.28700
32.28800
32.29000
32.29000
32.29300
32.29600
32.29600
32.29700
32.29600
32.29600
32.29900
32.30400
32.30300
32.30300
32.30300
32.30600
32.30500
32.30700
32.30600
32.30700
32.30900
32.30900
32.30900
32.30900
32.30600
32.30400
32.30700
32.31000
32.30800
32.31100
32.31300
32.31000
32.30900
32.31100
32.31200
32.31300
32.31400
32.31500
32.31600
32.31500
32.31100
32.31000
32.31200
32.31100
32.31200
32.31500
32.31900
32.31900
32.32200
32.32200
32.32400
32.32300
32.32100
32.32300
32.32200
32.32200
32.32300
32.32300
32.32400
32.32500
32.32800
32.32700
32.33000
32.32700
32.32800
32.32800
32.32900
32.32700
32.32800
32.32900
32.32800
32.32900
32.32900
32.33100
32.33000
32.33300
32.33400
32.33300
32.32900
32.33000
32.33000
32.33400
32.33600
32.33400
32.33500
32.33500
32.33600
32.33800
32.33800
32.33900
32.33700
32.33600
32.33700
32.33500
32.33500
32.33500
32.33300
32.33100
32.33100
32.32900
32.33400
32.33600
32.33600
32.33600
32.33500
32.33500
32.33600
32.33500
32.33700
32.33600
32.33600
32.33800
32.33900
32.33900
32.34000
32.34100
32.34000
32.34300
32.34100
32.33900
32.33900
32.33700
32.33800
32.33700
32.33700
32.33700
32.33600
32.33700
32.33800
32.34000
32.33700
32.33600
32.33700
32.33700
32.34000
32.34100
32.34100
32.34000
32.34100
32.34100
32.34300
32.33900
32.33600
32.33200
32.33300
32.33600
32.33800
32.33700
32.33700
32.33600
32.33800
32.34000
32.33900
32.33700
32.33400
32.33400
32.33500
32.33600
32.33700
32.33500
32.33400
32.33200
32.33100
32.32900
32.32900
32.32900
32.32800
32.32700
32.32700
32.32600
32.32400
32.32200
32.32500
32.32500
32.32600
32.32500
32.32700
32.32500
32.32500
32.32600
32.32400
32.32800
32.32600
32.32400
32.32400
32.32600
32.32500
32.32400
32.32400
32.32400
32.32200
32.32300
32.32200
32.32200
32.32400
32.32600
32.32100
32.32000
32.32300
32.32100
32.31900
32.32100
32.31900
32.32000
32.31900
32.32100
32.31900
32.31800
32.31900
32.31900
32.31800
32.31500
32.31800
32.31900
32.32100
32.32200
32.32400
32.32300
32.32000
32.32100
32.32000
32.32100
32.31900
32.32100
32.32100
32.32200
32.32000
32.31900
32.32000
32.32100
32.32100
32.32000
32.32000
32.32000
32.31900
32.32200
32.32200
32.32200
32.31800
32.32000
32.32200
32.32300
32.32200
32.31900
32.32100
32.32200
32.32100
32.32000
32.31800
32.31800
32.31800
32.32000
32.31900
32.31900
32.31900
32.31900
32.32000
32.31900
32.31600
32.31700
32.31500
32.31500
32.31700
32.31600
32.31800
32.31900
32.31800
32.31800
32.31600
32.31600
32.31600
32.31500
32.31700
32.31800
32.31900
32.32000
32.31900
32.31900
32.31800
32.31900
32.32000
32.31800
32.32000
32.32000
32.31900
32.31800
32.31900
32.32000
32.31800
32.31600
32.31600
32.31900
32.32100
32.32100
32.32200
32.32300
32.32200
32.32100
32.32200
32.32100
32.32200
32.32000
32.31800
32.31700
32.31800
32.31900
32.31900
32.32000
32.32100
32.31900
32.31900
32.32000
32.31900
32.32000
32.32100
32.32100
32.32100
32.31900
32.31600
32.31900
32.31800
32.31700
32.31700
32.31700
32.31800
32.31800
32.32000
32.31800
32.31700
32.31700
32.31500
32.31400
32.31100
32.31100
32.31200
32.31100
32.31400
32.31400
32.31500
32.31000
32.30800
32.30600
32.30600
32.30800
32.31000
32.31000
32.31100
32.31200
32.31100
32.31100
32.31200
32.31300
32.31100
32.31100
32.31200
32.31200
32.31400
32.31200
32.31200
32.30900
32.30600
32.30600
32.30700
32.30400
32.30500
32.30500
32.30500
32.30300
32.30400
32.30100
32.30100
32.30200
32.30200
32.30400
32.30200
32.30400
32.30300
32.30300
32.30500
32.30300
32.30500
32.30500
32.30500
32.30300
32.30600
32.30800
32.30700
32.30400
32.30300
32.29900
32.30000
32.30000
32.30200
32.30000
32.30100
32.29900
32.30100
32.29900
32.29900
32.29700
32.29600
32.29500
32.29400
32.29800
32.29500
32.29400
32.29700
32.29600
32.29600
32.29500
32.29300
32.29400
32.29500
32.29500
32.29700
32.29500
32.29400
32.29000
32.29000
32.29100
32.29100
32.29300
32.29400
32.29500
32.29500
32.28900
32.28900
32.29300
32.29100
32.29200
32.29100
32.29200
32.29100
32.29400
32.29400
32.29200
32.29100
32.29100
32.29100
32.28800
32.28600
32.28700
32.28700
32.28700
32.28700
32.28800
32.28600
32.28600
32.28600
32.28300
32.28300
32.28600
32.28500
32.28500
32.28500
32.28600
32.28700
32.28600
32.28700
32.28500
32.28200
32.28400
32.28400
32.28400
32.28400
32.28600
32.28500
32.28800
32.28900
32.29300
32.29100
32.29100
32.29000
32.29300
32.29200
32.29100
32.29100
32.29500
32.29400
32.29500
32.29700
32.29400
32.29500
32.29500
32.29600
32.29700
32.29300
32.29600
32.29400
32.29400
32.29600
32.29900
32.30000
32.29900
32.29900
32.30000
32.30000
32.30100
32.30000
32.30000
32.29900
32.30100
32.30300
32.30400
32.30200
32.30400
32.30300
32.30300
32.30700
32.30400
32.30300
32.30300
32.30700
32.30800
32.31000
32.31300
32.31200
32.31300
32.31500
32.31500
32.31400
32.31400
32.31500
32.31400
32.31400
32.31300
32.31300
32.31300
32.31100
32.31000
32.31000
32.31000
32.30800
32.31200
32.31400
32.31300
32.31400
32.31300
32.31400
32.31400
32.31800
32.31700
32.31700
32.31600
32.31500
32.31400
32.31600
32.31700
32.31900
32.31900
32.31800
32.31800
32.32000
32.32100
32.31900
32.31800
32.31800
32.32100
32.31900
32.31800
32.31900
32.32000
32.31800
32.31700
32.31600
32.31700
32.31600
32.31600
32.31500
32.31800
32.32000
32.32000
32.31900
32.32200
32.32200
32.32200
32.32000
32.31900
32.31800
32.31800
32.31600
32.31500
32.31600
32.31900
32.32100
32.32100
32.32300
32.32300
32.32300
32.32500
32.32500
32.32400
32.32200
32.32300
32.32500
32.32400
32.32200
32.32000
32.32200
32.32200
32.32000
32.31700
32.31700
32.32000
32.31700
32.31900
32.32000
32.31900
32.32200
32.32200
32.32000
32.31700
32.31600
32.31700
32.31800
32.32100
32.32200
32.32300
32.32300
32.32300
32.32300
32.32200
32.32200
32.32100
32.32100
32.32100
32.32100
32.32400
32.32500
32.32300
32.32300
32.32200
32.32600
32.32800
32.32800
32.33100
32.32900
32.32800
32.33100
32.32900
32.33000
32.33200
32.33100
32.32800
32.32700
32.32900
32.33000
32.32900
32.32800
32.32500
32.32400
32.32300
32.32500
32.32300
32.32400
32.32300
32.32400
32.32400
32.32400
32.32600
32.32600
32.32600
32.32600
32.32500
32.32500
32.32600
32.32800
32.32700
32.32400
32.32500
32.32300
32.32400
32.32400
32.32300
32.32400
32.32400
32.32400
32.32500
32.32600
32.32500
32.32400
32.32300
32.32400
32.32600
32.32700
32.32500
32.32400
32.32500
32.32200
32.32400
32.32500
32.32400
32.32300
32.32200
32.32100
32.32100
32.32000
32.32300
32.32300
32.32300
32.32400
32.32300
32.32000
32.31900
32.32000
32.32100
32.32400
32.32300
32.32300
32.32200
32.32100
32.32100
32.31800
32.31700
32.31700
32.31700
32.31600
32.31500
32.31700
32.31900
32.31600
32.31600
32.31400
32.31400
32.31700
32.31400
32.31500
32.31400
32.31700
32.31700
32.31700
32.31700
32.31500
32.31500
32.31700
32.31700
32.31500
32.31700
32.31600
32.31600
32.31600
32.31500
32.31200
32.31100
32.31200
32.31200
32.31000
32.31000
32.31200
32.31200
32.31300
32.31500
32.31500
32.31700
32.32000
32.32000
32.32000
32.32000
32.32100
32.32200
32.32000
32.31800
32.31900
32.32000
32.32100
32.32000
32.32200
32.32200
32.32000
32.32000
32.32200
32.32300
32.32400
32.32400
32.32400
32.32600
32.32700
32.32700
32.32900
32.32900
32.32800
32.33000
32.32900
32.33200
32.33200
32.33400
32.33500
32.33500
32.33600
32.33400
32.33300
32.33200
32.33500
32.33400
32.33400
32.33600
32.33500
32.33800
32.33800
32.33900
32.34100
32.34100
32.33900
32.33800
32.34000
32.34100
32.34200
32.34100
32.34000
32.33800
32.34000
32.34100
32.34200
32.34300
32.34200
32.34100
32.34100
32.34100
32.34100
32.34000
32.33900
32.33700
32.33900
32.34000
32.34100
32.33900
32.33800
32.33800
32.33800
32.33800
32.33700
32.33700
32.33700
32.33800
32.33800
32.33700
32.33400
32.33500
32.33500
32.33700
32.33900
32.34000
32.33900
32.33800
32.33900
32.34100
32.34000
32.34000
32.34200
32.34600
32.34600
32.34500
32.34600
32.34700
32.34700
32.34900
32.35100
32.35100
32.35300
32.35500
32.35700
32.35700
32.35800
32.36000
32.35800
32.36100
32.36000
32.35900
32.35500
32.35700
32.35500
32.35500
32.35800
32.35500
32.35500
32.35500
32.35500
32.35400
32.35500
32.35500
32.35400
32.35500
32.35100
32.35200
32.35300
32.35300
32.35200
32.35100
32.35400
32.35500
32.35500
32.35500
32.35600
32.35500
32.35500
32.35600
32.35600
32.35500
32.35600
32.35700
32.36000
32.35700
32.36000
32.35900
32.35800
32.35800
32.35800
32.35800
32.35800
32.35900
32.35900
32.35900
32.35900
32.36100
32.36200
32.36300
32.36200
32.36100
32.36300
32.36200
32.36200
32.36300
32.36100
32.36200
32.36200
32.36100
32.36200
32.36300
32.36400
32.36600
32.36800
32.36900
32.37100
32.37200
32.37100
32.37100
32.37200
32.37300
32.37300
32.37300
32.37400
32.37400
32.37600
32.37600
32.37600
32.37600
32.37700
32.37900
32.37900
32.37900
32.37800
32.38000
32.38000
32.37800
32.38000
32.38100
32.38200
32.38300
32.38300
32.38200
32.38200
32.38300
32.38500
32.38500
32.38700
32.38900
32.38900
32.38900
32.38800
32.38900
32.38800
32.38800
32.38900
32.38900
32.39000
32.38900
32.38900
32.38800
32.39100
32.39000
32.38800
32.38800
32.38800
32.38700
32.38700
32.38900
32.38900
32.39100
32.39100
32.39000
32.39000
32.39000
32.39100
32.38900
32.38900
32.39000
32.39100
32.39400
32.39100
32.39100
32.39200
32.39200
32.39300
32.39100
32.39100
32.39200
32.39300
32.39100
32.38900
32.39000
32.39000
32.39100
32.39100
32.39000
32.39000
32.39000
32.39000
32.39000
32.39200
32.39100
32.39400
32.39500
32.39400
32.39300
32.39200
32.39400
32.39300
32.39500
32.39700
32.39800
32.39900
32.40100
32.40100
32.40000
32.40000
32.40000
32.40200
32.40100
32.40100
32.39900
32.39900
32.40000
32.39800
32.39600
32.39700
32.39900
32.40000
32.40100
32.40100
32.40300
32.40200
32.40200
32.40000
32.40000
32.39900
32.39900
32.39900
32.39800
32.39700
32.39700
32.39900
32.40000
32.40100
32.40100
32.39800
32.39800
32.40000
32.40000
32.40100
32.40200
32.40400
32.40400
32.40500
32.40300
32.40400
32.40500
32.40600
32.40600
32.40700
32.40600
32.40600
32.40500
32.40500
32.40400
32.40400
32.40500
32.40300
32.40600
32.40400
32.40300
32.40100
32.40100
32.40200
32.40300
32.40400
32.40400
32.40400
32.40700
32.40600
32.40800
32.41000
32.41100
32.41100
32.41100
32.41200
32.41300
32.41400
32.41100
32.41300
32.41500
32.41200
32.40900
32.41000
32.40800
32.41000
32.41200
32.41200
32.41300
32.41300
32.41300
32.41600
32.41700
32.41900
32.42000
32.42100
32.42100
32.42200
32.42100
32.42400
32.42600
32.42700
32.42600
32.42500
32.42500
32.42500
32.42700
32.42800
32.42900
32.42900
32.42900
32.42800
32.42800
32.43100
32.43200
32.43200
32.43200
32.43200
32.43500
32.43600
32.43600
32.43600
32.43500
32.43600
32.43600
32.43700
32.43600
32.43700
32.43700
32.43600
32.43500
32.43500
32.43600
32.43700
32.43900
32.43600
32.43500
32.43500
32.43500
32.43300
32.43400
32.43600
32.43400
32.43200
32.43400
32.43600
32.43600
32.43500
32.43200
32.43100
32.43100
32.43100
32.43100
32.43100
32.43000
32.42900
32.43200
32.43000
32.42900
32.43100
32.43000
32.43200
32.43100
32.43200
32.43100
32.43100
32.43300
32.43300
32.43200
32.43200
32.43300
32.43300
32.43100
32.43300
32.43500
32.43300
32.43200
32.43200
32.43100
32.43200
32.43300
32.43300
32.43400
32.43500
32.43500
32.43600
32.43600
32.43800
32.43700
32.43700
32.43600
32.43500
32.43700
32.43900
32.43700
32.43800
32.43800
32.43700
32.43500
32.43600
32.43800
32.44000
32.43800
32.43800
32.43800
32.44000
32.44000
32.44000
32.43800
32.43600
32.43700
32.43700
32.43800
32.43900
32.43800
32.43700
32.43600
32.43500
32.43500
32.43500
32.43400
32.43400
32.43400
32.43500
32.43600
32.43500
32.43600
32.43700
32.43700
32.43700
32.43500
32.43600
32.43900
32.44100
32.44100
32.44200
32.44000
32.44000
32.44000
32.44000
32.44000
32.44200
32.44000
32.43900
32.43900
32.44100
32.44100
32.44100
32.44200
32.44300
32.44300
32.44300
32.44400
32.44500
32.44600
32.44500
32.44600
32.44600
32.44800
32.44600
32.44700
32.44700
32.44800
32.44900
32.45100
32.44900
32.45000
32.45100
32.45000
32.45300
32.45200
32.45100
32.45200
32.45000
32.45100
32.45000
32.45000
32.44900
32.45100
32.45200
32.45200
32.45400
32.45500
32.45400
32.45700
32.45600
32.45600
32.45400
32.45400
32.45200
32.45100
32.45000
32.45200
32.45400
32.45400
32.45500
32.45500
32.45500
32.45500
32.45500
32.45800
32.45900
32.45900
32.45800
32.45700
32.45700
32.45800
32.45600
32.46000
32.45800
32.46000
32.45900
32.46000
32.45800
32.46000
32.45900
32.45900
32.46100
32.46000
32.46100
32.45900
32.46100
32.46000
32.46200
32.46400
32.46400
32.46400
32.46300
32.46300
32.46400
32.46400
32.46400
32.46400
32.46400
32.46400
32.46600
32.46500
32.46600
32.46600
32.46700
32.46900
32.47000
32.47000
32.46900
32.47000
32.47000
32.47100
32.47300
32.47300
32.47200
32.47200
32.47000
32.47000
32.47000
32.47200
32.47000
32.47200
32.47300
32.47500
32.47400
32.47300
32.47400
32.47700
32.47700
32.47800
32.47700
32.47800
32.47800
32.48200
32.48400
32.48400
32.48400
32.48500
32.48500
32.48500
32.48600
32.48500
32.48700
32.48700
32.48800
32.48800
32.48800
32.48700
32.48600
32.48800
32.48800
32.48800
32.48600
32.48700
32.48800
32.48900
32.48700
32.48800
32.49000
32.49000
32.49100
32.49200
32.49200
32.49200
32.49100
32.49100
32.49000
32.49100
32.49200
32.49100
32.49100
32.49200
32.49300
32.49300
32.49200
32.49600
32.49800
32.49800
32.49600
32.49900
32.49700
32.49800
32.50000
32.50000
32.49800
32.49900
32.49800
32.50000
32.50000
32.50000
32.50100
32.50100
32.50200
32.50200
32.50300
32.50500
32.50300
32.50200
32.50300
32.50200
32.50400
32.50600
32.50500
32.50600
32.50600
32.50500
32.50700
32.50800
32.50800
32.50900
32.50800
32.50700
32.50800
32.50600
32.50800
32.50800
32.50700
32.50600
32.50700
32.50700
32.50500
32.50600
32.50500
32.50400
32.50400
32.50300
32.50300
32.50200
32.50300
32.50100
32.50300
32.50300
32.50400
32.50500
32.50300
32.50300
32.50300
32.50200
32.50000
32.50200
32.50100
32.50000
32.50200
32.50200
32.50000
32.50100
32.50200
32.50200
32.50100
32.50000
32.50100
32.49900
32.49900
32.49900
32.49800
32.49900
32.50000
32.50000
32.49900
32.49900
32.50100
32.50100
32.50100
32.50600
32.50500
32.50000
32.50300
32.50500
32.50500
32.50500
32.50700
32.50800
32.50700
32.50700
32.50800
32.50900
32.50800
32.50700
32.50700
32.50800
32.50700
32.50700
32.50800
32.50700
32.51100
32.51300
32.51400
32.51300
32.51000
32.51100
32.51100
32.50900
32.50900
32.51000
32.50900
32.51100
32.51300
32.51300
32.51200
32.50900
32.51000
32.51100
32.51500
32.51500
32.51600
32.51500
32.51500
32.51700
32.51500
32.51300
32.51500
32.51200
32.51400
32.51700
32.51600
32.51600
32.51800
32.51900
32.52000
32.52100
32.52200
32.52300
32.52300
32.52500
32.52400
32.52100
32.52200
32.52500
32.52600
32.52600
32.52700
32.52700
32.53000
32.52900
32.52800
32.52900
32.52900
32.53100
32.53100
32.53000
32.53000
32.53000
32.52900
32.52900
32.53100
32.53100
32.53300
32.53200
32.53200
32.53300
32.53400
32.53400
32.53400
32.53300
32.53300
32.53300
32.53400
32.53500
32.53600
32.53500
32.53400
32.53500
32.53600
32.53300
32.53500
32.53300
32.53500
32.53300
32.53200
32.53300
32.53500
32.53400
32.53400
32.53500
32.53300
32.53500
32.53500
32.53600
32.53500
32.53500
32.53500
32.53500
32.53600
32.53400
32.53200
32.53100
32.53100
32.53200
32.53200
32.53000
32.53200
32.53300
32.53100
32.53100
32.53100
32.52800
32.52900
32.52700
32.52900
32.52800
32.52800
32.53000
32.53000
32.53000
32.53000
32.53100
32.53400
32.53300
32.53200
32.53200
32.53200
32.53300
32.53200
32.53400
32.53200
32.53200
32.53100
32.53300
32.53300
32.53300
32.53300
32.53300
32.53300
32.53200
32.53200
32.53200
32.53500
32.53300
32.53300
32.53500
32.53400
32.53400
32.53600
32.53300
32.53400
32.53600
32.53400
32.53300
32.53200
32.53200
32.53300
32.53300
32.53300
32.53500
32.53600
32.53500
32.53400
32.53600
32.53800
32.53400
32.53500
32.53600
32.53600
32.53300
32.53100
32.53200
32.53000
32.53100
32.53100
32.53200
32.53200
32.53000
32.53000
32.52900
32.52800
32.53000
32.53100
32.53000
32.53200
32.53200
32.53200
32.53100
32.52900
32.52900
32.52900
32.53100
32.53200
32.53000
32.52900
32.52900
32.53000
32.52900
32.53000
32.52700
32.52700
32.52700
32.52600
32.52700
32.52800
32.52700
32.52600
32.52800
32.53000
32.53000
32.53200
32.53100
32.53200
32.53000
32.53100
32.53300
32.53300
32.53300
32.53300
32.53400
32.53300
32.53400
32.53600
32.53400
32.53300
32.53500
32.53800
32.53500
32.53500
32.53500
32.53400
32.53600
32.53600
32.53500
32.53700
32.53600
32.53900
32.53900
32.54100
32.54000
32.54000
32.54100
32.54200
32.54200
32.54300
32.54300
32.54500
32.54500
32.54500
32.54500
32.54700
32.54600
32.54800
32.54800
32.54700
32.54700
32.54800
32.54800
32.54800
32.54800
32.54800
32.54600
32.54700
32.54500
32.54600
32.54700
32.54600
32.54700
32.54600
32.54300
32.54500
32.54400
32.54300
32.54200
32.54300
32.54300
32.54200
32.54300
32.54400
32.54300
32.54400
32.54300
32.54100
32.54300
32.54400
32.54200
32.54200
32.54200
32.54400
32.54500
32.54500
32.54400
32.54400
32.54400
32.54400
32.54600
32.54500
32.54600
32.54700
32.55000
32.54800
32.54700
32.54800
32.54800
32.54800
32.54400
32.54400
32.54500
32.54600
32.54700
32.54600
32.54700
32.54800
32.54600
32.54700
32.54700
32.54900
32.55100
32.55100
32.55000
32.54800
32.55100
32.55000
32.55100
32.55100
32.55200
32.55200
32.55100
32.55300
32.55300
32.55400
32.55500
32.55700
32.55600
32.55500
32.55600
32.55600
32.55900
32.55900
32.55900
32.55700
32.55900
32.55900
32.56100
32.56100
32.56100
32.56400
32.56400
32.56300
32.56500
32.56500
32.56200
32.56200
32.56300
32.56200
32.56100
32.56500
32.56400
32.56300
32.56300
32.56500
32.56300
32.56400
32.56600
32.56600
32.56500
32.56400
32.56700
32.56500
32.56800
32.56900
32.56900
32.56800
32.56700
32.56800
32.56900
32.56900
32.56900
32.56900
32.56900
32.56800
32.56700
32.56600
32.56700
32.56700
32.56700
32.56700
32.56800
32.56700
32.56600
32.56600
32.56600
32.56700
32.56800
32.56700
32.56800
32.56900
32.56900
32.56900
32.56600
32.56600
32.56700
32.56700
32.56700
32.56700
32.57000
32.56900
32.56800
32.56700
32.56500
32.56500
32.56500
32.56500
32.56400
32.56400
32.56100
32.56100
32.56100
32.56000
32.56100
32.56200
32.56100
32.56100
32.56300
32.56200
32.56400
32.56300
32.56300
32.56200
32.56300
32.56400
32.56300
32.56000
32.56100
32.56100
32.56100
32.55900
32.56100
32.56000
32.56100
32.56200
32.56200
32.56400
32.56200
32.56200
32.56400
32.56400
32.56400
32.56300
32.56300
32.56100
32.56400
32.56400
32.56500
32.56400
32.56400
32.56500
32.56500
32.56500
32.56300
32.56300
32.56300
32.56300
32.56200
32.56500
32.56500
32.56400
32.56700
32.56600
32.56500
32.56700
32.56900
32.56900
32.57000
32.56900
32.57000
32.57000
32.57000
32.57100
32.57000
32.57000
32.57000
32.57100
32.56800
32.56800
32.56800
32.56700
32.56800
32.56800
32.56800
32.56800
32.56700
32.56600
32.56600
32.56500
32.56800
32.56700
32.56600
32.56600
32.56700
32.56600
32.56700
32.56700
32.56500
32.56400
32.56400
32.56500
32.56500
32.56700
32.56700
32.56500
32.56600
32.56500
32.56600
32.56400
32.56500
32.56500
32.56500
32.56600
32.56400
32.56600
32.56700
32.56500
32.56600
32.56800
32.56800
32.56600
32.56600
32.56900
32.56600
32.56700
32.56700
32.56800
32.56800
32.56800
32.57000
32.57000
32.57000
32.56800
32.56700
32.56800
32.56800
32.56700
32.56700
32.56700
32.56800
32.56900
32.56900
32.56800
32.56900
32.57000
32.57000
32.56900
32.56900
32.57000
32.57000
32.57000
32.57000
32.56900
32.56900
32.56900
32.56900
32.56900
32.57000
32.57000
32.57000
32.57000
32.57000
32.57000
32.57000
32.56900
32.56900
32.56800
32.56900
32.57000
32.57100
32.56900
32.57000
32.57400
32.57200
32.57200
32.56900
32.56600
32.56600
32.57000
32.57000
32.57000
32.56900
32.56900
32.56800
32.56700
32.56700
32.56700
32.56800
32.56600
32.56600
32.56400
32.56400
32.56600
32.56600
32.56700
32.56700
32.56700
32.56700
32.56800
32.56700
32.56400
32.56500
32.56600
32.56800
32.56700
32.56600
32.56600
32.56500
32.56300
32.56300
32.56500
32.56500
32.56700
32.56700
32.56600
32.56600
32.56700
32.56600
32.56900
32.56900
32.56900
32.56700
32.56600
32.56800
32.56800
32.56700
32.56800
32.56800
32.56700
32.56700
32.56800
32.56700
32.56600
32.56600
32.56500
32.56700
32.56800
32.56400
32.56500
32.56400
32.56400
32.56400
32.56500
32.56600
32.56600
32.56500
32.56400
32.56600
32.56600
32.56500
32.56500
32.56100
32.56300
32.56400
32.56500
32.56400
32.56500
32.56500
32.56500
32.56700
32.56600
32.56600
32.56700
32.56700
32.56700
32.56900
32.57000
32.57000
32.56700
32.56700
32.56800
32.56800
32.57000
32.57100
32.57200
32.57200
32.57000
32.56900
32.57000
32.56900
32.57000
32.57000
32.57100
32.57000
32.56700
32.56800
32.56900
32.56800
32.56900
32.56800
32.57100
32.57000
32.57100
32.57000
32.56900
32.57000
32.57100
32.57200
32.57200
32.57300
32.57400
32.57300
32.57300
32.57100
32.57200
32.57400
32.57500
32.57500
32.57400
32.57400
32.57500
32.57500
32.57500
32.57500
32.57600
32.57800
32.57600
32.57800
32.57800
32.57600
32.57600
32.57500
32.57600
32.57600
32.57600
32.57600
32.57500
32.57500
32.57500
32.57600
32.57500
32.57400
32.57500
32.57600
32.57700
32.57600
32.57500
32.57300
32.57400
32.57400
32.57200
32.57200
32.57100
32.57300
32.57200
32.57100
32.57100
32.57100
32.57100
32.57200
32.57200
32.57100
32.57100
32.57100
32.57000
32.56900
32.56800
32.56800
32.56800
32.56900
32.56800
32.56800
32.56900
32.56900
32.57000
32.57100
32.57000
32.56900
32.57000
32.56900
32.57000
32.56800
32.56800
32.56800
32.56800
32.56900
32.57000
32.57100
32.56900
32.57000
32.56900
32.56900
32.56900
32.57000
32.57300
32.57300
32.57200
32.57200
32.57400
32.57400
32.57400
32.57400
32.57300
32.57500
32.57600
32.57600
32.57400
32.57300
32.57100
32.57000
32.57000
32.57100
32.57100
32.57100
32.57100
32.57000
32.57000
32.56900
32.56800
32.56800
32.56800
32.56800
32.56900
32.56800
32.56800
32.56800
32.56800
32.56800
32.56900
32.56800
32.56900
32.56800
32.56800
32.56800
32.56900
32.56900
32.56800
32.56800
32.56800
32.56800
32.56800
32.56900
32.56900
32.56900
32.56700
32.56800
32.56600
32.56600
32.56700
32.56700
32.56600
32.56600
32.56800
32.56800
32.56700
32.56800
32.56600
32.56600
32.56600
32.56600
32.56500
32.56500
32.56400
32.56600
32.56500
32.56500
32.56500
32.56500
32.56500
32.56400
32.56400
32.56400
32.56600
32.56400
32.56400
32.56300
32.56300
32.56300
32.56500
32.56300
32.56100
32.56300
32.56400
32.56500
32.56500
32.56700
32.56800
32.56600
32.56600
32.56500
32.56400
32.56500
32.56500
32.56500
32.56500
32.56400
32.56400
32.56500
32.56500
32.56500
32.56200
32.56300
32.56400
32.56400
32.56500
32.56500
32.56500
32.56400
32.56600
32.56600
32.56600
32.56800
32.56600
32.56900
32.56900
32.56900
32.56800
32.56800
32.56800
32.56800
32.56800
32.57000
32.56800
32.56900
32.56700
32.56800
32.57300
32.57300
32.57200
32.57300
32.57400
32.57500
32.57300
32.57400
32.57400
32.57200
32.57200
32.57100
32.57600
32.57600
32.57700
32.57600
32.57400
32.57700
32.57900
32.58000
32.58000
32.57900
32.57700
32.57600
32.57900
32.57800
32.57800
32.57900
32.57700
32.57900
32.57900
32.57800
32.57800
32.57800
32.58100
32.57900
32.57900
32.58000
32.58000
32.58100
32.58300
32.58300
32.58300
32.58300
32.58200
32.58300
32.58600
32.58400
32.58400
32.58300
32.58200
32.58400
32.58200
32.58400
32.58500
32.58400
32.58400
32.58500
32.58400
32.58500
32.58300
32.58300
32.58300
32.58500
32.58500
32.58400
32.58600
32.58400
32.58400
32.58300
32.58400
32.58000
32.58100
32.58000
32.58000
32.57900
32.58000
32.58000
32.58400
32.58300
32.58300
32.58300
32.58500
32.58500
32.58700
32.58600
32.58500
32.58500
32.58500
32.58400
32.58600
32.58600
32.58500
32.58300
32.58200
32.58400
32.58700
32.58700
32.58700
32.58700
32.58600
32.58600
32.58800
32.59000
32.58800
32.59000
32.59000
32.58900
32.59100
32.58900
32.58800
32.58900
32.58900
32.59100
32.59000
32.59100
32.59100
32.59000
32.59100
32.59100
32.59000
32.58900
32.59100
32.59300
32.59300
32.59300
32.59400
32.59200
32.59100
32.59000
32.59200
32.59200
32.59500
32.59400
32.59600
32.59500
32.59500
32.59600
32.59600
32.59600
32.59500
32.59400
32.59500
32.59600
32.59600
32.59700
32.59600
32.59600
32.59600
32.59600
32.59500
32.59600
32.59600
32.59600
32.59700
32.59700
32.59900
32.60200
32.60100
32.60100
32.59900
32.60000
32.60100
32.60200
32.60300
32.60100
32.60200
32.60200
32.60200
32.60400
32.60300
32.60300
32.60300
32.60400
32.60300
32.60400
32.60300
32.60200
32.60100
32.60000
32.59800
32.59800
32.59800
32.59800
32.60100
32.60100
32.60200
32.60200
32.60100
32.60100
32.60100
32.60100
32.60000
32.60100
32.60200
32.60100
32.60300
32.60300
32.60200
32.60100
32.60100
32.59900
32.59800
32.60100
32.60100
32.60100
32.60000
32.60000
32.60000
32.59800
32.59800
32.59600
32.59400
32.59300
32.59400
32.59300
32.59300
32.59300
32.59300
32.59200
32.59200
32.59300
32.59200
32.59200
32.59000
32.59000
32.59200
32.59000
32.58900
32.58900
32.58900
32.58900
32.59000
32.58900
32.58800
32.58600
32.58800
32.58800
32.58800
32.58900
32.58900
32.58800
32.58800
32.58800
32.58700
32.58700
32.58600
32.58600
32.58500
32.58600
32.58400
32.58500
32.58400
32.58400
32.58400
32.58500
32.58500
32.58500
32.58500
32.58700
32.58700
32.58600
32.58600
32.58600
32.58800
32.58800
32.59100
32.59100
32.59100
32.59200
32.59000
32.59100
32.59100
32.59100
32.59000
32.58900
32.58900
32.58900
32.58800
32.58700
32.58800
32.58900
32.59000
32.59000
32.58900
32.59000
32.59000
32.58900
32.58900
32.58800
32.58700
32.58900
32.58700
32.58500
32.58500
32.58400
32.58600
32.58600
32.58600
32.58600
32.58600
32.58600
32.58700
32.58900
32.58900
32.59100
32.59000
32.58800
32.58700
32.58800
32.58900
32.58700
32.58700
32.58800
32.58800
32.58800
32.59000
32.59200
32.59300
32.59400
32.59200
32.59000
32.59100
32.59300
32.59300
32.59200
32.59300
32.59300
32.59300
32.59100
32.59200
32.59200
32.59200
32.59200
32.59300
32.59100
32.59100
32.59100
32.59100
32.59200
32.59200
32.59200
32.59200
32.59100
32.59200
32.59100
32.59100
32.59200
32.59200
32.59200
32.59600
32.59600
32.59700
32.59800
32.59900
32.60000
32.60000
32.60000
32.60000
32.60100
32.53889
32.54000
32.54111
32.54111
32.49000
32.49000
32.49167
32.41800
32.41800
32.60500
32.60750
32.59667
32.75000
32.75000
32.75000
32.59000
32.59000
32.59000
32.60000
32.60000
32.60000
32.60000
32.60000
32.60000
32.60000
