0.00000
0.00000
0.00000
0.00000
0.00000
0.00000
0.00000
0.00000
0.00000
0.00000
0.00000
0.00000
0.00000
0.00000
0.00000
0.00000
0.00000
3.20000
3.20000
3.20000
4.80000
4.80000
4.80000
6.90000
8.80000
9.30000
13.30000
14.90000
15.68300
15.50000
15.61700
19.11700
19.07500
19.02500
22.57500
22.87200
22.87200
23.23500
23.14600
24.25900
24.73600
24.81400
24.48400
24.69100
24.97500
24.97700
25.26600
25.73300
26.17800
26.56200
26.79900
26.91600
26.74300
27.59600
28.07100
28.64500
29.04000
29.90800
29.90200
29.85800
29.85600
29.68500
30.03900
30.73500
30.89000
31.05000
31.25400
31.29700
31.21600
31.46500
31.45400
31.88500
32.20300
32.40200
32.51300
33.02100
33.15000
33.20800
33.47200
33.47500
33.59900
33.69400
33.94900
34.01300
34.05900
34.00100
34.13300
34.34800
34.46000
34.50200
34.71200
34.67300
34.56700
34.62700
34.70800
34.73400
34.83700
35.00800
35.06300
35.06900
35.12300
35.06500
35.16600
35.18500
35.30200
35.36300
35.31600
35.26900
35.51200
35.64000
35.71400
35.81500
35.82100
35.81200
35.71900
35.75500
35.85100
35.83900
35.84800
35.85100
36.07900
36.07200
36.12700
36.09200
36.30000
36.41800
36.41500
36.52800
36.46700
36.53300
36.64400
36.65200
36.69300
36.77000
36.71000
36.76300
36.85100
36.90700
36.87900
37.09500
37.07300
37.09200
37.17700
37.21800
37.24500
37.41300
37.43700
37.45000
37.44500
37.42700
37.40100
37.52700
37.48500
37.49000
37.58200
37.61000
37.56600
37.56100
37.63800
37.66200
37.79200
37.78900
37.78500
37.85800
37.85900
37.90100
37.90100
37.94000
38.01700
38.02300
38.01400
38.03800
38.03400
38.04900
38.02200
38.06200
38.02700
38.04000
38.05300
38.03700
38.04400
38.05700
38.08500
38.09400
38.07700
38.11100
37.94400
37.98600
37.95800
37.88100
37.84500
37.88500
37.89000
37.87600
37.86700
37.89600
37.91500
37.97700
37.94500
37.98800
38.01200
38.00900
38.05000
38.02200
38.03000
38.01400
37.97800
38.02900
38.02200
38.00100
37.96200
37.98800
38.04400
38.04100
38.02900
38.01900
38.03500
37.93200
37.92000
37.91600
37.92000
37.98300
37.95800
37.92000
37.95200
37.93300
37.92700
37.95200
38.01200
38.01700
38.03800
38.05200
38.05900
38.07500
38.04800
38.02300
38.02700
38.06900
38.11600
38.12000
38.12100
38.13000
38.12300
38.14300
38.15300
38.15400
38.14500
38.11300
38.15900
38.16400
38.11900
38.12800
38.09000
38.05300
38.07400
38.04800
38.04900
38.00000
38.00800
37.97900
37.96000
37.96000
37.99000
37.96600
37.99600
37.99300
38.01900
38.02300
38.02700
38.03900
38.01700
38.06500
38.08500
38.09800
38.11800
38.13600
38.14900
38.16200
38.19300
38.21300
38.18500
38.18600
38.17800
38.17900
38.19900
38.17800
38.17700
38.21600
38.18100
38.15400
38.17500
38.14300
38.10400
38.11800
38.08500
38.08300
38.11300
38.10400
38.15200
38.13200
38.09700
38.08700
38.08200
38.08600
38.10700
38.15100
38.17900
38.20700
38.22400
38.23700
38.24700
38.20000
38.19700
38.17200
38.15000
38.13300
38.15500
38.18500
38.18400
38.20600
38.24900
38.25600
38.19800
38.20000
38.20900
38.21300
38.23800
38.23700
38.21700
38.20000
38.21900
38.19900
38.19400
38.17800
38.17800
38.19900
38.21900
38.20200
38.19300
38.18300
38.19300
38.24200
38.25400
38.25200
38.27600
38.29300
38.28700
38.29000
38.29400
38.28200
38.27500
38.25600
38.21900
38.23600
38.22000
38.22000
38.23700
38.22100
38.23200
38.23700
38.23200
38.24900
38.24000
38.23600
38.23000
38.24100
38.24800
38.24100
38.24500
38.23200
38.22300
38.21300
38.21800
38.20400
38.21900
38.22200
38.25400
38.26700
38.27100
38.26800
38.25000
38.22500
38.22100
38.23800
38.22800
38.22100
38.22300
38.22300
38.23700
38.26200
38.26500
38.24600
38.26400
38.26300
38.27100
38.28400
38.28800
38.27400
38.28600
38.28200
38.29500
38.29400
38.28200
38.29100
38.29900
38.28400
38.31400
38.30800
38.31700
38.29200
38.29900
38.31100
38.29400
38.28400
38.27900
38.28800
38.28800
38.28300
38.28400
38.28900
38.28900
38.29500
38.28900
38.29200
38.29400
38.28900
38.28300
38.30600
38.31400
38.32500
38.32700
38.32500
38.32700
38.34200
38.36900
38.36900
38.38700
38.37100
38.38900
38.42500
38.42300
38.40900
38.40900
38.39400
38.38000
38.37400
38.36000
38.36200
38.33600
38.33500
38.32600
38.32400
38.33800
38.35400
38.35000
38.34300
38.33900
38.34500
38.35200
38.35500
38.34200
38.32500
38.31700
38.33600
38.30900
38.30300
38.30700
38.30400
38.31700
38.33300
38.31800
38.30900
38.34500
38.33900
38.35900
38.37400
38.39200
38.38300
38.38200
38.37800
38.40000
38.40400
38.41000
38.41600
38.38300
38.39600
38.39000
38.38200
38.40400
38.40700
38.42000
38.41700
38.43200
38.43600
38.44100
38.45200
38.45300
38.44300
38.43900
38.44900
38.47000
38.47200
38.46300
38.46600
38.48300
38.49200
38.50100
38.50700
38.53500
38.53100
38.53900
38.55000
38.57400
38.59400
38.59400
38.59900
38.60200
38.64500
38.64500
38.64600
38.64600
38.63800
38.64300
38.64400
38.63600
38.62000
38.61300
38.59800
38.58900
38.59200
38.62100
38.65600
38.68100
38.65800
38.67200
38.68300
38.69800
38.69300
38.69900
38.72000
38.70400
38.70300
38.68400
38.69600
38.66500
38.64600
38.66200
38.68700
38.68000
38.69300
38.70700
38.70800
38.71000
38.71900
38.73500
38.74000
38.75000
38.74000
38.72900
38.71900
38.70800
38.70000
38.70000
38.68900
38.70100
38.70500
38.70400
38.69000
38.69000
38.70000
38.67700
38.69600
38.69900
38.70200
38.70300
38.69800
38.69600
38.68600
38.67500
38.68200
38.68800
38.69200
38.68900
38.69300
38.69900
38.69600
38.69100
38.69400
38.68100
38.68900
38.68600
38.67400
38.67900
38.66800
38.67700
38.66200
38.66700
38.67400
38.68700
38.66600
38.66500
38.65000
38.65500
38.67200
38.67600
38.67600
38.66900
38.67100
38.68000
38.66500
38.66900
38.67100
38.65600
38.67100
38.67700
38.67400
38.68300
38.66900
38.67200
38.68300
38.66900
38.66500
38.66500
38.65100
38.63900
38.64700
38.63200
38.62500
38.63500
38.64000
38.64300
38.63700
38.64900
38.64400
38.62800
38.63200
38.62100
38.62500
38.64400
38.64700
38.64700
38.65400
38.65100
38.66300
38.68400
38.68200
38.67200
38.68700
38.68600
38.69500
38.68000
38.66200
38.66100
38.68700
38.69900
38.67300
38.66900
38.67200
38.67300
38.66000
38.66400
38.67800
38.67800
38.67800
38.67900
38.67700
38.66700
38.66700
38.67400
38.67100
38.67400
38.67700
38.66500
38.66200
38.67200
38.67000
38.66600
38.65600
38.65800
38.65200
38.65200
38.66100
38.65000
38.64600
38.65700
38.65800
38.65700
38.65500
38.66100
38.66800
38.65500
38.66100
38.66700
38.67100
38.67200
38.67700
38.68300
38.68600
38.69500
38.68100
38.67900
38.69100
38.68700
38.70200
38.69600
38.70800
38.69900
38.70000
38.69500
38.68800
38.69200
38.69500
38.69300
38.70300
38.69800
38.69200
38.69200
38.69700
38.69600
38.69600
38.70000
38.68400
38.67300
38.68000
38.68900
38.67500
38.66600
38.66800
38.65900
38.65600
38.65200
38.64600
38.64300
38.63700
38.63700
38.65000
38.65600
38.64900
38.64700
38.64300
38.64300
38.65200
38.64700
38.64300
38.64300
38.64400
38.64200
38.62900
38.63200
38.62600
38.64000
38.64100
38.65300
38.65700
38.65500
38.65500
38.65400
38.65500
38.65700
38.66400
38.65300
38.64400
38.65500
38.65400
38.65900
38.65800
38.66800
38.66700
38.64700
38.65500
38.65400
38.65600
38.65900
38.64800
38.64300
38.63700
38.63300
38.63400
38.63200
38.62700
38.62800
38.62700
38.62200
38.62000
38.61500
38.61700
38.62000
38.62200
38.61100
38.61300
38.60900
38.60900
38.61400
38.61800
38.60400
38.60400
38.59200
38.59500
38.59400
38.58900
38.58800
38.57900
38.58700
38.59400
38.59700
38.60000
38.59000
38.59000
38.58800
38.60500
38.60100
38.59500
38.58600
38.58600
38.59100
38.59900
38.60100
38.60000
38.60300
38.60000
38.60600
38.59400
38.59200
38.60100
38.60600
38.59400
38.60100
38.60500
38.60400
38.60600
38.61900
38.61200
38.61800
38.61700
38.61400
38.61800
38.61500
38.61100
38.60700
38.59700
38.60600
38.59600
38.59400
38.59500
38.59600
38.58900
38.58800
38.58600
38.59500
38.59200
38.58700
38.58800
38.58300
38.58300
38.58500
38.58100
38.58800
38.58900
38.58600
38.58900
38.58900
38.59400
38.59600
38.59900
38.60100
38.59400
38.59500
38.58700
38.58600
38.58300
38.57500
38.57600
38.56000
38.56700
38.57700
38.57400
38.57300
38.56400
38.55300
38.55300
38.57200
38.57700
38.56900
38.56800
38.57000
38.58100
38.57700
38.56800
38.56100
38.56600
38.56100
38.56500
38.56900
38.57300
38.58500
38.57900
38.58200
38.58400
38.58400
38.58600
38.57800
38.58600
38.59600
38.59800
38.59400
38.58400
38.58700
38.59300
38.59900
38.61400
38.62100
38.62500
38.62500
38.61800
38.62900
38.62600
38.62800
38.62300
38.61700
38.61800
38.61600
38.62200
38.62200
38.62400
38.61000
38.61100
38.61100
38.61500
38.61600
38.62500
38.61900
38.61600
38.62000
38.62300
38.63400
38.63500
38.62800
38.61700
38.61400
38.60700
38.61200
38.61500
38.61000
38.59000
38.59000
38.58700
38.58300
38.58200
38.57700
38.57700
38.57000
38.56800
38.56600
38.56000
38.54800
38.55000
38.55600
38.54800
38.55000
38.53800
38.53700
38.54300
38.54200
38.53400
38.52900
38.52400
38.52500
38.53400
38.53300
38.54300
38.53300
38.53600
38.53400
38.52400
38.52200
38.52300
38.51600
38.51100
38.51000
38.50900
38.50500
38.50600
38.50400
38.49700
38.48700
38.47400
38.47700
38.47000
38.47000
38.47300
38.47200
38.47500
38.46900
38.46300
38.46400
38.45800
38.45700
38.46700
38.46900
38.46200
38.46700
38.46100
38.46700
38.46800
38.46900
38.47000
38.47000
38.47900
38.47500
38.48000
38.49600
38.48200
38.49100
38.48500
38.48600
38.49500
38.50600
38.50000
38.49700
38.50200
38.50600
38.51900
38.51000
38.51100
38.51200
38.51000
38.50600
38.50500
38.50300
38.50000
38.50100
38.49800
38.49600
38.50200
38.50100
38.49100
38.49700
38.49800
38.49400
38.49000
38.49100
38.49500
38.50500
38.50600
38.49900
38.49800
38.50100
38.49800
38.49900
38.50400
38.50200
38.49700
38.50300
38.50400
38.50400
38.50000
38.50100
38.49600
38.50300
38.50900
38.50700
38.50500
38.51400
38.52400
38.52300
38.52700
38.53500
38.52400
38.52800
38.51300
38.51600
38.50600
38.50400
38.50100
38.50100
38.50200
38.51000
38.50300
38.50400
38.51100
38.50200
38.50300
38.50700
38.50900
38.51900
38.53200
38.53500
38.53200
38.54400
38.54600
38.54500
38.54800
38.55300
38.56400
38.56400
38.55700
38.55100
38.56400
38.56400
38.56400
38.57000
38.56700
38.55800
38.56300
38.56800
38.57500
38.57400
38.57700
38.57000
38.57000
38.57200
38.57700
38.57300
38.57700
38.57800
38.57600
38.57400
38.56300
38.56400
38.56500
38.56700
38.56500
38.56400
38.56000
38.57100
38.57000
38.57000
38.57500
38.57300
38.58100
38.58500
38.58900
38.58800
38.59500
38.58700
38.58700
38.59200
38.59400
38.59900
38.60000
38.60100
38.59600
38.59900
38.59500
38.59700
38.60200
38.60900
38.61600
38.62200
38.62800
38.62900
38.63400
38.63400
38.62200
38.61900
38.62300
38.62500
38.62400
38.62700
38.62500
38.63000
38.62300
38.61600
38.62600
38.62700
38.63100
38.63200
38.63500
38.63000
38.63200
38.63200
38.63300
38.63700
38.63200
38.63200
38.63700
38.64200
38.64400
38.65000
38.64900
38.64700
38.64300
38.64300
38.64700
38.65400
38.65600
38.65800
38.66800
38.66800
38.66400
38.66700
38.66600
38.66500
38.67700
38.68400
38.68900
38.68900
38.69100
38.69400
38.69100
38.69300
38.68400
38.68500
38.68600
38.68500
38.68600
38.68500
38.68100
38.67800
38.68200
38.67800
38.68200
38.68700
38.68000
38.68200
38.68400
38.68300
38.67600
38.67000
38.66800
38.67000
38.66400
38.65900
38.65900
38.66000
38.65800
38.65500
38.66100
38.66000
38.65700
38.65800
38.65700
38.66900
38.66300
38.66600
38.66800
38.66200
38.66400
38.66300
38.66900
38.67500
38.67200
38.67600
38.68200
38.68300
38.67600
38.67900
38.68200
38.68000
38.67700
38.67600
38.67700
38.68000
38.68700
38.68100
38.67600
38.67900
38.67900
38.68200
38.68300
38.67700
38.67900
38.67500
38.68200
38.67600
38.66600
38.66700
38.66900
38.65800
38.66300
38.66600
38.67400
38.67200
38.66500
38.67300
38.67200
38.67200
38.67400
38.67200
38.67600
38.67800
38.67600
38.67900
38.67700
38.67800
38.68500
38.68000
38.68200
38.68000
38.67400
38.67700
38.68000
38.66800
38.66900
38.66600
38.66400
38.66900
38.67100
38.67700
38.67700
38.67700
38.66900
38.67100
38.67200
38.67400
38.67400
38.66600
38.66900
38.66600
38.66900
38.66800
38.66600
38.66900
38.67200
38.67000
38.66900
38.66600
38.67700
38.67700
38.68200
38.67900
38.68000
38.67800
38.67000
38.67500
38.68100
38.68400
38.68200
38.68100
38.68900
38.69000
38.68800
38.68700
38.68600
38.68700
38.68800
38.69100
38.69100
38.69000
38.68700
38.68400
38.68700
38.68400
38.68300
38.68000
38.68400
38.68400
38.67800
38.68200
38.68100
38.67500
38.67600
38.67300
38.67400
38.67600
38.67600
38.66600
38.66400
38.66100
38.65800
38.66100
38.66600
38.65600
38.65700
38.65600
38.65600
38.65400
38.65000
38.65100
38.65100
38.65000
38.65400
38.65900
38.65200
38.64900
38.65000
38.65100
38.65100
38.65100
38.65100
38.65100
38.64500
38.64700
38.65800
38.65000
38.65500
38.65600
38.66000
38.65800
38.66300
38.66300
38.65500
38.65200
38.65400
38.65500
38.65900
38.65600
38.65400
38.64900
38.64900
38.65000
38.64900
38.65400
38.65200
38.64800
38.64800
38.64700
38.64400
38.65100
38.65300
38.65300
38.65300
38.65400
38.64800
38.64200
38.64500
38.65300
38.65900
38.65800
38.65900
38.66000
38.66500
38.66300
38.66400
38.66500
38.66400
38.65800
38.66300
38.66300
38.66100
38.66400
38.66700
38.66300
38.67200
38.67000
38.67400
38.67400
38.67200
38.67300
38.67500
38.67100
38.67500
38.68100
38.68200
38.69200
38.69600
38.70000
38.69600
38.69600
38.70100
38.70200
38.69300
38.70400
38.70200
38.69600
38.69900
38.70000
38.70100
38.69900
38.69500
38.70400
38.71700
38.72200
38.71500
38.71500
38.71100
38.70600
38.70300
38.70700
38.70300
38.70800
38.71100
38.71000
38.71100
38.71100
38.71100
38.71200
38.71700
38.71600
38.71300
38.71100
38.70900
38.70600
38.71000
38.71000
38.70900
38.70800
38.70200
38.70000
38.69900
38.70000
38.69800
38.69600
38.68900
38.69200
38.69400
38.69200
38.68500
38.68600
38.69500
38.69500
38.69700
38.69700
38.69600
38.69300
38.69200
38.69700
38.69600
38.69800
38.69800
38.69800
38.70300
38.70200
38.69900
38.70100
38.70100
38.69800
38.70100
38.70000
38.69700
38.69700
38.69400
38.69600
38.69600
38.69800
38.70100
38.70100
38.70000
38.70000
38.69300
38.69600
38.68900
38.68800
38.68000
38.68000
38.68000
38.68500
38.68500
38.68200
38.68600
38.68300
38.68400
38.68200
38.68200
38.68700
38.68800
38.68900
38.68700
38.68000
38.67900
38.67900
38.67800
38.67600
38.67800
38.67900
38.67700
38.67500
38.67600
38.68200
38.68800
38.69000
38.68900
38.69000
38.68900
38.69000
38.68500
38.68700
38.68800
38.68600
38.68400
38.68500
38.68500
38.68600
38.68700
38.68200
38.68100
38.68800
38.68300
38.69000
38.69000
38.69200
38.69700
38.70000
38.70100
38.69500
38.69900
38.70100
38.70500
38.70300
38.70500
38.70400
38.70400
38.70600
38.71000
38.70600
38.70200
38.70300
38.70000
38.70100
38.69900
38.69900
38.70000
38.70100
38.69400
38.69200
38.69600
38.69100
38.69300
38.69000
38.69200
38.69600
38.69800
38.69100
38.69100
38.69100
38.69300
38.68800
38.68700
38.69000
38.69300
38.68700
38.69000
38.68900
38.68600
38.68500
38.69100
38.70000
38.70400
38.69600
38.69400
38.69700
38.69500
38.70800
38.70800
38.70700
38.70700
38.70600
38.70600
38.69900
38.69700
38.69700
38.70000
38.69700
38.70000
38.70300
38.70200
38.70200
38.70400
38.70600
38.70300
38.70300
38.70100
38.69800
38.70000
38.69400
38.68700
38.69500
38.69600
38.69800
38.69800
38.70000
38.70500
38.71000
38.70700
38.70200
38.70400
38.70400
38.71000
38.70300
38.71000
38.70300
38.70400
38.70200
38.69900
38.69900
38.69600
38.70200
38.70300
38.70200
38.70000
38.70600
38.70100
38.70200
38.69600
38.70000
38.69700
38.69400
38.69100
38.69300
38.69300
38.69500
38.69400
38.68800
38.68700
38.68600
38.68700
38.68200
38.68600
38.68000
38.68200
38.68100
38.67900
38.68000
38.67900
38.67900
38.67500
38.67100
38.67700
38.67600
38.67700
38.68000
38.67600
38.67000
38.67300
38.67400
38.67500
38.67500
38.67100
38.66900
38.66700
38.66400
38.66500
38.66700
38.66600
38.66600
38.66700
38.66700
38.66600
38.66800
38.66700
38.66700
38.66500
38.65900
38.65800
38.66200
38.66600
38.66700
38.66400
38.66200
38.66400
38.66700
38.66800
38.66700
38.66800
38.66900
38.66500
38.66100
38.66500
38.66400
38.66300
38.66100
38.65900
38.66400
38.66200
38.66200
38.66400
38.66400
38.66700
38.66700
38.66700
38.66900
38.67000
38.67300
38.67300
38.66900
38.67000
38.67200
38.67600
38.68300
38.68200
38.68100
38.68500
38.68900
38.68900
38.69100
38.69100
38.69100
38.69100
38.69100
38.68600
38.68700
38.68900
38.69100
38.68800
38.68800
38.69000
38.69400
38.69200
38.69300
38.69400
38.69200
38.69600
38.69900
38.70100
38.70100
38.70300
38.70300
38.70700
38.70500
38.70400
38.70700
38.70900
38.71300
38.71100
38.71300
38.71100
38.70900
38.71400
38.71200
38.71100
38.71100
38.71300
38.70900
38.71000
38.71500
38.72100
38.72000
38.71700
38.71700
38.72400
38.72600
38.73300
38.73300
38.73400
38.73600
38.74100
38.73900
38.73800
38.73700
38.73600
38.74100
38.74000
38.73800
38.73900
38.73300
38.74000
38.74100
38.74100
38.74000
38.73900
38.73200
38.72900
38.73400
38.73400
38.73700
38.73600
38.72900
38.72900
38.72700
38.73500
38.73600
38.73500
38.73300
38.73500
38.73100
38.73200
38.73500
38.73400
38.73100
38.72900
38.72800
38.72900
38.73500
38.73700
38.73500
38.73200
38.73000
38.72700
38.72600
38.71900
38.71400
38.71800
38.71800
38.72200
38.72200
38.72200
38.72500
38.72800
38.72500
38.72400
38.72600
38.72400
38.72000
38.72800
38.72800
38.72900
38.73100
38.73500
38.73300
38.73500
38.73500
38.73500
38.73700
38.73400
38.73700
38.73600
38.73500
38.73400
38.73700
38.73600
38.73500
38.73300
38.73500
38.73700
38.73500
38.73700
38.73800
38.73700
38.73500
38.73800
38.74200
38.74100
38.74100
38.73900
38.74400
38.74400
38.74200
38.74500
38.74600
38.74700
38.74300
38.74300
38.74000
38.73900
38.73700
38.73500
38.73500
38.73400
38.73900
38.74000
38.73800
38.74100
38.74400
38.74400
38.74900
38.75100
38.75200
38.75000
38.75000
38.74700
38.74700
38.74400
38.74100
38.74200
38.73500
38.73300
38.73500
38.73600
38.73400
38.73000
38.72900
38.73000
38.73000
38.73400
38.73500
38.73200
38.73100
38.73300
38.73600
38.73800
38.73800
38.73700
38.73500
38.73700
38.74000
38.73500
38.73700
38.73400
38.73500
38.73300
38.73400
38.73100
38.72800
38.73000
38.72700
38.72400
38.72800
38.73100
38.73200
38.73400
38.73100
38.73400
38.73400
38.73700
38.73800
38.73700
38.73200
38.73200
38.72900
38.73000
38.73200
38.73300
38.73500
38.73500
38.73500
38.73300
38.73200
38.73200
38.72800
38.72700
38.72100
38.72700
38.72900
38.73100
38.73100
38.72700
38.72900
38.73100
38.72800
38.72700
38.72900
38.73300
38.73500
38.73400
38.73100
38.73000
38.72700
38.72000
38.72800
38.72800
38.72700
38.72700
38.72500
38.73200
38.72900
38.73200
38.73000
38.72700
38.72700
38.72400
38.72800
38.72100
38.72000
38.72100
38.72200
38.72100
38.72200
38.72200
38.72300
38.72100
38.71900
38.71900
38.71500
38.71300
38.71600
38.72000
38.71800
38.71200
38.71300
38.71200
38.70700
38.71000
38.70100
38.69500
38.69400
38.69300
38.68800
38.69100
38.69400
38.69600
38.68400
38.68000
38.68700
38.68800
38.69200
38.68900
38.69500
38.69900
38.70000
38.70200
38.69900
38.69800
38.70500
38.70900
38.70200
38.70000
38.70100
38.70100
38.70400
38.71000
38.70700
38.71000
38.71300
38.72000
38.72300
38.71800
38.72100
38.72100
38.71800
38.71700
38.71900
38.72400
38.72600
38.73100
38.73000
38.73300
38.73200
38.73700
38.73900
38.74000
38.74200
38.74400
38.74700
38.74700
38.74600
38.74500
38.74800
38.75000
38.75000
38.75000
38.74800
38.75000
38.75000
38.75400
38.75500
38.75100
38.75300
38.75700
38.75600
38.75300
38.75600
38.75600
38.75500
38.75400
38.75100
38.74700
38.75300
38.75600
38.75500
38.75900
38.75400
38.75500
38.75900
38.76000
38.76000
38.76300
38.76100
38.76400
38.76700
38.77000
38.77000
38.76900
38.76900
38.76700
38.76500
38.76600
38.76700
38.76400
38.76300
38.76300
38.76500
38.77100
38.77500
38.77600
38.77400
38.77600
38.77200
38.77100
38.76800
38.77000
38.76700
38.76700
38.76800
38.77000
38.76900
38.76700
38.76800
38.76800
38.76700
38.77000
38.76800
38.76500
38.76300
38.76100
38.76300
38.76400
38.76100
38.76100
38.76500
38.76000
38.75700
38.75700
38.75900
38.76100
38.75400
38.74900
38.75500
38.75700
38.75700
38.75400
38.75400
38.75500
38.75100
38.74700
38.75100
38.74900
38.74700
38.75100
38.75100
38.74900
38.75100
38.75000
38.75100
38.74700
38.74900
38.75100
38.75100
38.75400
38.75300
38.75200
38.75100
38.75000
38.75000
38.75100
38.75500
38.75600
38.75500
38.75800
38.75700
38.76100
38.76100
38.76300
38.76200
38.76300
38.76900
38.76600
38.76800
38.77000
38.77200
38.77600
38.77500
38.77500
38.77900
38.78300
38.78500
38.78100
38.78000
38.78000
38.78300
38.78200
38.78800
38.78700
38.78700
38.78700
38.79100
38.79100
38.79300
38.79000
38.79100
38.79000
38.79500
38.79400
38.79000
38.79000
38.79100
38.78900
38.79000
38.79300
38.79100
38.79400
38.78800
38.78800
38.79100
38.79200
38.79400
38.79400
38.79300
38.79200
38.79500
38.79700
38.80000
38.80200
38.80600
38.80500
38.80500
38.80500
38.80600
38.80600
38.80200
38.80400
38.80500
38.80400
38.80800
38.80500
38.80800
38.80700
38.80300
38.81100
38.81200
38.81200
38.81300
38.80900
38.81200
38.81400
38.81600
38.81700
38.82100
38.82000
38.81800
38.82300
38.82900
38.83100
38.83200
38.83100
38.83400
38.82800
38.82600
38.82800
38.83200
38.83000
38.84000
38.84100
38.83900
38.83900
38.84400
38.84700
38.84800
38.84800
38.84800
38.84900
38.84900
38.85000
38.85300
38.85400
38.85200
38.85700
38.85700
38.85500
38.85800
38.86000
38.86200
38.86100
38.86200
38.86500
38.86600
38.86500
38.86200
38.86000
38.86100
38.86000
38.86300
38.86000
38.86200
38.85500
38.85400
38.86000
38.85400
38.85400
38.85500
38.85300
38.85500
38.85600
38.86100
38.86100
38.86600
38.87000
38.86500
38.86400
38.86800
38.87000
38.87500
38.87200
38.87300
38.87500
38.87600
38.87700
38.87300
38.86900
38.87200
38.87300
38.87000
38.87400
38.87100
38.87100
38.87200
38.87100
38.86600
38.86500
38.86600
38.86900
38.87100
38.86500
38.86400
38.86700
38.86500
38.86600
38.86400
38.86500
38.86300
38.86600
38.86800
38.86800
38.87100
38.87200
38.87000
38.86900
38.87100
38.86900
38.87000
38.87300
38.87400
38.87300
38.87300
38.87700
38.88300
38.88100
38.88400
38.88400
38.88300
38.88300
38.88400
38.88600
38.88900
38.88700
38.89100
38.88900
38.89200
38.89500
38.89700
38.89600
38.89400
38.89400
38.90000
38.89500
38.89500
38.89500
38.89500
38.89400
38.89600
38.89700
38.89600
38.89800
38.90000
38.89800
38.89900
38.90000
38.90200
38.90300
38.90100
38.90300
38.90300
38.90600
38.90700
38.90600
38.90600
38.90200
38.90200
38.90000
38.90300
38.90300
38.90900
38.91200
38.91000
38.90900
38.91200
38.91200
38.91700
38.91800
38.91700
38.91700
38.91900
38.91700
38.91800
38.91800
38.91500
38.91400
38.91600
38.91300
38.91500
38.91500
38.91400
38.91200
38.91400
38.91400
38.91100
38.91400
38.91400
38.91300
38.91800
38.91800
38.92000
38.92300
38.92400
38.92300
38.91800
38.92000
38.91900
38.92200
38.91800
38.91900
38.91900
38.92100
38.92200
38.92500
38.92700
38.92100
38.92400
38.92200
38.92700
38.92600
38.92600
38.92700
38.92600
38.92600
38.92300
38.92500
38.92400
38.92600
38.92700
38.92800
38.92900
38.92900
38.93000
38.93200
38.93900
38.93900
38.93700
38.94000
38.94400
38.94300
38.94600
38.94500
38.94800
38.94600
38.94400
38.94500
38.94800
38.94600
38.94900
38.94300
38.94000
38.94000
38.93700
38.93700
38.94300
38.94400
38.94400
38.95000
38.95000
38.94900
38.94700
38.94600
38.94800
38.94900
38.94800
38.95200
38.95300
38.95200
38.95500
38.95400
38.95800
38.96000
38.96300
38.96500
38.96500
38.96400
38.96500
38.96500
38.96300
38.96700
38.96500
38.96500
38.96500
38.96500
38.96400
38.96000
38.96200
38.96000
38.95900
38.95800
38.95800
38.95700
38.95400
38.95300
38.95700
38.95600
38.95700
38.95700
38.95900
38.96100
38.96400
38.96000
38.96300
38.96600
38.96400
38.96300
38.96300
38.96200
38.95700
38.96100
38.96000
38.95300
38.95400
38.94700
38.94800
38.95000
38.95000
38.95000
38.95400
38.95300
38.95500
38.95200
38.95100
38.95300
38.95900
38.95900
38.96100
38.96500
38.96600
38.97400
38.97300
38.97100
38.97700
38.97300
38.97400
38.97400
38.97400
38.97700
38.97400
38.96900
38.97000
38.97100
38.96900
38.97000
38.97000
38.97400
38.97500
38.97500
38.97400
38.97200
38.97600
38.97700
38.97400
38.97600
38.98000
38.98000
38.98500
38.98100
38.98100
38.98100
38.98400
38.98400
38.98400
38.98400
38.98400
38.98700
38.99200
38.99300
38.99400
38.99400
38.99700
38.99400
39.00000
38.99800
38.99800
38.99700
39.00100
39.00200
39.00700
39.01000
39.01200
39.01200
39.01000
39.00800
39.00500
39.01000
39.00800
39.00600
39.00700
39.00800
39.01100
39.01300
39.01400
39.01500
39.01500
39.01600
39.02000
39.02900
39.02900
39.02700
39.02800
39.02800
39.03000
39.03100
39.03200
39.03000
39.03400
39.03400
39.03300
39.03100
39.03200
39.02900
39.03500
39.03300
39.03500
39.03300
39.03500
39.03700
39.03700
39.03700
39.04100
39.03800
39.03600
39.03400
39.03800
39.04000
39.04000
39.03900
39.04300
39.04300
39.04200
39.04100
39.04500
39.04900
39.04900
39.05000
39.05400
39.05600
39.05000
39.05200
39.05500
39.05500
39.05700
39.05800
39.06000
39.06100
39.06300
39.06700
39.06900
39.06500
39.06100
39.06100
39.06100
39.06500
39.06300
39.06200
39.06300
39.06400
39.06400
39.06500
39.07000
39.07400
39.07800
39.08000
39.08100
39.08100
39.07900
39.08400
39.08400
39.08500
39.08800
39.09200
39.09400
39.09100
39.09300
39.09100
39.08900
39.09000
39.09100
39.09300
39.09300
39.09600
39.09900
39.09400
39.09500
39.09800
39.10000
39.09800
39.09900
39.10000
39.10400
39.10100
39.09800
39.09600
39.09700
39.10000
39.10300
39.10400
39.10800
39.11000
39.11100
39.11000
39.11500
39.11600
39.11500
39.11500
39.11500
39.11500
39.11900
39.11900
39.12000
39.11600
39.11900
39.12200
39.12500
39.12700
39.12700
39.12800
39.13300
39.13200
39.13000
39.12900
39.12700
39.12400
39.12800
39.12900
39.13100
39.12900
39.12800
39.12700
39.13200
39.13300
39.13500
39.13500
39.13500
39.13700
39.13500
39.13400
39.13300
39.13100
39.12600
39.13000
39.13400
39.13200
39.13400
39.13700
39.13900
39.13900
39.14300
39.13800
39.13800
39.13700
39.14500
39.14400
39.15000
39.15000
39.14900
39.15000
39.14700
39.14800
39.14600
39.14600
39.14600
39.14900
39.15100
39.15400
39.15500
39.15700
39.15600
39.15600
39.15400
39.15400
39.15400
39.15600
39.15600
39.15500
39.15400
39.15300
39.15800
39.15900
39.15300
39.15600
39.16000
39.16100
39.15600
39.15400
39.15500
39.15400
39.15500
39.15600
39.15500
39.15500
39.15200
39.15400
39.15500
39.15700
39.15900
39.15900
39.15700
39.15700
39.15700
39.15600
39.15700
39.15800
39.15900
39.15600
39.15900
39.15600
39.15500
39.15100
39.14800
39.14600
39.14100
39.14200
39.14300
39.14300
39.14300
39.14300
39.13700
39.13600
39.14000
39.14000
39.13700
39.13700
39.13500
39.13700
39.13700
39.13500
39.13500
39.13300
39.13400
39.13600
39.13500
39.13500
39.13000
39.13000
39.13000
39.13300
39.13300
39.13100
39.13200
39.13300
39.13200
39.13300
39.13200
39.12900
39.13000
39.12900
39.12900
39.12900
39.13200
39.13100
39.13200
39.13100
39.12800
39.12800
39.13100
39.13300
39.13400
39.13400
39.13100
39.13300
39.13900
39.13800
39.13600
39.13600
39.13500
39.13600
39.13500
39.13500
39.13500
39.13400
39.13500
39.13600
39.13400
39.13200
39.13200
39.13300
39.13100
39.13700
39.14100
39.14000
39.13700
39.13900
39.13900
39.13700
39.13900
39.14100
39.14100
39.14300
39.14200
39.14000
39.13900
39.14200
39.14100
39.14100
39.14000
39.14000
39.14100
39.14100
39.14100
39.14100
39.14100
39.14100
39.14000
39.14000
39.14000
39.14100
39.14100
39.14000
39.14000
39.14500
39.14200
39.13900
39.13700
39.13500
39.13100
39.13800
39.13700
39.13900
39.13900
39.14200
39.14100
39.14200
39.14300
39.14200
39.13800
39.13900
39.13700
39.13700
39.13900
39.13800
39.13600
39.13700
39.14000
39.14100
39.14200
39.14100
39.14100
39.13900
39.14200
39.14200
39.13900
39.14000
39.14100
39.14400
39.14400
39.14500
39.14800
39.14900
39.15000
39.15300
39.15400
39.15300
39.15500
39.15300
39.15600
39.15500
39.15700
39.15500
39.15200
39.15500
39.15400
39.15700
39.15900
39.15800
39.15800
39.15900
39.15800
39.16200
39.16400
39.16200
39.16200
39.15900
39.16000
39.15900
39.16200
39.16300
39.16300
39.16400
39.16600
39.16500
39.16700
39.16700
39.16500
39.16500
39.16600
39.16800
39.17000
39.17300
39.17600
39.17600
39.17600
39.17900
39.17600
39.17900
39.17900
39.17700
39.17500
39.17600
39.17700
39.17800
39.18000
39.17900
39.17700
39.17900
39.18000
39.17900
39.18100
39.17900
39.18100
39.17900
39.17900
39.17900
39.17800
39.17900
39.18000
39.18000
39.18100
39.18300
39.18800
39.18700
39.18700
39.18500
39.18700
39.18500
39.18600
39.18700
39.18600
39.18600
39.18400
39.18900
39.19000
39.19300
39.19500
39.19500
39.19300
39.19300
39.19200
39.19100
39.19100
39.19100
39.19200
39.19200
39.19400
39.19400
39.19200
39.19300
39.19200
39.19300
39.19100
39.18800
39.18100
39.18300
39.18900
39.18900
39.18900
39.18700
39.18600
39.18700
39.18900
39.19100
39.18800
39.19100
39.19200
39.19100
39.19000
39.19100
39.19000
39.19000
39.19500
39.19100
39.19300
39.19400
39.19600
39.19400
39.19300
39.19600
39.19700
39.19600
39.19500
39.19300
39.18800
39.18900
39.18900
39.18700
39.18900
39.19400
39.19200
39.19200
39.19400
39.19300
39.19300
39.19300
39.19000
39.18800
39.18900
39.18900
39.19100
39.19000
39.18800
39.19000
39.19100
39.19300
39.19600
39.19300
39.19400
39.19500
39.19400
39.18900
39.19000
39.19100
39.19600
39.19700
39.19700
39.19800
39.20100
39.20100
39.20400
39.20500
39.20500
39.20600
39.20500
39.20300
39.20000
39.19800
39.19700
39.20200
39.20000
39.20100
39.20000
39.19900
39.20300
39.20300
39.20300
39.20500
39.20800
39.20800
39.20800
39.20600
39.20600
39.20200
39.20200
39.20100
39.20900
39.20600
39.20800
39.20900
39.20900
39.20700
39.20600
39.20200
39.20200
39.20600
39.20600
39.20500
39.20200
39.20000
39.19700
39.19800
39.20000
39.19800
39.19600
39.19300
39.19300
39.19400
39.19500
39.19600
39.19400
39.19300
39.19700
39.19600
39.19300
39.19500
39.19600
39.19600
39.19800
39.19600
39.19600
39.19600
39.19400
39.19600
39.19500
39.19600
39.19600
39.19600
39.19800
39.19700
39.19900
39.20000
39.20000
39.20000
39.20100
39.20200
39.20600
39.20500
39.20400
39.20600
39.20900
39.20800
39.20900
39.20800
39.20800
39.20900
39.21100
39.20900
39.20900
39.21100
39.21000
39.21100
39.21300
39.21000
39.21100
39.21000
39.20900
39.20800
39.20900
39.20800
39.20900
39.20700
39.20800
39.20300
39.20400
39.20300
39.20500
39.20400
39.20300
39.20600
39.20600
39.20900
39.21000
39.21200
39.21200
39.21300
39.21300
39.21600
39.22000
39.22100
39.22100
39.22000
39.22100
39.22200
39.22400
39.22300
39.22400
39.22700
39.22600
39.22900
39.22900
39.23000
39.23400
39.23400
39.23300
39.23600
39.23400
39.23500
39.23900
39.24000
39.24300
39.24200
39.24200
39.24500
39.24500
39.24700
39.24900
39.25400
39.25600
39.25900
39.26100
39.26100
39.26400
39.26500
39.26400
39.26600
39.26500
39.26400
39.26400
39.26400
39.26800
39.27000
39.26800
39.26900
39.26900
39.26800
39.26700
39.26600
39.26800
39.26700
39.26700
39.26700
39.26700
39.26700
39.26900
39.27000
39.27300
39.27100
39.27100
39.27700
39.27700
39.27900
39.27800
39.28000
39.28000
39.28100
39.28400
39.28200
39.28000
39.28300
39.28400
39.28500
39.28400
39.28500
39.28300
39.28200
39.28200
39.28400
39.28600
39.28600
39.28300
39.28600
39.28700
39.28800
39.28700
39.28800
39.28500
39.28300
39.28400
39.28500
39.28900
39.28700
39.28700
39.28800
39.28700
39.29000
39.29000
39.29200
39.28800
39.28900
39.29000
39.28900
39.29000
39.29100
39.29000
39.28800
39.28900
39.29100
39.29000
39.29000
39.28800
39.28800
39.28900
39.28600
39.28700
39.28600
39.28500
39.28400
39.28500
39.28700
39.29000
39.29200
39.29300
39.29600
39.30200
39.30300
39.30500
39.30600
39.30800
39.30500
39.30200
39.30400
39.30700
39.30700
39.30400
39.30600
39.30800
39.30900
39.30700
39.30800
39.30700
39.30900
39.31000
39.30900
39.31600
39.31900
39.31800
39.31500
39.31600
39.31800
39.32000
39.31800
39.31600
39.31600
39.31800
39.32100
39.31900
39.32000
39.31900
39.31900
39.31800
39.31800
39.31600
39.31500
39.31500
39.32100
39.32300
39.32300
39.32200
39.32400
39.32500
39.32600
39.32600
39.32500
39.32600
39.32900
39.32700
39.32500
39.32800
39.32700
39.32800
39.32500
39.32800
39.33000
39.32700
39.32700
39.32800
39.32600
39.32600
39.32500
39.32300
39.32300
39.32300
39.32500
39.32300
39.32500
39.32500
39.32500
39.32300
39.32400
39.32300
39.32200
39.32100
39.32100
39.32300
39.32200
39.32100
39.32500
39.32200
39.31900
39.31800
39.31700
39.31500
39.31400
39.31400
39.31200
39.31100
39.31200
39.31300
39.31400
39.31400
39.31400
39.31500
39.31500
39.31300
39.31400
39.31200
39.31000
39.31100
39.31200
39.31100
39.30900
39.30700
39.30700
39.30500
39.30700
39.30700
39.30500
39.30700
39.30900
39.30900
39.31100
39.31200
39.30800
39.30800
39.31000
39.31100
39.31000
39.30800
39.30700
39.30600
39.30800
39.30700
39.30900
39.30800
39.30600
39.30600
39.30800
39.30800
39.30900
39.31300
39.31400
39.31500
39.32000
39.32200
39.31900
39.32300
39.32200
39.32400
39.32400
39.32500
39.32700
39.32700
39.32700
39.32600
39.32200
39.32400
39.32700
39.32700
39.32500
39.32800
39.32800
39.32900
39.32900
39.33000
39.33100
39.33100
39.32700
39.32900
39.33000
39.33100
39.33200
39.33300
39.33200
39.33000
39.32800
39.33200
39.33500
39.33500
39.33800
39.33900
39.33900
39.33800
39.33900
39.33700
39.33800
39.34000
39.34100
39.34300
39.34500
39.34300
39.34500
39.34300
39.34400
39.34300
39.34500
39.34500
39.34300
39.33900
39.33900
39.34100
39.34100
39.34100
39.34300
39.34300
39.34100
39.33800
39.33700
39.33900
39.34500
39.34200
39.34400
39.34600
39.34600
39.34300
39.34300
39.34300
39.34500
39.34500
39.34600
39.34700
39.34500
39.34500
39.34500
39.34300
39.34200
39.34000
39.34200
39.34400
39.34400
39.34300
39.34200
39.34300
39.34400
39.34500
39.34500
39.34600
39.34400
39.34400
39.34400
39.34400
39.34200
39.34000
39.34100
39.34200
39.34500
39.34600
39.34700
39.34500
39.34400
39.34300
39.34500
39.34500
39.34800
39.34800
39.34800
39.34900
39.34900
39.34900
39.34900
39.35200
39.35400
39.35600
39.35700
39.35500
39.35600
39.35800
39.35600
39.35500
39.35400
39.35400
39.35300
39.35600
39.35500
39.35700
39.35800
39.35800
39.35600
39.35900
39.35400
39.35600
39.35500
39.35300
39.35800
39.35800
39.35600
39.35600
39.36000
39.36000
39.35900
39.35900
39.35900
39.35800
39.36400
39.36300
39.36400
39.36200
39.36100
39.36700
39.36800
39.36600
39.36300
39.36400
39.36900
39.37000
39.36800
39.37100
39.37300
39.37200
39.37100
39.37700
39.37600
39.37700
39.37800
39.37600
39.37500
39.37600
39.37500
39.37700
39.37400
39.37600
39.37800
39.37600
39.37500
39.37500
39.37500
39.37600
39.37600
39.37600
39.37600
39.37500
39.37200
39.37300
39.37400
39.37300
39.37500
39.37700
39.37600
39.37600
39.37600
39.37100
39.37100
39.37100
39.37300
39.37000
39.37000
39.37000
39.37100
39.37100
39.37100
39.37100
39.36700
39.36500
39.36700
39.36600
39.36600
39.36500
39.36600
39.36600
39.36500
39.36700
39.36600
39.36900
39.36900
39.36900
39.36900
39.37000
39.37000
39.37300
39.37300
39.37500
39.37500
39.37100
39.37200
39.37300
39.37300
39.37500
39.37600
39.37400
39.37500
39.37400
39.37500
39.37400
39.37400
39.37300
39.37400
39.37400
39.37300
39.37400
39.37200
39.36900
39.37100
39.37100
39.37100
39.37000
39.36700
39.36800
39.36800
39.36800
39.36900
39.36800
39.36800
39.36700
39.36600
39.36500
39.36500
39.36700
39.36700
39.36700
39.36800
39.36800
39.36800
39.36900
39.36700
39.36800
39.36800
39.36800
39.36800
39.36500
39.36700
39.36600
39.36800
39.36700
39.36900
39.36800
39.36900
39.36900
39.37000
39.36900
39.37000
39.37000
39.36700
39.36900
39.36900
39.36800
39.36600
39.36600
39.36800
39.36600
39.36500
39.36500
39.36500
39.36900
39.36600
39.36500
39.36600
39.36800
39.36200
39.36200
39.36400
39.36500
39.36600
39.36600
39.36800
39.36800
39.36500
39.36600
39.36800
39.36900
39.37000
39.36700
39.36600
39.36500
39.36600
39.36700
39.36700
39.36400
39.36400
39.36400
39.36300
39.36300
39.36500
39.36400
39.35900
39.35900
39.35900
39.36100
39.36200
39.36100
39.36100
39.36100
39.36100
39.35900
39.36000
39.36200
39.36100
39.36200
39.36100
39.36200
39.36300
39.36200
39.36100
39.36000
39.35900
39.35900
39.35700
39.36000
39.35900
39.36100
39.35800
39.35700
39.35600
39.35200
39.35100
39.35100
39.35000
39.34700
39.34600
39.34700
39.35100
39.35100
39.34900
39.34900
39.34900
39.35000
39.34900
39.35200
39.35100
39.35000
39.34900
39.34900
39.34800
39.34700
39.34700
39.34800
39.34700
39.34600
39.34400
39.34400
39.34200
39.33900
39.33800
39.33600
39.33700
39.33400
39.33500
39.33200
39.33200
39.33100
39.33200
39.33100
39.32900
39.33100
39.32900
39.32800
39.32600
39.32200
39.32300
39.32300
39.32300
39.32200
39.32400
39.32500
39.32500
39.32300
39.32100
39.32100
39.31900
39.31900
39.32100
39.32400
39.32200
39.32000
39.31900
39.31900
39.32000
39.32100
39.31900
39.32000
39.32000
39.32100
39.32000
39.32100
39.32000
39.31900
39.31800
39.31700
39.31800
39.31600
39.31600
39.31600
39.31500
39.31600
39.31700
39.31600
39.31700
39.31900
39.31900
39.31600
39.31500
39.31700
39.31600
39.31500
39.31700
39.31700
39.31700
39.31200
39.31200
39.31100
39.31200
39.31200
39.31000
39.31100
39.31200
39.31300
39.31200
39.31300
39.31400
39.31300
39.31300
39.31400
39.31500
39.31300
39.31300
39.31500
39.31600
39.31700
39.31700
39.31800
39.31800
39.32000
39.31700
39.32100
39.32100
39.32200
39.32100
39.32100
39.32000
39.32200
39.32200
39.32200
39.32000
39.32000
39.31700
39.31900
39.32100
39.32100
39.31900
39.32000
39.32100
39.32200
39.32300
39.32300
39.32500
39.32300
39.32400
39.32100
39.32100
39.32300
39.32300
39.32200
39.32100
39.32200
39.32100
39.31800
39.32000
39.32100
39.32100
39.32000
39.32000
39.31900
39.31700
39.31400
39.31700
39.31700
39.31800
39.31900
39.31900
39.31600
39.31600
39.31600
39.31500
39.31600
39.31600
39.32000
39.31800
39.31700
39.31900
39.32000
39.31900
39.32200
39.32100
39.32300
39.32200
39.32200
39.32100
39.32100
39.32100
39.31800
39.31800
39.31800
39.31900
39.31800
39.31900
39.32000
39.31700
39.31700
39.31800
39.31700
39.31700
39.31600
39.31700
39.31800
39.31600
39.31400
39.31400
39.31400
39.31500
39.31400
39.31400
39.31300
39.31200
39.31400
39.31600
39.31600
39.31600
39.31700
39.31500
39.31200
39.31200
39.31100
39.31300
39.31400
39.31300
39.30900
39.30600
39.30600
39.30500
39.30500
39.30700
39.30800
39.30600
39.30700
39.30800
39.30700
39.30800
39.30700
39.30700
39.30900
39.31000
39.30900
39.30900
39.31000
39.31100
39.31100
39.31200
39.31000
39.30900
39.31100
39.31300
39.31500
39.31200
39.30900
39.30800
39.30700
39.30500
39.30500
39.30400
39.30600
39.30800
39.30800
39.30900
39.30900
39.31000
39.30800
39.30900
39.30900
39.31200
39.31200
39.31000
39.31000
39.31000
39.31100
39.31500
39.31600
39.31800
39.31500
39.31500
39.31300
39.31500
39.31400
39.31700
39.31600
39.31600
39.31500
39.31800
39.31800
39.31800
39.32000
39.31700
39.31800
39.32000
39.32400
39.32500
39.32400
39.32600
39.32600
39.33000
39.33400
39.33300
39.33400
39.33100
39.33200
39.33300
39.33400
39.33600
39.33500
39.33600
39.33700
39.33600
39.33500
39.33700
39.33500
39.33300
39.33400
39.33300
39.33800
39.33700
39.33900
39.33600
39.33300
39.33200
39.33200
39.33300
39.33400
39.33400
39.33300
39.33500
39.33500
39.33600
39.33500
39.33700
39.33800
39.33800
39.33700
39.33700
39.33700
39.33700
39.33900
39.34200
39.34300
39.34300
39.34300
39.34500
39.34500
39.34600
39.34600
39.34600
39.34600
39.34400
39.34200
39.34400
39.34500
39.34400
39.34300
39.34300
39.34200
39.34400
39.34400
39.34300
39.34400
39.34500
39.35000
39.34700
39.34500
39.34500
39.34600
39.34500
39.34500
39.34500
39.34600
39.34400
39.34600
39.34700
39.34900
39.35000
39.35100
39.35200
39.35100
39.35400
39.35300
39.35200
39.35100
39.35100
39.35100
39.35100
39.35300
39.35400
39.35300
39.35400
39.35100
39.35200
39.35500
39.35400
39.35400
39.35300
39.35500
39.35700
39.35900
39.36100
39.36100
39.36100
39.36300
39.36200
39.36100
39.36100
39.36300
39.36200
39.36400
39.36100
39.36000
39.36100
39.36000
39.35700
39.35900
39.35800
39.35700
39.35800
39.35600
39.35700
39.35400
39.35600
39.35600
39.35500
39.35500
39.35500
39.35600
39.35600
39.35800
39.35800
39.35800
39.35500
39.35600
39.35400
39.35500
39.35600
39.35600
39.35400
39.35200
39.35100
39.34800
39.34900
39.34700
39.34600
39.34600
39.34700
39.34700
39.34800
39.35000
39.35300
39.34900
39.35300
39.35400
39.35000
39.35000
39.35100
39.35200
39.34900
39.35300
39.35700
39.35400
39.35400
39.35400
39.35300
39.35200
39.35300
39.35500
39.35800
39.35700
39.35400
39.35600
39.35800
39.35800
39.35700
39.35700
39.35800
39.36100
39.36200
39.36000
39.35900
39.35900
39.35700
39.35800
39.35900
39.36200
39.36400
39.36300
39.36400
39.36400
39.36700
39.36800
39.37000
39.36900
39.37100
39.36900
39.37000
39.37100
39.37300
39.37700
39.37500
39.37300
39.37500
39.37500
39.37500
39.37700
39.37800
39.37900
39.37700
39.37900
39.37900
39.37800
39.37900
39.38100
39.38300
39.38300
39.38200
39.38200
39.38100
39.38000
39.38000
39.38500
39.38500
39.38500
39.38300
39.38200
39.38400
39.38400
39.38500
39.38500
39.38500
39.38600
39.38800
39.38400
39.38800
39.38800
39.38700
39.38600
39.38600
39.38400
39.38700
39.38700
39.38600
39.38600
39.38300
39.38200
39.38300
39.38500
39.38500
39.38400
39.38600
39.38600
39.38800
39.38800
39.39000
39.38700
39.38700
39.38400
39.38500
39.38400
39.38300
39.38200
39.38400
39.38400
39.38300
39.38400
39.38700
39.38700
39.38700
39.38700
39.38500
39.38500
39.38500
39.38600
39.38800
39.38800
39.39000
39.39000
39.38900
39.39000
39.38900
39.39100
39.39000
39.39200
39.39300
39.39100
39.39200
39.39400
39.39300
39.39400
39.39400
39.39400
39.39300
39.39100
39.39600
39.39700
39.39900
39.39900
39.40000
39.40000
39.40000
39.40100
39.40100
39.40200
39.40200
39.40300
39.40200
39.40200
39.40300
39.40200
39.40100
39.40200
39.40300
39.40000
39.40200
39.40300
39.40300
39.40200
39.40300
39.40400
39.40400
39.40600
39.40900
39.40800
39.40400
39.40500
39.40400
39.40200
39.40600
39.40700
39.40700
39.40600
39.40500
39.40400
39.40400
39.40400
39.40400
39.40400
39.40400
39.40400
39.40500
39.40600
39.40500
39.40600
39.40700
39.40800
39.40800
39.40900
39.40900
39.40600
39.40800
39.40800
39.41100
39.41000
39.40900
39.40800
39.40900
39.41200
39.41300
39.41500
39.41500
39.41600
39.41800
39.41900
39.41800
39.41600
39.41600
39.41700
39.42000
39.41900
39.42200
39.41900
39.42000
39.42200
39.41900
39.41700
39.41700
39.42000
39.41900
39.41900
39.41800
39.42000
39.41900
39.42100
39.42300
39.42400
39.42300
39.42600
39.42500
39.42400
39.42300
39.42300
39.42400
39.42300
39.42500
39.42500
39.42600
39.43100
39.43200
39.42900
39.43000
39.42700
39.42900
39.42900
39.43100
39.43000
39.42900
39.43200
39.43400
39.43500
39.43200
39.43400
39.43300
39.43200
39.43200
39.43500
39.43500
39.43500
39.43600
39.43400
39.43400
39.43600
39.43300
39.43200
39.43400
39.43500
39.43500
39.43700
39.43600
39.43300
39.43200
39.43200
39.43100
39.42900
39.43100
39.42800
39.43000
39.43200
39.43200
39.43200
39.43300
39.43400
39.43100
39.43100
39.43000
39.43200
39.43300
39.43500
39.43400
39.43100
39.43400
39.43400
39.43400
39.43200
39.43100
39.43200
39.43000
39.43100
39.43000
39.43000
39.43000
39.43100
39.43000
39.42900
39.43000
39.43200
39.43400
39.43400
39.43300
39.43100
39.43300
39.43400
39.43000
39.43000
39.43100
39.43000
39.42600
39.42700
39.42600
39.42800
39.42900
39.42800
39.42500
39.42300
39.42500
39.42600
39.42400
39.42300
39.42300
39.42200
39.41900
39.42000
39.41900
39.41700
39.41700
39.41700
39.41900
39.41800
39.41600
39.41600
39.41800
39.41800
39.41800
39.42000
39.42100
39.42300
39.42500
39.42300
39.42300
39.42300
39.42400
39.42500
39.42300
39.42600
39.42500
39.42300
39.42400
39.42300
39.42400
39.42200
39.42100
39.42400
39.42300
39.42300
39.42300
39.42300
39.42300
39.42400
39.42400
39.42400
39.42400
39.42800
39.42900
39.42900
39.43100
39.42800
39.42800
39.42900
39.42800
39.42700
39.42700
39.42600
39.42500
39.42700
39.42400
39.42200
39.42200
39.42400
39.42100
39.42200
39.42200
39.41900
39.41900
39.42200
39.42200
39.42200
39.42400
39.42600
39.43000
39.42800
39.42800
39.42800
39.42500
39.42700
39.42600
39.42600
39.42700
39.42600
39.42600
39.42800
39.42900
39.42900
39.43100
39.43000
39.43000
39.43000
39.43200
39.43200
39.43100
39.43100
39.43200
39.43300
39.43400
39.43400
39.43300
39.43500
39.43500
39.43300
39.43300
39.43400
39.43400
39.43300
39.43600
39.43400
39.43500
39.43500
39.43400
39.43400
39.43500
39.43600
39.43400
39.43400
39.43400
39.43600
39.43500
39.43300
39.43300
39.43400
39.43300
39.43400
39.43500
39.43600
39.43700
39.43800
39.43700
39.43700
39.43700
39.43800
39.43800
39.43800
39.43700
39.43500
39.43500
39.43600
39.43400
39.43400
39.43400
39.43300
39.43100
39.43000
39.43100
39.43000
39.43100
39.42900
39.43100
39.43200
39.43200
39.43100
39.43100
39.43200
39.43000
39.43200
39.43100
39.43100
39.43100
39.43200
39.43400
39.43500
39.43300
39.43200
39.43300
39.43100
39.43000
39.43000
39.43300
39.43400
39.43300
39.43400
39.43400
39.43500
39.43500
39.43400
39.43400
39.43300
39.43400
39.43400
39.43400
39.43300
39.43400
39.43400
39.43100
39.42900
39.43100
39.43100
39.43100
39.43100
39.43100
39.43000
39.42900
39.43000
39.43100
39.43100
39.42900
39.43000
39.43000
39.42800
39.43100
39.43000
39.42800
39.42700
39.43000
39.43000
39.43100
39.42900
39.42700
39.42800
39.42800
39.42800
39.42800
39.42900
39.42900
39.43200
39.43200
39.43100
39.43000
39.43000
39.43200
39.42900
39.42600
39.42600
39.42800
39.42800
39.42800
39.43100
39.42900
39.43100
39.43000
39.43000
39.43000
39.43200
39.42900
39.42800
39.43000
39.43000
39.43100
39.43100
39.43300
39.43400
39.43300
39.43600
39.43500
39.43600
39.43600
39.43600
39.43700
39.43500
39.43400
39.43600
39.43800
39.44100
39.44100
39.44000
39.43900
39.44000
39.44300
39.44300
39.44500
39.44600
39.44700
39.44700
39.44600
39.44700
39.44600
39.44600
39.44400
39.44400
39.44500
39.44500
39.44400
39.44200
39.44200
39.44200
39.44200
39.44200
39.44300
39.44100
39.44400
39.44500
39.44600
39.44700
39.44600
39.44600
39.44700
39.44700
39.44800
39.44600
39.44800
39.44700
39.44500
39.44700
39.44600
39.44700
39.44700
39.44600
39.44900
39.45000
39.45000
39.45000
39.44900
39.45000
39.44900
39.44800
39.44900
39.45200
39.45300
39.45300
39.45200
39.45300
39.45200
39.45000
39.45100
39.44900
39.44900
39.45100
39.45200
39.45000
39.44800
39.44700
39.44500
39.44300
39.44300
39.44400
39.44500
39.44500
39.44400
39.44300
39.44200
39.44200
39.44100
39.44300
39.44400
39.44400
39.44400
39.44400
39.44200
39.44300
39.44400
39.44300
39.44200
39.44100
39.44100
39.44300
39.44300
39.44100
39.44100
39.44000
39.43900
39.43900
39.43700
39.43700
39.43500
39.43600
39.43600
39.43600
39.43700
39.43700
39.43600
39.43500
39.43300
39.43300
39.43400
39.43000
39.43100
39.43100
39.43100
39.43200
39.43200
39.43100
39.42900
39.42800
39.42700
39.42800
39.42700
39.42800
39.42900
39.43000
39.43000
39.42900
39.42900
39.43000
39.43000
39.43000
39.43000
39.42900
39.42900
39.43000
39.43200
39.43200
39.43200
39.43200
39.43200
39.43100
39.43100
39.43100
39.43000
39.42900
39.43000
39.43100
39.43200
39.43100
39.43300
39.43400
39.43400
39.43400
39.43500
39.43300
39.43300
39.43300
39.43300
39.43400
39.43200
39.43100
39.43200
39.43200
39.43300
39.43300
39.43400
39.43600
39.43500
39.43600
39.43400
39.43400
39.43400
39.43600
39.43700
39.43700
39.43700
39.43600
39.43700
39.43800
39.43900
39.43800
39.43600
39.43900
39.43900
39.44000
39.44000
39.44000
39.43900
39.43700
39.43800
39.43800
39.43800
39.43700
39.43700
39.43500
39.43400
39.43400
39.43200
39.43200
39.43300
39.43200
39.43200
39.43100
39.43000
39.43000
39.43200
39.43300
39.43100
39.43000
39.42800
39.42600
39.42500
39.42700
39.42700
39.42500
39.42300
39.42400
39.42500
39.42600
39.42600
39.42600
39.42600
39.42900
39.42900
39.42900
39.42900
39.42700
39.42800
39.42700
39.42800
39.43100
39.42800
39.42900
39.43000
39.42900
39.42900
39.43000
39.43000
39.42900
39.42800
39.42700
39.42400
39.42600
39.42800
39.42900
39.42800
39.42800
39.42700
39.42800
39.42800
39.42700
39.42600
39.42400
39.42400
39.42800
39.42800
39.42900
39.42800
39.42900
39.42700
39.42700
39.42800
39.42800
39.42700
39.42700
39.42700
39.42500
39.42600
39.42500
39.42400
39.42200
39.42200
39.42200
39.42200
39.42300
39.42500
39.42200
39.42200
39.42200
39.41900
39.41900
39.41600
39.41800
39.41800
39.41600
39.41700
39.41700
39.41800
39.41700
39.41700
39.41800
39.41700
39.41700
39.41600
39.41600
39.41500
39.41600
39.41600
39.41400
39.41400
39.41200
39.41200
39.41000
39.41000
39.41100
39.41100
39.41100
39.41100
39.41000
39.41000
39.41100
39.41200
39.41200
39.41000
39.40800
39.40800
39.40900
39.40900
39.41000
39.41200
39.41000
39.41000
39.40900
39.41100
39.41100
39.41500
39.41500
39.41400
39.41300
39.41300
39.41300
39.41200
39.41100
39.41200
39.41300
39.41400
39.41500
39.41700
39.41700
39.41800
39.41800
39.41700
39.41600
39.41600
39.41600
39.41400
39.41500
39.41500
39.41600
39.41400
39.41500
39.41400
39.41200
39.41200
39.41200
39.41100
39.40900
39.40900
39.41000
39.40900
39.40800
39.40900
39.40900
39.40900
39.40700
39.40800
39.40800
39.40700
39.40700
39.40800
39.40800
39.41000
39.41000
39.41000
39.41100
39.41200
39.41200
39.41300
39.41200
39.41200
39.41400
39.41400
39.41300
39.41300
39.41300
39.41200
39.41200
39.41300
39.41400
39.41300
39.41300
39.41300
39.41200
39.41400
39.41300
39.41300
39.41200
39.41200
39.41300
39.41400
39.41200
39.41200
39.41200
39.41400
39.41500
39.41500
39.41400
39.41500
39.41600
39.41800
39.41800
39.41800
39.41800
39.41800
39.41700
39.41800
39.41800
39.41800
39.42200
39.42000
39.42100
39.42200
39.42200
39.42200
39.42300
39.42200
39.42000
39.42000
39.42400
39.42700
39.42900
39.43200
39.43400
39.43200
39.43200
39.43200
39.43300
39.43500
39.43700
39.43900
39.43800
39.43700
39.43700
39.43700
39.43800
39.43800
39.44000
39.44000
39.44100
39.44100
39.44200
39.44300
39.44400
39.44600
39.44600
39.44700
39.44800
39.44800
39.45100
39.45400
39.45400
39.45600
39.45900
39.46000
39.46200
39.46200
39.46500
39.46700
39.50333
39.50444
39.50667
39.50667
39.46000
39.46125
39.46125
39.49429
39.49429
39.45833
39.42400
39.38750
39.28000
39.28667
39.28667
39.32000
39.32500
39.32500
39.13000
39.14000
39.14000
