0.00000
0.00000
0.00000
0.00000
0.00000
0.00000
0.00000
0.00000
0.00000
0.00000
0.00000
0.00000
0.00000
0.00000
0.00000
0.00000
0.00000
3.20000
3.20000
4.70000
4.70000
4.70000
6.50000
6.50000
8.40000
8.70000
8.70000
13.20000
13.35300
13.25000
15.76700
18.69600
18.78700
19.55300
23.02800
23.40300
23.02800
23.48200
24.15300
24.96600
25.25400
25.46000
25.79100
25.45000
25.64300
26.07500
25.96000
25.98100
26.79500
26.73300
27.21000
27.15400
27.53300
27.66500
27.77800
28.08800
27.85200
28.40300
28.64300
28.83400
29.41400
29.75000
29.85600
30.02600
30.09800
30.27900
30.44500
30.84300
30.94700
31.55700
31.93700
32.07700
32.13300
32.31900
32.36400
32.45800
32.67300
33.04000
33.12400
32.99300
33.06900
33.25600
33.41300
33.73600
33.89000
34.10900
34.15000
34.23900
34.59400
34.50400
34.62700
34.74000
34.64600
34.97200
35.11000
35.08000
35.25600
35.23100
35.33600
35.50100
35.58700
35.58600
35.79500
35.73500
35.78700
35.76000
35.83300
35.81400
35.91400
35.95900
35.92300
35.93800
36.13100
36.12600
36.16900
36.37100
36.37200
36.51900
36.59400
36.54700
36.47500
36.53000
36.63000
36.66500
36.75900
36.80500
36.81600
36.77500
36.74100
36.78900
36.91800
36.98300
36.98400
37.04700
37.06400
37.09500
37.16600
37.23000
37.18200
37.20300
37.28200
37.29700
37.35500
37.45800
37.45400
37.51800
37.60200
37.57900
37.50700
37.59900
37.60000
37.56600
37.55900
37.59300
37.61900
37.63000
37.61100
37.62300
37.64000
37.64600
37.70800
37.77700
37.82100
37.86100
37.93100
37.90800
38.01700
38.11600
38.04800
38.08000
38.06600
38.04000
38.08200
38.11400
38.05600
38.11500
38.08600
38.10400
38.14700
38.11800
38.10800
38.17300
38.20100
38.26000
38.16200
38.22900
38.25700
38.26700
38.22400
38.17200
38.15400
38.19300
38.21100
38.30000
38.35900
38.35000
38.39900
38.42900
38.43500
38.43100
38.47000
38.52300
38.53800
38.54500
38.52200
38.56900
38.56200
38.58800
38.58000
38.56300
38.58600
38.61000
38.61700
38.58700
38.56600
38.54900
38.55100
38.59600
38.56000
38.56100
38.57900
38.54000
38.55800
38.55700
38.56000
38.58500
38.58900
38.56800
38.63000
38.65600
38.66600
38.66800
38.68300
38.70100
38.69300
38.73900
38.69800
38.70600
38.75000
38.69700
38.72700
38.72800
38.73100
38.77400
38.75200
38.74900
38.74300
38.75400
38.76400
38.75800
38.71300
38.74400
38.72200
38.73500
38.66400
38.63100
38.63400
38.62900
38.62000
38.57400
38.59500
38.57200
38.57400
38.60900
38.60100
38.61000
38.60600
38.57800
38.56700
38.57000
38.61400
38.62700
38.61100
38.60800
38.59600
38.61300
38.57300
38.61200
38.62700
38.59100
38.61800
38.63800
38.63100
38.62300
38.63000
38.64000
38.62100
38.60600
38.60900
38.59600
38.59800
38.57600
38.59800
38.56900
38.55400
38.55000
38.55300
38.54700
38.52000
38.50100
38.50600
38.50100
38.51200
38.51800
38.50300
38.53500
38.53200
38.56300
38.56300
38.62500
38.62300
38.61700
38.61700
38.64500
38.60400
38.61100
38.61100
38.57900
38.61400
38.63700
38.65200
38.63800
38.63400
38.63500
38.62400
38.66600
38.68000
38.65300
38.65400
38.64100
38.63300
38.59400
38.58300
38.59400
38.57800
38.57500
38.57500
38.55800
38.59600
38.58800
38.58100
38.59500
38.59100
38.57400
38.62800
38.62500
38.62800
38.64500
38.63200
38.63800
38.66400
38.63400
38.63900
38.62500
38.62300
38.62000
38.61300
38.61500
38.66800
38.70700
38.71400
38.69500
38.68600
38.68300
38.71300
38.75900
38.76600
38.76500
38.78800
38.78800
38.79900
38.80600
38.81300
38.79500
38.79800
38.80300
38.78100
38.81100
38.80400
38.83400
38.80000
38.80000
38.80500
38.84300
38.84600
38.82200
38.84200
38.83700
38.86500
38.87000
38.86100
38.85100
38.84200
38.84000
38.85300
38.87500
38.89600
38.90200
38.89400
38.88100
38.92300
38.93000
38.93200
38.93100
38.93500
38.94800
38.95700
38.97000
38.96700
38.97300
38.95200
38.93900
38.93700
38.91800
38.91900
38.90900
38.89700
38.90700
38.89900
38.91700
38.92600
38.93600
38.95800
38.93700
38.93300
38.93900
38.94100
38.96800
38.96400
38.98100
38.96800
38.97300
38.99600
39.04200
39.02700
39.03600
39.02700
39.03500
39.06200
39.07500
39.05800
39.06900
39.06200
39.08200
39.06800
39.08100
39.09000
39.08000
39.09100
39.08200
39.06500
39.07100
39.07500
39.06100
39.06100
39.05300
39.08200
39.07400
39.09800
39.09800
39.08600
39.06600
39.05100
39.07300
39.06600
39.06700
39.08000
39.07100
39.07300
39.08200
39.07800
39.08800
39.09700
39.10000
39.10300
39.10600
39.12400
39.11400
39.10700
39.12200
39.13100
39.12900
39.13300
39.11700
39.12500
39.10800
39.10400
39.09000
39.08000
39.07600
39.06600
39.06700
39.06400
39.06900
39.07900
39.08600
39.08300
39.06000
39.05900
39.07400
39.08600
39.09200
39.08500
39.09100
39.08300
39.08200
39.08300
39.07700
39.06600
39.07100
39.05700
39.06700
39.06700
39.04800
39.04200
39.03600
39.04600
39.04900
39.06300
39.08400
39.06100
39.06600
39.05500
39.05300
39.04200
39.04500
39.06700
39.06500
39.06300
39.06300
39.05900
39.06800
39.07200
39.07600
39.10900
39.11800
39.12900
39.16000
39.15600
39.18500
39.17800
39.17400
39.17400
39.16900
39.16600
39.14600
39.16200
39.16300
39.16500
39.18000
39.19900
39.19400
39.20100
39.19400
39.20000
39.20100
39.20500
39.17900
39.17400
39.17100
39.17200
39.17200
39.19100
39.19800
39.18900
39.18800
39.19400
39.18200
39.17900
39.16900
39.17400
39.18800
39.18600
39.18600
39.18300
39.18700
39.18000
39.18000
39.16900
39.16200
39.16700
39.18200
39.18800
39.19100
39.18600
39.18200
39.17000
39.18100
39.18800
39.17200
39.17900
39.17800
39.18500
39.18400
39.18800
39.18800
39.19000
39.19400
39.19300
39.19900
39.21200
39.19600
39.19600
39.18500
39.18200
39.18100
39.17600
39.18000
39.18300
39.20300
39.21100
39.21500
39.20400
39.23600
39.23100
39.23600
39.22500
39.22600
39.22400
39.20100
39.20400
39.19800
39.18800
39.17400
39.17000
39.16700
39.15100
39.13200
39.11600
39.11800
39.11400
39.12800
39.15000
39.15600
39.16900
39.15600
39.14000
39.14200
39.13700
39.13500
39.14100
39.14200
39.14500
39.13200
39.13900
39.13400
39.13500
39.14000
39.14100
39.13900
39.13400
39.12700
39.13000
39.12400
39.12000
39.11200
39.11900
39.10500
39.10800
39.10400
39.09600
39.09500
39.10300
39.11300
39.12100
39.13500
39.13100
39.13100
39.15000
39.14800
39.13800
39.13900
39.13900
39.14500
39.13900
39.13200
39.12400
39.12400
39.10000
39.10300
39.11000
39.10000
39.11100
39.10600
39.10800
39.08700
39.08300
39.09200
39.10000
39.09900
39.10100
39.10700
39.10700
39.11500
39.11100
39.11600
39.11300
39.09400
39.09500
39.09000
39.08100
39.07900
39.08900
39.09600
39.10500
39.12400
39.13000
39.12600
39.11100
39.10900
39.08900
39.09200
39.10900
39.10700
39.11800
39.12300
39.13100
39.13700
39.13200
39.12100
39.12500
39.12000
39.10900
39.10400
39.09700
39.08500
39.07600
39.06600
39.07500
39.07200
39.05400
39.06500
39.07200
39.07200
39.06700
39.07200
39.08400
39.07600
39.09200
39.09500
39.08600
39.08500
39.08700
39.08700
39.09500
39.09000
39.09400
39.08800
39.09000
39.08700
39.09700
39.09000
39.09500
39.08200
39.08900
39.09000
39.09300
39.08100
39.08900
39.09300
39.09600
39.10100
39.09100
39.09500
39.11300
39.11700
39.11900
39.12800
39.12000
39.11400
39.11500
39.10900
39.10000
39.10300
39.10100
39.09600
39.08900
39.08600
39.08000
39.07900
39.05800
39.06100
39.06100
39.06700
39.06000
39.06900
39.07300
39.07600
39.09100
39.08500
39.08500
39.07500
39.07600
39.08500
39.08100
39.08100
39.08000
39.08000
39.08300
39.08800
39.09000
39.07600
39.07800
39.07600
39.08200
39.09300
39.08100
39.08200
39.08800
39.09300
39.09500
39.10300
39.09200
39.10500
39.10400
39.10300
39.11100
39.09500
39.08800
39.09100
39.09600
39.10000
39.11400
39.11200
39.12500
39.12300
39.13700
39.13400
39.13200
39.13300
39.13200
39.12800
39.12200
39.11700
39.11500
39.12300
39.12400
39.12800
39.14000
39.12800
39.12700
39.13700
39.13600
39.13400
39.13900
39.13800
39.13400
39.13400
39.11800
39.11800
39.12300
39.11400
39.10100
39.10100
39.10900
39.10300
39.09700
39.10100
39.09900
39.08900
39.10000
39.10200
39.11200
39.10400
39.10200
39.09900
39.09600
39.09800
39.09300
39.08600
39.06900
39.05700
39.04400
39.04400
39.04700
39.04700
39.05000
39.04500
39.04900
39.05000
39.04600
39.04800
39.05700
39.05500
39.05100
39.04800
39.05800
39.05600
39.05800
39.06300
39.06100
39.04600
39.04800
39.04700
39.05100
39.05200
39.04400
39.03600
39.03600
39.03300
39.04800
39.05400
39.04700
39.04100
39.03700
39.04200
39.05100
39.04300
39.04100
39.03900
39.05400
39.05100
39.07200
39.07400
39.07200
39.07600
39.07200
39.08300
39.07300
39.06700
39.07000
39.07700
39.07600
39.07600
39.07000
39.07500
39.07200
39.07500
39.07100
39.08200
39.08200
39.07100
39.07300
39.06700
39.07900
39.08300
39.07300
39.08300
39.07800
39.07700
39.08900
39.08000
39.07400
39.07600
39.06800
39.06600
39.06600
39.06800
39.06800
39.06200
39.05900
39.06100
39.04800
39.04400
39.03800
39.04200
39.04000
39.04300
39.04000
39.04500
39.04600
39.04600
39.05100
39.05300
39.06000
39.05300
39.05300
39.04700
39.03500
39.02600
39.02800
39.03100
39.03400
39.05300
39.05800
39.05800
39.06200
39.06800
39.05600
39.06300
39.05700
39.05500
39.05200
39.04500
39.05000
39.04500
39.04500
39.04800
39.04600
39.04100
39.04500
39.03800
39.03300
39.02900
39.02900
39.02500
39.01600
39.01600
39.02200
39.02500
39.02500
39.02900
39.03300
39.03900
39.04100
39.04800
39.04700
39.05300
39.05000
39.05300
39.04300
39.04800
39.04900
39.03400
39.04300
39.03700
39.03800
39.03600
39.04400
39.04400
39.04800
39.04700
39.04300
39.03900
39.04200
39.03800
39.04500
39.04600
39.04200
39.04100
39.05000
39.04600
39.04300
39.04800
39.04800
39.04600
39.04700
39.05100
39.04800
39.04700
39.05400
39.05300
39.05700
39.05200
39.05800
39.05700
39.05900
39.05800
39.05000
39.04800
39.04400
39.05300
39.05700
39.05600
39.06100
39.06100
39.05600
39.06200
39.05800
39.05300
39.04800
39.05600
39.05600
39.05500
39.06200
39.05200
39.05400
39.05400
39.05700
39.05700
39.05800
39.05800
39.05700
39.05400
39.05100
39.05000
39.05400
39.04300
39.03800
39.04400
39.05300
39.05800
39.06700
39.05700
39.05600
39.05600
39.05900
39.06300
39.06100
39.06300
39.06800
39.06600
39.07200
39.07200
39.07400
39.07500
39.06900
39.06300
39.07000
39.07900
39.08400
39.08300
39.08500
39.07600
39.07500
39.07300
39.06200
39.06600
39.06400
39.06500
39.06200
39.06800
39.07500
39.08000
39.08200
39.08400
39.08500
39.06800
39.06800
39.07200
39.07200
39.06900
39.07200
39.06400
39.06600
39.06300
39.06900
39.06400
39.06500
39.07500
39.08000
39.08700
39.08800
39.09700
39.10100
39.10400
39.11000
39.10900
39.10800
39.10900
39.10100
39.09500
39.09500
39.09400
39.10200
39.09900
39.10800
39.10700
39.11000
39.11400
39.11500
39.10400
39.11200
39.10600
39.10700
39.11000
39.12100
39.12100
39.12600
39.13000
39.12700
39.12600
39.12100
39.11900
39.12300
39.12400
39.11700
39.12800
39.12800
39.14700
39.14600
39.14800
39.14000
39.13900
39.14100
39.14900
39.15100
39.14900
39.14100
39.14200
39.14800
39.14800
39.15200
39.14800
39.15100
39.16500
39.16600
39.16400
39.16800
39.16700
39.16800
39.16600
39.17600
39.17300
39.17700
39.18200
39.17900
39.18300
39.18200
39.18000
39.17600
39.17200
39.16800
39.17100
39.17300
39.16800
39.17400
39.18000
39.18000
39.17400
39.17700
39.17800
39.18400
39.17600
39.17600
39.17600
39.17900
39.17500
39.17900
39.17900
39.18000
39.17900
39.16900
39.15900
39.16000
39.16000
39.15800
39.16100
39.15600
39.15200
39.14500
39.14200
39.15600
39.15600
39.16500
39.16000
39.16500
39.16300
39.16300
39.15900
39.15800
39.16000
39.15400
39.15500
39.15600
39.16200
39.16900
39.16900
39.17300
39.16900
39.16900
39.16900
39.16700
39.17000
39.17700
39.17300
39.17500
39.17000
39.17400
39.17700
39.17900
39.18500
39.18300
39.17300
39.17600
39.16800
39.16100
39.16000
39.15500
39.15100
39.15100
39.14400
39.14100
39.14000
39.13600
39.13300
39.12900
39.13100
39.13400
39.13400
39.13100
39.13000
39.13300
39.13200
39.13500
39.14200
39.14600
39.14900
39.15100
39.14500
39.13400
39.13600
39.13200
39.12500
39.12800
39.12600
39.12600
39.12700
39.12400
39.12000
39.12000
39.11100
39.10600
39.10700
39.10200
39.10600
39.10900
39.11200
39.11100
39.10500
39.10900
39.11500
39.11900
39.12200
39.11900
39.11600
39.11400
39.11700
39.11700
39.11800
39.11600
39.11600
39.12200
39.12200
39.11900
39.12000
39.11900
39.11200
39.11000
39.11700
39.11700
39.11500
39.11200
39.11800
39.11100
39.11900
39.12600
39.13500
39.14200
39.14400
39.14400
39.15400
39.15400
39.15700
39.15900
39.16300
39.15800
39.16200
39.16100
39.15800
39.16000
39.15800
39.15200
39.15100
39.14700
39.14500
39.13400
39.13800
39.13300
39.12900
39.12900
39.12700
39.12200
39.12100
39.11600
39.11200
39.11700
39.11500
39.11900
39.12300
39.11500
39.11700
39.11500
39.11600
39.11600
39.11800
39.12300
39.12800
39.13300
39.13900
39.13600
39.13500
39.13600
39.13500
39.13600
39.14100
39.14400
39.14800
39.14500
39.14100
39.14300
39.14200
39.13500
39.12400
39.13300
39.13600
39.13600
39.13500
39.13000
39.12600
39.12200
39.13000
39.13200
39.13400
39.12600
39.12600
39.12900
39.13000
39.13600
39.14800
39.14500
39.14500
39.14500
39.14200
39.13800
39.14300
39.14800
39.16000
39.16100
39.16800
39.16800
39.16800
39.16900
39.17000
39.17000
39.16900
39.16700
39.16400
39.16900
39.16800
39.17200
39.17400
39.17600
39.17400
39.17300
39.17100
39.17900
39.18200
39.17900
39.18000
39.18200
39.18800
39.19000
39.19100
39.19200
39.19400
39.19500
39.19400
39.19200
39.19400
39.19800
39.19500
39.19800
39.19400
39.19500
39.19800
39.19500
39.19100
39.19300
39.19900
39.20100
39.20400
39.19900
39.20300
39.20300
39.19800
39.19500
39.19200
39.19400
39.18600
39.19200
39.19200
39.19600
39.19700
39.19200
39.19200
39.19700
39.19500
39.19500
39.19800
39.19500
39.19700
39.20200
39.20500
39.20700
39.19900
39.19400
39.18900
39.18900
39.18700
39.18300
39.17500
39.17000
39.17300
39.17400
39.17200
39.16800
39.16600
39.16800
39.17000
39.16900
39.16800
39.17100
39.16800
39.16800
39.16900
39.17300
39.17600
39.17100
39.17200
39.16400
39.16700
39.16600
39.16900
39.16600
39.16800
39.16600
39.17000
39.16900
39.17000
39.17500
39.17600
39.18000
39.17800
39.18000
39.18200
39.18100
39.17800
39.17800
39.18200
39.18200
39.17300
39.17200
39.17900
39.18900
39.18900
39.18700
39.18600
39.18200
39.18200
39.18300
39.18200
39.18300
39.18300
39.18400
39.19100
39.19200
39.19500
39.19000
39.19100
39.19900
39.19500
39.19700
39.19600
39.20500
39.20500
39.19800
39.19800
39.19900
39.20200
39.20200
39.21400
39.21700
39.21400
39.21500
39.22700
39.22100
39.22400
39.21500
39.21500
39.21300
39.22000
39.21800
39.22100
39.22200
39.22200
39.22300
39.22300
39.22500
39.22400
39.23100
39.22900
39.23500
39.24100
39.24000
39.24000
39.24400
39.24300
39.24500
39.24800
39.25100
39.24700
39.24600
39.24600
39.24300
39.24200
39.24700
39.24600
39.25000
39.24700
39.24700
39.25000
39.24900
39.24200
39.24200
39.24100
39.24000
39.23800
39.23200
39.22400
39.22200
39.22800
39.22600
39.22900
39.22800
39.23100
39.23600
39.23200
39.23600
39.24500
39.24200
39.24200
39.23600
39.23400
39.23900
39.24100
39.23800
39.23900
39.24300
39.24100
39.23800
39.23500
39.25200
39.24700
39.24200
39.24500
39.24300
39.25200
39.24600
39.24300
39.24200
39.23700
39.23900
39.24400
39.24900
39.25400
39.25500
39.26000
39.26300
39.26700
39.26800
39.26900
39.27200
39.27700
39.27300
39.27100
39.27100
39.27100
39.26900
39.26600
39.26500
39.26600
39.26600
39.27000
39.26600
39.26400
39.26600
39.26400
39.25800
39.26300
39.25500
39.24800
39.25300
39.25500
39.25500
39.25400
39.25300
39.26100
39.25400
39.25300
39.25000
39.24700
39.24400
39.24900
39.24700
39.24100
39.24000
39.23900
39.23400
39.23500
39.23500
39.23700
39.23600
39.23200
39.23600
39.23100
39.22500
39.22300
39.22000
39.22000
39.21800
39.22100
39.21900
39.22200
39.22400
39.22100
39.22400
39.22300
39.22000
39.21700
39.21300
39.20900
39.21100
39.21100
39.21100
39.21100
39.21700
39.21000
39.20900
39.20400
39.21100
39.21100
39.21500
39.21500
39.21600
39.21500
39.21400
39.20700
39.20200
39.20600
39.20500
39.20900
39.21600
39.21700
39.21500
39.21400
39.20900
39.20900
39.21000
39.21200
39.21000
39.21000
39.21400
39.21300
39.21100
39.21000
39.21200
39.21600
39.21700
39.21500
39.21500
39.21200
39.21600
39.22000
39.22300
39.22400
39.22400
39.22800
39.22600
39.23200
39.23400
39.23200
39.22800
39.22700
39.22700
39.22400
39.22600
39.22900
39.23400
39.23200
39.23400
39.23400
39.23700
39.23700
39.23600
39.23800
39.23600
39.23500
39.23700
39.24200
39.24200
39.24400
39.25200
39.25600
39.25500
39.25100
39.24700
39.24700
39.24900
39.25400
39.25400
39.25200
39.24800
39.25000
39.24700
39.25400
39.25100
39.25100
39.24300
39.24700
39.25000
39.25200
39.25600
39.25700
39.25500
39.25500
39.25600
39.25600
39.26200
39.26100
39.25900
39.25900
39.25500
39.25600
39.25800
39.25500
39.25200
39.25500
39.25200
39.25300
39.26100
39.26200
39.25900
39.26000
39.26000
39.26400
39.26100
39.26100
39.25900
39.26400
39.26700
39.26400
39.25900
39.25600
39.25800
39.25700
39.25400
39.25400
39.25300
39.25000
39.24800
39.25700
39.26000
39.26300
39.26500
39.26700
39.26700
39.26300
39.26000
39.26400
39.26500
39.26200
39.26200
39.26100
39.26000
39.26100
39.26100
39.26300
39.26100
39.25900
39.25800
39.25800
39.25700
39.25600
39.25400
39.25200
39.25200
39.24700
39.24100
39.24200
39.24100
39.24200
39.24200
39.23500
39.23200
39.23200
39.23300
39.23400
39.23500
39.23000
39.22700
39.22800
39.22700
39.23100
39.23000
39.23000
39.22600
39.23100
39.23500
39.23200
39.23200
39.23800
39.23400
39.23700
39.23800
39.24100
39.24000
39.23600
39.23500
39.23200
39.22900
39.23000
39.23000
39.23500
39.23600
39.23600
39.23600
39.23800
39.24000
39.23700
39.23500
39.23000
39.23200
39.23000
39.23200
39.24400
39.24600
39.24900
39.24600
39.24700
39.24600
39.24600
39.24900
39.24200
39.24000
39.24100
39.24200
39.23800
39.23500
39.23600
39.23700
39.23700
39.23600
39.23200
39.23100
39.23200
39.23200
39.23300
39.23300
39.23200
39.23200
39.22500
39.23000
39.23200
39.23000
39.23100
39.23300
39.23900
39.24100
39.24300
39.24000
39.24000
39.23900
39.23800
39.24000
39.23800
39.23800
39.24200
39.24700
39.24600
39.24900
39.25100
39.25300
39.25300
39.25400
39.25400
39.24900
39.24700
39.24100
39.24400
39.24000
39.24700
39.24200
39.24800
39.24900
39.25200
39.25200
39.25000
39.24300
39.24200
39.24000
39.24000
39.24300
39.24200
39.24100
39.23800
39.23100
39.22900
39.22600
39.22800
39.22200
39.22400
39.22700
39.22500
39.22500
39.22700
39.22900
39.22500
39.22200
39.21900
39.21800
39.22000
39.21900
39.22500
39.22200
39.22100
39.22100
39.21800
39.21700
39.21800
39.22200
39.22500
39.22500
39.22700
39.22400
39.22400
39.22400
39.21600
39.21400
39.21500
39.21500
39.21800
39.22100
39.22000
39.21800
39.21700
39.21800
39.22000
39.22000
39.21700
39.21900
39.21500
39.21200
39.21200
39.20600
39.20500
39.20300
39.20400
39.20000
39.20300
39.20700
39.21200
39.20800
39.20800
39.21100
39.20600
39.20900
39.20400
39.20800
39.21200
39.20900
39.21000
39.20500
39.20000
39.20000
39.20200
39.20000
39.19400
39.19900
39.19900
39.19500
39.19500
39.19600
39.19500
39.19600
39.19400
39.19400
39.19500
39.19300
39.19500
39.19500
39.19800
39.19900
39.19400
39.19200
39.19000
39.19500
39.19700
39.19800
39.21300
39.20800
39.21100
39.22000
39.21900
39.22100
39.22300
39.22100
39.22000
39.22300
39.22300
39.22400
39.22200
39.22500
39.22800
39.23100
39.23100
39.23300
39.23300
39.23100
39.22800
39.22300
39.22200
39.22400
39.22400
39.21800
39.22000
39.22600
39.22700
39.22700
39.22900
39.23000
39.22800
39.22500
39.22400
39.22400
39.22400
39.22200
39.22100
39.22100
39.22700
39.22500
39.22500
39.21600
39.21900
39.21600
39.21800
39.21800
39.21800
39.21900
39.21600
39.21300
39.21900
39.21600
39.22300
39.21800
39.21500
39.22000
39.22400
39.22300
39.22600
39.22400
39.22400
39.22000
39.22400
39.22300
39.22400
39.22600
39.22400
39.22400
39.22300
39.22300
39.22600
39.22600
39.22500
39.22800
39.23400
39.23200
39.23100
39.22700
39.22900
39.22800
39.22500
39.22700
39.22900
39.22800
39.22900
39.22700
39.22800
39.22300
39.22200
39.21900
39.22000
39.22100
39.22600
39.22700
39.22400
39.21800
39.21600
39.21600
39.21300
39.21400
39.20900
39.21000
39.21000
39.20600
39.20300
39.20000
39.19700
39.19400
39.19500
39.19400
39.19100
39.19200
39.19200
39.19100
39.18800
39.19100
39.18900
39.19000
39.19100
39.19300
39.19400
39.19500
39.19500
39.19200
39.19200
39.19400
39.19200
39.19400
39.19100
39.19100
39.19300
39.19800
39.20600
39.20700
39.20900
39.21000
39.21800
39.22100
39.22400
39.22200
39.22000
39.22300
39.22300
39.22000
39.22000
39.22100
39.22600
39.23200
39.23300
39.23100
39.22800
39.23200
39.23200
39.24000
39.23900
39.24100
39.24100
39.23800
39.24100
39.24500
39.24200
39.24700
39.24900
39.24900
39.25600
39.25600
39.25800
39.26000
39.26600
39.26700
39.26800
39.26400
39.26500
39.26100
39.26100
39.26000
39.26400
39.26200
39.26100
39.26300
39.26300
39.26300
39.26500
39.26800
39.26600
39.26900
39.27000
39.26900
39.27200
39.26800
39.27300
39.27000
39.27600
39.27900
39.28200
39.28400
39.28300
39.28300
39.28300
39.28100
39.28200
39.27700
39.27700
39.27600
39.27600
39.27700
39.28200
39.28000
39.28300
39.28600
39.28500
39.28800
39.29200
39.29500
39.30100
39.30400
39.30400
39.30600
39.30900
39.31700
39.32700
39.32800
39.33500
39.33100
39.32600
39.32900
39.33200
39.33500
39.33700
39.33900
39.34000
39.34200
39.33900
39.33500
39.33300
39.33800
39.34400
39.34700
39.34500
39.34700
39.35300
39.35400
39.35200
39.35100
39.35000
39.35300
39.35600
39.36100
39.36400
39.36500
39.36400
39.36600
39.36700
39.36600
39.36900
39.36800
39.36500
39.36600
39.36700
39.36400
39.36900
39.36800
39.36600
39.36200
39.36100
39.35600
39.35700
39.36000
39.36200
39.36100
39.37000
39.37200
39.37300
39.37700
39.37600
39.37800
39.37700
39.38100
39.38200
39.38700
39.38900
39.39200
39.39100
39.39300
39.39200
39.38300
39.38800
39.39100
39.39000
39.39100
39.38900
39.38700
39.38500
39.39000
39.38600
39.38600
39.38100
39.38200
39.38200
39.38500
39.38700
39.38800
39.39000
39.38900
39.38500
39.38800
39.39000
39.39400
39.39300
39.39100
39.39400
39.39600
39.40200
39.40200
39.40600
39.40700
39.41000
39.40700
39.41000
39.41500
39.41900
39.41700
39.42100
39.42100
39.41700
39.41800
39.42100
39.41900
39.42000
39.41700
39.42500
39.42700
39.42800
39.43000
39.43000
39.43000
39.42900
39.43100
39.43500
39.43300
39.43500
39.43300
39.43700
39.43500
39.43600
39.44000
39.44100
39.44300
39.44800
39.44700
39.44200
39.43900
39.44100
39.44300
39.44700
39.44400
39.44100
39.44100
39.44000
39.43800
39.43800
39.43900
39.43700
39.44100
39.44100
39.44200
39.44100
39.44100
39.44100
39.44000
39.43800
39.43900
39.44300
39.44500
39.44500
39.44500
39.44300
39.44300
39.44500
39.44400
39.44400
39.44300
39.43800
39.43800
39.43400
39.43500
39.43700
39.43300
39.43200
39.43500
39.44000
39.43600
39.43700
39.43800
39.43600
39.43900
39.43800
39.43800
39.43500
39.44100
39.44200
39.44400
39.44400
39.44400
39.44500
39.44500
39.44100
39.44100
39.43500
39.43400
39.43700
39.44100
39.44200
39.44200
39.44500
39.44600
39.44600
39.44300
39.43900
39.43800
39.43900
39.43900
39.43700
39.43500
39.43600
39.43800
39.43600
39.44000
39.44100
39.44100
39.43900
39.44000
39.44300
39.44600
39.44500
39.44800
39.45100
39.45700
39.45800
39.45700
39.45800
39.45700
39.45700
39.45600
39.45400
39.45100
39.45600
39.45600
39.45100
39.45100
39.45400
39.45300
39.45400
39.45600
39.45800
39.45900
39.46000
39.45800
39.45700
39.45800
39.46000
39.45500
39.45500
39.45800
39.45500
39.45200
39.45200
39.45300
39.45300
39.45600
39.45700
39.45800
39.45700
39.45700
39.45900
39.45800
39.45900
39.46000
39.46000
39.46100
39.46000
39.46600
39.46500
39.46600
39.46400
39.46500
39.46300
39.46600
39.46500
39.46500
39.46300
39.46500
39.46700
39.46800
39.46000
39.46000
39.46000
39.46200
39.46100
39.46500
39.46300
39.46300
39.46500
39.46300
39.46000
39.46300
39.46400
39.46200
39.46500
39.46400
39.46100
39.45700
39.45400
39.46000
39.45800
39.45400
39.45700
39.45900
39.45800
39.45800
39.45700
39.45700
39.45900
39.46000
39.46300
39.46500
39.46800
39.47000
39.46700
39.46600
39.46700
39.46800
39.47400
39.47000
39.47000
39.47200
39.47500
39.47200
39.47200
39.47200
39.47000
39.47300
39.47400
39.47400
39.47200
39.47400
39.47300
39.47500
39.47800
39.47700
39.47800
39.48100
39.48100
39.48100
39.48300
39.48200
39.48400
39.48500
39.48200
39.48000
39.48400
39.48200
39.48100
39.48100
39.48400
39.48500
39.48600
39.48300
39.48200
39.48800
39.48800
39.48700
39.48800
39.49000
39.49200
39.49100
39.49300
39.49100
39.49400
39.49100
39.49000
39.49000
39.49100
39.49200
39.49200
39.49100
39.49300
39.49400
39.49500
39.49300
39.49500
39.49400
39.49200
39.49200
39.49200
39.49200
39.49400
39.49500
39.49800
39.50000
39.50100
39.50300
39.50700
39.50700
39.50700
39.50600
39.50800
39.50500
39.50600
39.50600
39.50400
39.50600
39.50400
39.50600
39.50700
39.50800
39.50900
39.51100
39.51200
39.51600
39.51300
39.51600
39.51600
39.52400
39.52400
39.52100
39.52500
39.52500
39.52600
39.52500
39.52600
39.52700
39.52900
39.53200
39.53300
39.53700
39.54000
39.54000
39.54000
39.54200
39.54100
39.54700
39.54900
39.54400
39.54400
39.55000
39.55400
39.55600
39.55900
39.55300
39.55100
39.55300
39.55600
39.55500
39.55800
39.56200
39.56100
39.56600
39.56700
39.57000
39.57000
39.57100
39.57100
39.57100
39.57100
39.57700
39.58200
39.58400
39.58300
39.58200
39.58200
39.58500
39.59100
39.59000
39.59300
39.59200
39.58900
39.59200
39.59100
39.59000
39.59000
39.59000
39.59000
39.58700
39.58800
39.58600
39.59100
39.59500
39.59600
39.59700
39.59500
39.59500
39.59700
39.60000
39.59700
39.60100
39.60200
39.60600
39.60700
39.60700
39.60900
39.61000
39.60900
39.61000
39.61500
39.61900
39.61800
39.62100
39.62000
39.62100
39.62100
39.61800
39.61700
39.61800
39.61900
39.61700
39.61900
39.62100
39.62500
39.62700
39.62600
39.62500
39.62500
39.62500
39.62400
39.62600
39.62900
39.63000
39.63400
39.64400
39.64200
39.63900
39.63900
39.63700
39.63700
39.63600
39.64300
39.64000
39.63500
39.63300
39.63300
39.63700
39.63800
39.63500
39.63900
39.63900
39.63600
39.63600
39.63500
39.63500
39.63400
39.64000
39.64500
39.64600
39.64600
39.65300
39.65100
39.65400
39.65100
39.65600
39.65800
39.65400
39.65400
39.65500
39.65700
39.65500
39.65600
39.65500
39.65400
39.65300
39.65100
39.65200
39.65800
39.65900
39.66400
39.66500
39.66600
39.66600
39.67200
39.67000
39.67300
39.67100
39.67200
39.66900
39.66900
39.66800
39.67300
39.67500
39.67400
39.67500
39.67000
39.66800
39.67200
39.67200
39.67100
39.67900
39.67900
39.68200
39.68300
39.68500
39.68500
39.68400
39.68700
39.68700
39.68700
39.69400
39.69200
39.69200
39.68700
39.68500
39.68500
39.68500
39.68000
39.68200
39.67800
39.67700
39.67800
39.67900
39.67700
39.68100
39.68200
39.68500
39.68400
39.68000
39.68000
39.67900
39.67800
39.67900
39.68000
39.67600
39.67200
39.67500
39.67400
39.67400
39.67500
39.67700
39.67700
39.68000
39.68100
39.68100
39.67800
39.68100
39.68000
39.68100
39.68000
39.68100
39.67600
39.68000
39.67700
39.67700
39.67400
39.67800
39.67500
39.67600
39.67100
39.67200
39.67600
39.67400
39.67200
39.66800
39.67000
39.67300
39.67200
39.67200
39.67200
39.67000
39.67100
39.67000
39.67200
39.67300
39.67400
39.67100
39.67100
39.67000
39.67200
39.67400
39.67700
39.67400
39.67500
39.67600
39.67900
39.67800
39.68100
39.68300
39.68100
39.67800
39.68100
39.68100
39.67800
39.68300
39.68500
39.68400
39.68400
39.68400
39.68500
39.68300
39.68900
39.69500
39.69500
39.69400
39.69600
39.70100
39.70100
39.70300
39.70300
39.70300
39.70200
39.70300
39.70500
39.70400
39.70500
39.70500
39.70600
39.70900
39.71100
39.71000
39.70900
39.71100
39.70900
39.70800
39.70900
39.70800
39.70700
39.70700
39.70600
39.70800
39.70800
39.70900
39.70600
39.70800
39.70800
39.70600
39.70500
39.70600
39.70900
39.70900
39.70800
39.70700
39.71000
39.70600
39.70900
39.71100
39.71100
39.71200
39.71500
39.71800
39.72100
39.72200
39.72100
39.72300
39.72500
39.72500
39.72400
39.72300
39.72500
39.72400
39.72500
39.72300
39.72400
39.72300
39.72300
39.72500
39.72700
39.73000
39.72900
39.72900
39.73200
39.73300
39.73100
39.72800
39.72700
39.73000
39.73100
39.73300
39.73400
39.73700
39.73500
39.73200
39.73400
39.73200
39.73300
39.73400
39.73500
39.73200
39.73100
39.73200
39.73500
39.73300
39.73100
39.73200
39.73100
39.72800
39.73000
39.73300
39.73200
39.73000
39.73000
39.73400
39.73400
39.73600
39.74000
39.74100
39.74300
39.74000
39.74100
39.74600
39.74800
39.74900
39.74900
39.74600
39.74200
39.74400
39.74600
39.74300
39.74200
39.74400
39.74500
39.74800
39.75200
39.75100
39.75200
39.74900
39.75300
39.75200
39.75200
39.75500
39.75500
39.75600
39.76200
39.76300
39.76500
39.76800
39.76700
39.76900
39.77200
39.77400
39.77200
39.77800
39.77800
39.77900
39.77800
39.78000
39.77800
39.77600
39.77900
39.78100
39.78000
39.77900
39.77700
39.77300
39.77400
39.77100
39.77000
39.77200
39.77500
39.77600
39.77400
39.77200
39.77200
39.77300
39.77000
39.77400
39.77400
39.77100
39.77000
39.77200
39.77000
39.77100
39.77300
39.77300
39.77400
39.77500
39.77500
39.77900
39.77700
39.77900
39.77800
39.77800
39.77700
39.77900
39.77900
39.77400
39.77500
39.77500
39.77800
39.78200
39.78100
39.78200
39.78100
39.78000
39.78300
39.78400
39.78300
39.78200
39.78200
39.78500
39.78100
39.78300
39.78200
39.78400
39.78800
39.79000
39.79000
39.79200
39.79100
39.78900
39.79000
39.79000
39.79200
39.79200
39.79100
39.79100
39.79300
39.79200
39.79200
39.79700
39.79600
39.79900
39.79800
39.80000
39.79800
39.79800
39.79700
39.79700
39.79600
39.79300
39.79500
39.79500
39.79500
39.79600
39.79400
39.79600
39.79700
39.79800
39.79700
39.80000
39.80000
39.79700
39.79700
39.79500
39.79400
39.79700
39.79800
39.80000
39.79900
39.79600
39.79600
39.79500
39.79700
39.79500
39.79300
39.79300
39.79100
39.79200
39.79100
39.78900
39.78800
39.78700
39.78800
39.78800
39.79000
39.79000
39.79100
39.79000
39.78800
39.78500
39.78800
39.79100
39.79200
39.79200
39.79300
39.79000
39.78700
39.78700
39.78800
39.78900
39.79200
39.79500
39.79400
39.79200
39.79300
39.79400
39.79700
39.79400
39.79200
39.79300
39.79500
39.79300
39.79400
39.79400
39.79500
39.79600
39.79900
39.79900
39.79800
39.79700
39.79700
39.79900
39.79900
39.80000
39.80000
39.79700
39.80100
39.80100
39.80100
39.80200
39.80400
39.80300
39.80200
39.80200
39.80100
39.80100
39.80200
39.80100
39.79800
39.80000
39.80100
39.80000
39.79800
39.79800
39.79700
39.79800
39.79600
39.79800
39.79700
39.79900
39.79700
39.79800
39.80000
39.80000
39.80300
39.80300
39.80300
39.80100
39.80100
39.79800
39.80100
39.80300
39.80400
39.80400
39.80200
39.80300
39.80400
39.80700
39.80700
39.80500
39.80800
39.81400
39.81600
39.81500
39.81200
39.81100
39.81200
39.81300
39.81400
39.82100
39.82400
39.82400
39.82600
39.82600
39.82400
39.82800
39.83000
39.82900
39.83000
39.83000
39.83100
39.83300
39.83600
39.83400
39.83400
39.83500
39.83400
39.83200
39.82700
39.82600
39.83000
39.82900
39.83200
39.83700
39.83800
39.83700
39.84000
39.84000
39.84300
39.84200
39.84300
39.84500
39.84600
39.84600
39.84600
39.84700
39.84600
39.84600
39.84500
39.84500
39.84600
39.84800
39.84800
39.84900
39.85000
39.84900
39.85100
39.85500
39.85700
39.85700
39.85400
39.85400
39.85500
39.85700
39.85600
39.85300
39.85400
39.85500
39.85600
39.85600
39.85400
39.85200
39.85500
39.85400
39.85500
39.85400
39.85000
39.85100
39.85400
39.85400
39.85300
39.85300
39.85200
39.85000
39.85100
39.85300
39.85300
39.85200
39.85000
39.85000
39.85200
39.85300
39.85100
39.85300
39.85000
39.85000
39.84800
39.84600
39.84400
39.84600
39.84100
39.83900
39.84400
39.84400
39.84200
39.84100
39.84000
39.84000
39.84100
39.84400
39.84400
39.84600
39.84600
39.84800
39.84700
39.84800
39.84700
39.84800
39.85000
39.85000
39.85100
39.85600
39.85800
39.85400
39.85500
39.85400
39.85200
39.85300
39.85500
39.85600
39.85200
39.85300
39.85200
39.85300
39.85400
39.85800
39.85500
39.85100
39.85200
39.85100
39.85200
39.84900
39.84900
39.84700
39.84800
39.85000
39.84800
39.84700
39.84600
39.84400
39.84800
39.84800
39.84900
39.84600
39.84500
39.84500
39.84500
39.84200
39.84100
39.84400
39.84400
39.84300
39.84300
39.84300
39.84500
39.84500
39.84600
39.84600
39.84700
39.84600
39.84700
39.84700
39.85200
39.85200
39.84800
39.85100
39.85200
39.85100
39.84800
39.84500
39.84400
39.84300
39.84400
39.84500
39.84500
39.84600
39.84700
39.84600
39.84500
39.84600
39.84700
39.84500
39.84600
39.85000
39.85100
39.85100
39.85000
39.85100
39.85100
39.85400
39.85500
39.85100
39.84900
39.84400
39.84300
39.84500
39.84700
39.84400
39.84600
39.84700
39.84500
39.84400
39.84500
39.84400
39.84400
39.84400
39.83900
39.84200
39.84200
39.84100
39.84200
39.84400
39.84000
39.83700
39.83600
39.83700
39.84000
39.84100
39.84100
39.84100
39.84400
39.84400
39.84800
39.84700
39.84500
39.84500
39.84700
39.84400
39.84400
39.84300
39.84200
39.84500
39.84600
39.84700
39.83900
39.83800
39.83800
39.83800
39.83800
39.83800
39.83800
39.84000
39.84000
39.84100
39.84400
39.84600
39.84500
39.84300
39.84200
39.84200
39.84500
39.84300
39.84400
39.84400
39.84200
39.83900
39.83900
39.83900
39.83800
39.83900
39.83600
39.83700
39.83800
39.84200
39.84200
39.84100
39.84300
39.83800
39.83500
39.83800
39.83900
39.83700
39.83700
39.83800
39.83800
39.83800
39.83700
39.83900
39.83800
39.83900
39.84000
39.83700
39.83900
39.84100
39.83900
39.83900
39.84400
39.84600
39.84800
39.84800
39.84700
39.84900
39.84700
39.84600
39.84700
39.84800
39.84700
39.84700
39.84800
39.84600
39.84500
39.84600
39.84500
39.84500
39.84600
39.84300
39.84200
39.84400
39.84100
39.83900
39.84200
39.84100
39.84500
39.84500
39.84500
39.84400
39.84300
39.84500
39.84300
39.84200
39.84200
39.84200
39.84000
39.84300
39.84700
39.84600
39.84700
39.84600
39.84700
39.84500
39.84700
39.84800
39.85100
39.85100
39.84800
39.85000
39.85100
39.85000
39.84900
39.84800
39.84900
39.84900
39.84900
39.84900
39.84800
39.84700
39.84800
39.84900
39.85000
39.85000
39.84800
39.85100
39.85400
39.85500
39.85300
39.85600
39.85700
39.86000
39.86000
39.86100
39.86100
39.85900
39.86000
39.86000
39.86100
39.86500
39.86400
39.86700
39.86800
39.86500
39.86400
39.86200
39.85800
39.86100
39.86200
39.85800
39.86000
39.85800
39.85900
39.85900
39.85800
39.86000
39.86600
39.86400
39.86600
39.86700
39.87100
39.87300
39.87300
39.87400
39.87400
39.87500
39.87300
39.87600
39.87500
39.87400
39.87700
39.87700
39.87700
39.88100
39.87800
39.87800
39.87900
39.87800
39.88000
39.88200
39.87900
39.88000
39.87800
39.87900
39.88100
39.88300
39.88400
39.88500
39.88600
39.88500
39.88600
39.88400
39.88400
39.88400
39.88300
39.88200
39.88200
39.88200
39.88300
39.88100
39.87900
39.87600
39.87800
39.87800
39.87900
39.88100
39.88100
39.88000
39.88300
39.88000
39.88200
39.88200
39.88300
39.88500
39.88100
39.87900
39.87700
39.87900
39.87900
39.87800
39.87900
39.87900
39.87800
39.88000
39.87800
39.87800
39.87800
39.87800
39.87900
39.88100
39.87900
39.87900
39.87900
39.88200
39.88200
39.88200
39.88100
39.87900
39.88100
39.88200
39.88700
39.88700
39.88900
39.89100
39.89100
39.89100
39.89400
39.89400
39.89300
39.89400
39.89400
39.89400
39.89100
39.89300
39.89300
39.89300
39.89900
39.90000
39.90000
39.89800
39.89900
39.89900
39.90100
39.89900
39.90200
39.90100
39.89900
39.90100
39.89800
39.89700
39.89800
39.89700
39.89600
39.89800
39.89800
39.89500
39.89300
39.89300
39.89500
39.89800
39.89900
39.90300
39.90400
39.90400
39.90600
39.90600
39.90400
39.90500
39.90200
39.90300
39.90000
39.90200
39.90400
39.90900
39.90800
39.90800
39.90800
39.90700
39.90800
39.91100
39.91100
39.91400
39.91600
39.91500
39.91600
39.91700
39.91300
39.91500
39.91500
39.91100
39.91100
39.90900
39.90900
39.90700
39.91100
39.91000
39.91000
39.91000
39.90800
39.90900
39.91000
39.91000
39.90900
39.90800
39.90800
39.90800
39.91100
39.91200
39.91200
39.91100
39.90900
39.91000
39.91300
39.91500
39.91500
39.91500
39.91600
39.91600
39.91400
39.91200
39.91200
39.91300
39.91100
39.91100
39.91400
39.91300
39.91300
39.91300
39.91100
39.91300
39.91300
39.91300
39.91500
39.91500
39.91500
39.91600
39.91800
39.91800
39.91800
39.91800
39.91800
39.91900
39.92100
39.92100
39.92300
39.92300
39.92200
39.92300
39.92200
39.92300
39.91600
39.91700
39.91500
39.91400
39.91500
39.91500
39.91300
39.91400
39.91100
39.90800
39.90700
39.90500
39.90600
39.90600
39.90700
39.90500
39.90600
39.90800
39.90500
39.90600
39.90500
39.90700
39.90700
39.90900
39.90800
39.90900
39.90900
39.90700
39.91100
39.91400
39.91600
39.91500
39.91600
39.91300
39.91200
39.91100
39.90900
39.90700
39.90800
39.90900
39.90800
39.90700
39.90700
39.90500
39.90300
39.90400
39.90400
39.90600
39.90300
39.90500
39.90300
39.90200
39.90100
39.90000
39.90400
39.90600
39.90900
39.90900
39.90700
39.90600
39.90600
39.90600
39.90800
39.90700
39.90800
39.90800
39.90600
39.90600
39.90400
39.90600
39.90800
39.90800
39.90900
39.90800
39.90700
39.90700
39.90700
39.91000
39.90800
39.90900
39.90900
39.90600
39.90600
39.90700
39.90800
39.91000
39.90900
39.91000
39.91000
39.91000
39.90700
39.90800
39.90700
39.90700
39.90800
39.90600
39.90800
39.90400
39.90700
39.90800
39.90900
39.90600
39.90800
39.90700
39.90700
39.90400
39.90500
39.90800
39.90700
39.91100
39.90700
39.90600
39.90800
39.90800
39.90800
39.91100
39.91300
39.91500
39.91400
39.91500
39.91500
39.91400
39.91300
39.91400
39.91500
39.91500
39.91300
39.91200
39.91200
39.91200
39.91400
39.91500
39.91600
39.91600
39.91600
39.91700
39.91900
39.91800
39.91900
39.92100
39.92100
39.92300
39.92400
39.92200
39.92400
39.92300
39.92500
39.92700
39.92600
39.92600
39.92700
39.92800
39.92900
39.92800
39.92600
39.92600
39.92400
39.92400
39.92400
39.92500
39.92400
39.92700
39.92900
39.92900
39.93300
39.93200
39.93100
39.93600
39.93400
39.93400
39.93500
39.93500
39.93800
39.93600
39.93400
39.93600
39.93600
39.93700
39.93600
39.93600
39.93400
39.93400
39.93900
39.93900
39.94100
39.93700
39.93800
39.93800
39.93900
39.94100
39.94300
39.94200
39.94300
39.93700
39.93900
39.93800
39.94000
39.94200
39.94200
39.94000
39.94100
39.94500
39.94600
39.94600
39.94300
39.94200
39.94400
39.94500
39.94500
39.94500
39.94700
39.94700
39.94900
39.95000
39.94900
39.95100
39.95200
39.95300
39.95400
39.95300
39.95400
39.95500
39.95600
39.95700
39.95800
39.95700
39.95500
39.95800
39.95800
39.95700
39.95600
39.95500
39.95300
39.95300
39.95200
39.95400
39.95600
39.95700
39.95700
39.95800
39.95900
39.95800
39.95900
39.96200
39.96200
39.96200
39.96600
39.96700
39.96600
39.96600
39.96500
39.96500
39.96400
39.96700
39.96900
39.97200
39.97100
39.97100
39.97100
39.97000
39.97100
39.97100
39.97100
39.97100
39.97500
39.97400
39.97500
39.97500
39.97600
39.97800
39.97900
39.97800
39.97800
39.97900
39.97800
39.97700
39.97900
39.98000
39.98000
39.97800
39.97800
39.97600
39.97600
39.97600
39.97800
39.97900
39.98300
39.98400
39.98800
39.98700
39.98700
39.99100
39.99000
39.98900
39.99200
39.99200
39.99100
39.99100
39.99300
39.99300
39.99200
39.99500
39.99700
39.99800
39.99700
39.99900
39.99900
40.00100
40.00100
40.00100
40.00000
40.00000
39.99800
40.00100
40.00200
40.00200
40.00300
40.00100
40.00400
40.00500
40.00500
40.00600
40.00500
40.00400
40.00300
40.00200
40.00300
40.00300
40.00300
40.00100
40.00300
40.00700
40.00600
40.00500
40.00200
40.00400
40.00700
40.00600
40.00700
40.00800
40.00900
40.01100
40.00900
40.01000
40.01100
40.01200
40.01400
40.01300
40.00900
40.01200
40.01400
40.01400
40.01500
40.01300
40.01300
40.01600
40.01700
40.01600
40.01800
40.01800
40.01800
40.01500
40.01400
40.01300
40.01300
40.01300
40.01500
40.01500
40.01700
40.01700
40.01700
40.01600
40.01400
40.01400
40.00900
40.01100
40.01000
40.01100
40.01200
40.01400
40.01300
40.01600
40.01500
40.01300
40.01100
40.01200
40.01100
40.01100
40.01300
40.01600
40.01500
40.01200
40.01000
40.01300
40.01600
40.01400
40.01600
40.01500
40.01600
40.01500
40.01500
40.01400
40.01900
40.01900
40.02000
40.01800
40.01700
40.01700
40.01900
40.02000
40.01600
40.01500
40.01600
40.01500
40.01300
40.01500
40.01600
40.01700
40.01500
40.01500
40.01400
40.01400
40.01300
40.01300
40.01500
40.01700
40.01700
40.01400
40.01100
40.01200
40.01300
40.01300
40.01300
40.01400
40.01500
40.01500
40.01400
40.01400
40.01200
40.01300
40.01300
40.01300
40.01300
40.01300
40.01400
40.01100
40.01100
40.01100
40.01200
40.01000
40.01000
40.00800
40.01000
40.01000
40.00900
40.00900
40.01000
40.00900
40.01000
40.00800
40.01000
40.00800
40.01000
40.01000
40.01100
40.01000
40.01100
40.01100
40.00900
40.00700
40.00700
40.00800
40.00700
40.00900
40.01000
40.01000
40.01000
40.01100
40.01400
40.01600
40.01700
40.01800
40.01900
40.01700
40.01700
40.01700
40.01800
40.01700
40.01400
40.01700
40.01500
40.01400
40.01500
40.01600
40.01800
40.01700
40.01700
40.02000
40.01800
40.01800
40.01700
40.01700
40.01700
40.01800
40.01800
40.01700
40.01900
40.01800
40.01900
40.01900
40.01900
40.01900
40.01800
40.01800
40.01700
40.01900
40.01900
40.01900
40.01900
40.01800
40.01800
40.01800
40.01700
40.01700
40.01700
40.01600
40.01500
40.01400
40.01200
40.01400
40.01400
40.01500
40.01000
40.01300
40.01400
40.01400
40.01500
40.01500
40.01400
40.01600
40.01400
40.01000
40.01100
40.01000
40.00900
40.01100
40.00800
40.00800
40.01000
40.00700
40.00700
40.00500
40.00400
40.00300
40.00500
40.00800
40.00700
40.00600
40.00400
40.00400
40.00300
40.00300
40.00100
40.00100
40.00000
39.99900
39.99600
39.99500
39.99700
39.99800
39.99900
39.99900
39.99800
39.99800
39.99600
39.99600
39.99600
39.99700
39.99600
39.99600
39.99900
39.99700
39.99600
39.99700
39.99700
39.99700
39.99800
39.99700
39.99900
39.99900
39.99700
39.99700
39.99700
39.99600
39.99600
39.99600
39.99700
39.99900
39.99900
40.00100
40.00000
40.00000
40.00400
40.00300
40.00100
40.00400
40.00400
40.00600
40.00400
40.00100
40.00200
40.00200
40.00100
40.00000
40.00300
40.00400
40.00600
40.00600
40.00400
40.00500
40.00200
40.00000
39.99800
39.99800
39.99900
39.99800
39.99600
39.99800
40.00000
40.00200
40.00200
39.99900
39.99900
40.00100
40.00200
40.00200
40.00000
39.99900
39.99800
40.00000
40.00000
39.99900
40.00000
40.00100
40.00100
40.00500
40.00300
40.00300
40.00500
40.00100
39.99900
40.00000
40.00000
39.99700
39.99600
39.99500
39.99700
39.99700
39.99700
39.99700
39.99900
39.99900
40.00000
39.99900
39.99900
40.00000
39.99800
39.99800
39.99600
39.99800
39.99900
39.99900
39.99900
40.00100
40.00200
40.00400
40.00200
40.00300
40.00200
40.00100
40.00300
40.00400
40.00400
40.00400
40.00600
40.00900
40.00900
40.01100
40.01000
40.01100
40.01400
40.01200
40.01300
40.01500
40.01500
40.01700
40.01800
40.01800
40.01700
40.01800
40.02100
40.02200
40.02400
40.02100
40.02200
40.02000
40.02300
40.02800
40.03000
40.02800
40.02900
40.03300
40.03500
40.03400
40.03500
40.03700
40.03700
40.03700
40.03800
40.03900
40.03500
40.03600
40.03500
40.03400
40.03500
40.03400
40.03400
40.03000
40.03400
40.03200
40.03100
40.03300
40.03300
40.03300
40.03200
40.02900
40.03000
40.02800
40.02700
40.02900
40.03000
40.03200
40.03300
40.03300
40.03200
40.03200
40.03300
40.03000
40.03100
40.03300
40.03400
40.03400
40.03500
40.03700
40.03600
40.03700
40.03600
40.03600
40.03400
40.03400
40.03400
40.03700
40.03700
40.03500
40.03100
40.03400
40.03300
40.03300
40.03600
40.03800
40.03700
40.03600
40.03700
40.03600
40.03700
40.03600
40.03400
40.03500
40.03500
40.03700
40.03700
40.03500
40.03600
40.03600
40.03800
40.03900
40.03800
40.04000
40.03900
40.03700
40.03800
40.03800
40.03700
40.03700
40.03500
40.03600
40.03500
40.03600
40.03600
40.03500
40.03400
40.03300
40.03300
40.03500
40.03400
40.03400
40.03400
40.03400
40.03400
40.03400
40.03800
40.03800
40.03800
40.03700
40.03700
40.04000
40.03900
40.04400
40.04100
40.04200
40.04100
40.04100
40.03900
40.03700
40.03900
40.03500
40.03500
40.03600
40.03600
40.03800
40.03700
40.04000
40.04100
40.04200
40.03900
40.04100
40.04200
40.04300
40.04300
40.04000
40.03900
40.04100
40.03900
40.03900
40.04000
40.03900
40.03700
40.03800
40.03800
40.03500
40.03700
40.03800
40.03800
40.03700
40.03500
40.03400
40.03400
40.03400
40.03300
40.03500
40.03600
40.03700
40.03600
40.03800
40.03700
40.03600
40.03600
40.03600
40.03500
40.03400
40.03700
40.03500
40.03500
40.03600
40.03400
40.03600
40.03500
40.03500
40.03800
40.03700
40.04000
40.04000
40.04000
40.03900
40.04100
40.04000
40.03800
40.04000
40.04000
40.04100
40.03800
40.03700
40.03900
40.03900
40.03800
40.03900
40.04200
40.04000
40.04200
40.04700
40.04400
40.04500
40.04200
40.04400
40.04400
40.04600
40.04700
40.04800
40.04800
40.04700
40.04700
40.04800
40.05000
40.05200
40.05200
40.05200
40.05100
40.05100
40.05100
40.05100
40.05200
40.05400
40.05200
40.05300
40.05200
40.05200
40.05200
40.05100
40.05100
40.05000
40.05000
40.05200
40.05200
40.05100
40.05200
40.05300
40.05300
40.05400
40.05200
40.05100
40.05100
40.04900
40.05100
40.05100
40.05000
40.05200
40.05100
40.05200
40.05100
40.04900
40.05200
40.05500
40.05600
40.05400
40.05300
40.05400
40.05300
40.05300
40.05400
40.05500
40.05600
40.05400
40.05500
40.05600
40.05700
40.05500
40.05500
40.05800
40.05700
40.06000
40.05900
40.06000
40.05800
40.05800
40.06000
40.05900
40.06000
40.06100
40.05900
40.06000
40.05800
40.05700
40.05600
40.06000
40.05900
40.06100
40.06200
40.06200
40.05900
40.05900
40.05900
40.06000
40.06100
40.05900
40.06000
40.06000
40.05900
40.06000
40.05800
40.05800
40.05700
40.05600
40.05600
40.05600
40.05700
40.05700
40.05700
40.05700
40.05500
40.05600
40.05600
40.05400
40.05300
40.05400
40.05600
40.05300
40.05200
40.05300
40.05200
40.05200
40.05500
40.05300
40.05200
40.05200
40.05200
40.05500
40.05500
40.05500
40.05400
40.05400
40.05400
40.05400
40.05500
40.05400
40.05400
40.05200
40.05100
40.05300
40.05400
40.05500
40.05700
40.05800
40.05800
40.05800
40.05800
40.05700
40.05900
40.05900
40.06100
40.06200
40.06300
40.06200
40.06300
40.06500
40.06400
40.06400
40.06500
40.06500
40.06400
40.06500
40.06600
40.06700
40.06600
40.06200
40.06300
40.06300
40.06200
40.06200
40.06200
40.06300
40.06200
40.06200
40.06200
40.06300
40.06300
40.06200
40.06200
40.06200
40.06200
40.06100
40.06100
40.06100
40.05900
40.05900
40.05600
40.05600
40.05700
40.06100
40.06000
40.06200
40.06500
40.06600
40.06500
40.06600
40.06400
40.06300
40.06300
40.06200
40.06400
40.06600
40.06700
40.06700
40.06600
40.06500
40.06400
40.06300
40.06200
40.06000
40.05800
40.05900
40.05600
40.05700
40.05700
40.05800
40.05900
40.05600
40.05200
40.05400
40.05300
40.05200
40.05400
40.05200
40.05300
40.05100
40.05100
40.05100
40.04900
40.04900
40.04900
40.05200
40.05200
40.05200
40.05100
40.04900
40.05100
40.05100
40.05100
40.04800
40.04800
40.04800
40.04700
40.04800
40.04900
40.05100
40.04900
40.04900
40.04800
40.04800
40.05000
40.04800
40.04700
40.04600
40.04700
40.04600
40.04600
40.04700
40.04400
40.04400
40.04500
40.04500
40.04400
40.04300
40.04500
40.04200
40.04200
40.04100
40.04000
40.04100
40.04200
40.04300
40.04400
40.04300
40.04400
40.04300
40.04300
40.04200
40.04400
40.04100
40.03900
40.04100
40.04000
40.03900
40.04100
40.04000
40.04000
40.04300
40.04200
40.04200
40.04300
40.04300
40.04300
40.04400
40.04500
40.04500
40.04600
40.04400
40.04400
40.04400
40.04300
40.04400
40.04200
40.04400
40.04400
40.04300
40.04300
40.04200
40.04200
40.04400
40.04600
40.04600
40.04600
40.04500
40.04400
40.04300
40.04400
40.04600
40.04600
40.04700
40.04600
40.04600
40.04900
40.04700
40.04800
40.04800
40.04900
40.05200
40.05300
40.05400
40.05500
40.05300
40.05300
40.05300
40.05300
40.05000
40.05100
40.05200
40.05200
40.05000
40.04700
40.04800
40.04800
40.04800
40.04700
40.04600
40.04700
40.04700
40.04600
40.04700
40.04400
40.04500
40.04500
40.04300
40.04400
40.04400
40.04100
40.04200
40.04000
40.03900
40.03800
40.03600
40.03500
40.03400
40.03300
40.03500
40.03500
40.03600
40.03400
40.03400
40.03500
40.03400
40.03300
40.03500
40.03500
40.03500
40.03600
40.03500
40.03400
40.03400
40.03300
40.03200
40.03000
40.02800
40.03100
40.03100
40.03200
40.03400
40.03100
40.03100
40.02900
40.03000
40.02800
40.02700
40.02600
40.02700
40.02600
40.02400
40.02500
40.02400
40.02400
40.02300
40.02300
40.02200
40.02100
40.02200
40.02200
40.02100
40.02100
40.02100
40.02000
40.02300
40.02000
40.02000
40.02000
40.01700
40.01500
40.01500
40.01600
40.01600
40.01600
40.01700
40.01600
40.01600
40.01600
40.01500
40.01400
40.01500
40.01300
40.01300
40.01500
40.01400
40.01500
40.01400
40.01500
40.01200
40.01300
40.01400
40.01200
40.01200
40.01300
40.01400
40.01400
40.01300
40.01300
40.01200
40.01200
40.01000
40.01100
40.01400
40.01400
40.01500
40.01500
40.01700
40.02000
40.02000
40.01800
40.01800
40.01800
40.01700
40.01500
40.01500
40.01400
40.01500
40.01600
40.01800
40.01900
40.02000
40.02000
40.02100
40.02100
40.02200
40.02300
40.02400
40.02200
40.02300
40.02100
40.02100
40.02300
40.01900
40.01900
40.01800
40.02100
40.01800
40.01700
40.01500
40.01500
40.01700
40.01900
40.01900
40.01800
40.01700
40.01700
40.01600
40.01300
40.01400
40.01100
40.01000
40.00900
40.00800
40.00700
40.00700
40.00500
40.00600
40.00800
40.00700
40.00700
40.00800
40.00600
40.00400
40.00500
40.00400
40.00400
40.00500
40.00600
40.00500
40.00500
40.00500
40.00500
40.00300
40.00300
40.00300
40.00300
40.00300
40.00300
39.99900
39.99800
39.99800
39.99900
40.00000
39.99900
39.99800
39.99900
40.00000
39.99800
39.99800
39.99700
39.99700
39.99600
39.99400
39.99700
39.99800
39.99700
39.99600
39.99700
39.99600
39.99600
39.99700
39.99500
39.99500
39.99700
39.99800
39.99700
39.99700
39.99600
39.99700
39.99800
39.99900
39.99800
39.99900
39.99800
39.99800
40.00000
39.99900
39.99800
40.00000
40.00100
40.00100
40.00000
40.00200
40.00300
40.00100
40.00200
40.00200
40.00400
40.00600
40.00500
40.00800
40.00700
40.00700
40.00800
40.00900
40.01000
40.00900
40.00900
40.01300
40.01200
40.01400
40.01500
40.01500
40.01600
40.01700
40.01900
40.02000
40.02000
40.02000
40.02000
40.02100
40.02200
40.02200
40.02500
40.02600
40.02600
40.02800
40.03000
40.03000
40.03000
40.03400
40.03500
40.03700
40.03700
40.03900
40.04200
40.04400
40.04500
40.04800
40.10444
40.10556
40.10667
40.12375
40.11714
40.08333
40.08333
40.16800
40.16800
40.09500
40.09750
40.14000
40.06000
40.06000
40.06000
40.07000
40.07000
