0.00000
0.00000
0.00000
0.00000
0.00000
0.00000
0.00000
0.00000
0.00000
0.00000
0.00000
0.00000
0.00000
0.00000
0.00000
0.00000
0.00000
0.00000
3.40000
8.95000
8.95000
8.95000
8.95000
8.95000
10.60000
10.60000
12.28300
14.18300
14.18300
16.08300
16.35000
16.35000
17.45000
18.21000
19.02500
19.80900
19.99000
20.55500
24.60600
24.77500
25.80000
25.65500
26.22400
26.02300
26.10900
26.50500
26.72500
26.91400
26.47900
26.33700
26.64200
26.44500
26.75200
26.77300
26.57700
27.22100
27.17300
27.50000
28.21100
28.34100
28.41900
28.53700
28.56300
28.60100
28.62200
28.54700
28.47600
28.48800
28.43400
28.51200
28.62500
28.76200
29.03000
29.30500
29.52800
29.75000
29.87200
29.84900
30.05500
30.00900
30.01400
30.07200
30.03000
30.12200
30.27200
30.24200
30.31100
30.39900
30.36900
30.37700
30.43800
30.47600
30.34600
30.31200
30.36300
30.43400
30.44100
30.56400
30.61200
30.68100
30.71400
30.68500
30.71100
30.70800
30.75400
30.79100
30.77700
30.74800
30.80500
30.75900
30.77500
30.78200
30.80900
30.88900
31.00500
30.96500
30.95700
30.93900
30.95100
30.95100
30.93500
30.93000
30.97200
31.06300
31.07400
31.16700
31.24200
31.23600
31.29800
31.24800
31.31900
31.34000
31.33400
31.49900
31.56900
31.60800
31.61000
31.63200
31.57200
31.53800
31.46400
31.47500
31.50200
31.51900
31.53900
31.50800
31.53000
31.50300
31.49800
31.52500
31.54600
31.57900
31.58700
31.64000
31.69400
31.70300
31.71000
31.74800
31.69300
31.67400
31.66600
31.66600
31.66600
31.66100
31.66600
31.64500
31.68400
31.64700
31.62500
31.60100
31.60400
31.57400
31.57700
31.56300
31.58500
31.55600
31.56000
31.58300
31.59100
31.58300
31.59300
31.58700
31.59500
31.60900
31.57200
31.57100
31.57600
31.59200
31.61100
31.59100
31.60500
31.60400
31.56600
31.58400
31.64200
31.63200
31.61100
31.60400
31.61800
31.61200
31.62900
31.61500
31.60600
31.59000
31.56700
31.53500
31.62400
31.64200
31.61500
31.64700
31.63700
31.65000
31.65600
31.65800
31.70200
31.70500
31.68600
31.68600
31.65600
31.67300
31.66700
31.67600
31.66300
31.67200
31.67100
31.63900
31.65600
31.67300
31.67200
31.65800
31.66000
31.64600
31.65400
31.65200
31.68300
31.69800
31.71000
31.70900
31.67700
31.70400
31.67300
31.67000
31.66900
31.65800
31.68100
31.66600
31.64000
31.64300
31.65700
31.63200
31.64700
31.64700
31.64900
31.66200
31.66500
31.66100
31.64000
31.65200
31.64800
31.65000
31.65900
31.66400
31.68000
31.71400
31.72100
31.69300
31.66500
31.66700
31.67300
31.71200
31.71500
31.73100
31.77200
31.78900
31.82600
31.86100
31.84900
31.83200
31.81200
31.78900
31.80000
31.80700
31.79900
31.77700
31.79200
31.81000
31.82600
31.78500
31.75000
31.74600
31.74900
31.77600
31.78700
31.78800
31.77700
31.79300
31.80200
31.77400
31.79100
31.79300
31.77600
31.76800
31.75800
31.75700
31.78500
31.80300
31.79000
31.80400
31.77400
31.79300
31.77100
31.77200
31.78200
31.80200
31.77000
31.76700
31.76100
31.74400
31.75100
31.76000
31.78400
31.77000
31.76900
31.78500
31.79200
31.75300
31.73100
31.73900
31.75400
31.74600
31.73100
31.73700
31.73600
31.72800
31.72600
31.74200
31.76800
31.75200
31.73300
31.72100
31.74000
31.72800
31.72200
31.72300
31.72500
31.68200
31.66000
31.65100
31.59800
31.58100
31.57600
31.59600
31.58700
31.59300
31.61100
31.60700
31.61500
31.58200
31.57500
31.59000
31.58800
31.57800
31.58600
31.57900
31.59200
31.59300
31.57600
31.57600
31.57200
31.57600
31.57600
31.54500
31.54700
31.55000
31.55200
31.55600
31.56200
31.55500
31.54000
31.52100
31.49700
31.51400
31.51100
31.50300
31.48700
31.47600
31.47900
31.49700
31.50400
31.49300
31.48500
31.48500
31.45800
31.45800
31.45400
31.46100
31.44800
31.45000
31.43200
31.42700
31.43800
31.45700
31.45500
31.45100
31.45500
31.44700
31.43000
31.43000
31.44000
31.43500
31.42600
31.41200
31.42600
31.43500
31.43500
31.44100
31.43300
31.42800
31.43900
31.43700
31.44700
31.44900
31.44800
31.45100
31.43800
31.45300
31.45100
31.44500
31.42500
31.40000
31.39600
31.39300
31.40000
31.39600
31.39400
31.39500
31.40100
31.41700
31.41300
31.43200
31.43300
31.42200
31.41800
31.41700
31.42200
31.42300
31.43500
31.45000
31.43200
31.45500
31.45900
31.46700
31.44600
31.44000
31.43200
31.43100
31.43900
31.43100
31.44900
31.45200
31.44100
31.43700
31.43700
31.43000
31.43100
31.42500
31.42800
31.40600
31.40600
31.39800
31.40700
31.41300
31.39900
31.40700
31.40500
31.40200
31.41100
31.39600
31.38800
31.39300
31.40100
31.40800
31.41000
31.38600
31.38500
31.39000
31.39100
31.39200
31.38600
31.39800
31.40600
31.41700
31.40400
31.40900
31.41100
31.41600
31.40200
31.41200
31.40200
31.39900
31.39900
31.41900
31.42100
31.43800
31.44300
31.45700
31.46200
31.45700
31.45300
31.45900
31.43900
31.44300
31.44200
31.42000
31.41400
31.41800
31.41500
31.41400
31.42100
31.41200
31.40700
31.41900
31.43400
31.43800
31.45800
31.46000
31.45700
31.45500
31.46200
31.46300
31.46400
31.46300
31.46600
31.46500
31.46500
31.47300
31.46900
31.47200
31.48200
31.48500
31.47400
31.46500
31.47200
31.48700
31.48800
31.48200
31.48000
31.47900
31.48300
31.47900
31.48400
31.49000
31.48500
31.46800
31.47000
31.45200
31.46200
31.47700
31.47800
31.47600
31.46400
31.44900
31.44800
31.45100
31.45700
31.46500
31.47500
31.47500
31.48200
31.47700
31.48700
31.47700
31.45800
31.45500
31.45900
31.46400
31.47400
31.47300
31.48000
31.47900
31.46400
31.46600
31.47500
31.47600
31.47900
31.48200
31.46900
31.46300
31.46600
31.46800
31.48300
31.49000
31.50100
31.50800
31.50900
31.51200
31.51900
31.50700
31.51200
31.50200
31.51100
31.50900
31.51200
31.50400
31.49900
31.48600
31.48700
31.48800
31.49000
31.49000
31.50300
31.49900
31.49900
31.50500
31.50700
31.49300
31.49100
31.49100
31.48500
31.49100
31.49700
31.49600
31.49300
31.49400
31.50600
31.49200
31.48700
31.49500
31.49000
31.49500
31.49500
31.48300
31.49000
31.49200
31.49600
31.50000
31.50700
31.49700
31.49600
31.49800
31.49700
31.50300
31.51600
31.51700
31.51900
31.52600
31.53000
31.53900
31.55000
31.55100
31.55000
31.54900
31.55000
31.55800
31.56500
31.57600
31.57700
31.58800
31.59100
31.59100
31.59000
31.59600
31.59300
31.60000
31.58700
31.58200
31.58600
31.59300
31.59200
31.58900
31.58800
31.56900
31.56700
31.57200
31.58100
31.58000
31.58700
31.59000
31.60100
31.60300
31.59800
31.60600
31.61800
31.62300
31.63400
31.63900
31.63900
31.63200
31.63200
31.63400
31.63400
31.63000
31.63500
31.63900
31.63300
31.63700
31.64400
31.65000
31.66000
31.66000
31.65400
31.65800
31.65900
31.66200
31.65500
31.63400
31.62800
31.62600
31.62700
31.63200
31.62300
31.62400
31.63400
31.63000
31.62400
31.61600
31.62100
31.62600
31.61800
31.61600
31.61900
31.61900
31.61700
31.61300
31.62000
31.62400
31.62600
31.63500
31.63900
31.64700
31.65200
31.64800
31.64500
31.65100
31.65300
31.67300
31.68000
31.67600
31.67700
31.66700
31.66900
31.67500
31.67200
31.67000
31.66400
31.66100
31.66600
31.66700
31.67300
31.68000
31.67600
31.67800
31.67900
31.67200
31.67200
31.67100
31.66200
31.65900
31.65900
31.66800
31.66300
31.65400
31.64500
31.64700
31.64800
31.65100
31.65100
31.65700
31.65500
31.65100
31.64400
31.64400
31.64900
31.64900
31.65700
31.65900
31.66300
31.66300
31.66800
31.66300
31.66300
31.65700
31.66100
31.67400
31.65800
31.66000
31.67300
31.67600
31.67400
31.66600
31.66500
31.66900
31.67000
31.67300
31.67400
31.67400
31.68000
31.67300
31.67500
31.67900
31.67900
31.68200
31.67500
31.67300
31.66800
31.67900
31.67000
31.66400
31.66200
31.65900
31.66100
31.65700
31.66100
31.65700
31.65300
31.65300
31.65000
31.64500
31.64000
31.64200
31.64000
31.64200
31.62900
31.62400
31.62100
31.62300
31.62600
31.62300
31.62800
31.62700
31.62700
31.62800
31.62400
31.62100
31.61900
31.61200
31.61900
31.62000
31.61900
31.62000
31.62800
31.62700
31.62900
31.64800
31.64300
31.64600
31.63800
31.63000
31.62600
31.62200
31.62300
31.62600
31.62700
31.62900
31.63100
31.62600
31.63100
31.63200
31.63400
31.64000
31.65000
31.65200
31.64300
31.64500
31.64100
31.64600
31.64400
31.63700
31.65100
31.64900
31.65300
31.64600
31.64400
31.64400
31.65100
31.65400
31.65700
31.66700
31.66800
31.67300
31.67200
31.67800
31.68100
31.68100
31.67400
31.67600
31.67400
31.67100
31.66600
31.66300
31.66600
31.66100
31.66100
31.65300
31.65600
31.66100
31.65500
31.65900
31.66100
31.65600
31.64900
31.65400
31.65500
31.65400
31.65300
31.66000
31.65300
31.65900
31.66200
31.66400
31.66300
31.66900
31.66400
31.66600
31.66500
31.67700
31.67100
31.67500
31.67600
31.68300
31.68300
31.68300
31.68300
31.67900
31.67700
31.67100
31.67300
31.67000
31.67000
31.66900
31.66100
31.66700
31.67100
31.66700
31.66100
31.66400
31.66000
31.65900
31.66000
31.65600
31.65200
31.64800
31.64800
31.64100
31.64200
31.64000
31.64700
31.65400
31.65700
31.65600
31.64700
31.64100
31.64100
31.63400
31.64000
31.64700
31.65600
31.64200
31.65000
31.65200
31.65100
31.65200
31.65100
31.65400
31.65400
31.65600
31.64900
31.64300
31.64600
31.63500
31.63700
31.63400
31.62900
31.62700
31.62200
31.62300
31.62400
31.62900
31.62800
31.62600
31.62300
31.61600
31.61700
31.61500
31.61200
31.61600
31.61400
31.62000
31.62200
31.62200
31.62200
31.62300
31.62500
31.62300
31.62400
31.62400
31.62200
31.62400
31.62300
31.62200
31.62000
31.62100
31.62300
31.62100
31.62300
31.62400
31.62200
31.62200
31.62800
31.63000
31.63200
31.63300
31.63500
31.63800
31.64000
31.64500
31.65100
31.65000
31.65200
31.64700
31.65100
31.65600
31.66600
31.66900
31.67200
31.67700
31.67700
31.67800
31.68300
31.68600
31.69300
31.69500
31.69600
31.69900
31.69700
31.70100
31.70900
31.71000
31.71200
31.71400
31.70100
31.69800
31.69500
31.68800
31.69000
31.68600
31.69500
31.70100
31.69700
31.70000
31.70600
31.70100
31.71300
31.71300
31.71100
31.70700
31.71200
31.71700
31.71900
31.72200
31.71900
31.71800
31.71900
31.72500
31.72700
31.72800
31.72100
31.72300
31.73100
31.73700
31.73400
31.73700
31.73400
31.73100
31.73100
31.73200
31.73000
31.72300
31.72400
31.71900
31.71900
31.71700
31.71400
31.71100
31.71300
31.71000
31.70800
31.71800
31.71900
31.71700
31.72000
31.71900
31.72500
31.72600
31.72600
31.72700
31.72700
31.72100
31.72500
31.73500
31.73100
31.72800
31.71900
31.72500
31.72800
31.73500
31.73200
31.73600
31.73800
31.73400
31.72900
31.72400
31.71900
31.72000
31.71600
31.71600
31.71800
31.72600
31.73100
31.72500
31.73300
31.73400
31.73400
31.73800
31.73600
31.73900
31.72900
31.72300
31.72400
31.72400
31.71900
31.71800
31.69800
31.69700
31.70100
31.69800
31.69900
31.70000
31.69400
31.69600
31.69700
31.69800
31.69400
31.69200
31.70200
31.69800
31.69200
31.69200
31.69300
31.69500
31.68700
31.68600
31.68800
31.67900
31.68000
31.68100
31.67900
31.68200
31.68300
31.68700
31.68900
31.69000
31.69400
31.70000
31.69600
31.69200
31.69500
31.69100
31.69000
31.69400
31.69700
31.69600
31.69600
31.69200
31.70000
31.70000
31.69700
31.69600
31.69400
31.69700
31.69600
31.69800
31.69900
31.70500
31.70200
31.70100
31.70300
31.70000
31.69800
31.70100
31.70400
31.70200
31.70600
31.70800
31.70900
31.69900
31.69700
31.69700
31.69600
31.69800
31.69900
31.70300
31.70100
31.69100
31.68800
31.68800
31.69600
31.69400
31.69800
31.70300
31.70400
31.70100
31.70600
31.70400
31.70300
31.70100
31.70500
31.70600
31.70000
31.69400
31.68900
31.69000
31.69000
31.69200
31.69300
31.68900
31.69700
31.69700
31.69300
31.69800
31.69800
31.69700
31.69600
31.69400
31.68700
31.68600
31.68100
31.68000
31.68600
31.68400
31.67900
31.68000
31.68000
31.68100
31.68500
31.68400
31.69300
31.69200
31.69000
31.68600
31.68700
31.69000
31.69000
31.69000
31.69200
31.69000
31.69000
31.69200
31.68700
31.69200
31.69300
31.69200
31.69300
31.68300
31.68500
31.68100
31.67900
31.68200
31.69100
31.69700
31.68800
31.69700
31.70300
31.69500
31.69000
31.68900
31.69100
31.68800
31.68200
31.68000
31.68300
31.68500
31.68200
31.67800
31.68100
31.68200
31.67600
31.68500
31.68600
31.68500
31.68400
31.67700
31.67300
31.67100
31.67100
31.68000
31.68100
31.68500
31.68600
31.68200
31.67900
31.67900
31.67600
31.67800
31.67700
31.67400
31.67900
31.67700
31.67700
31.67800
31.68000
31.68200
31.68200
31.68000
31.68000
31.67500
31.67400
31.67000
31.66700
31.66700
31.66800
31.66800
31.66400
31.66200
31.65900
31.66400
31.66200
31.66600
31.66900
31.66800
31.67000
31.67400
31.67000
31.66700
31.66300
31.66400
31.66800
31.66800
31.66800
31.67100
31.67100
31.67800
31.67900
31.68400
31.69000
31.68900
31.69300
31.69000
31.69000
31.69600
31.69800
31.70200
31.70500
31.70800
31.71200
31.72100
31.71900
31.70900
31.70500
31.71000
31.70600
31.70500
31.71200
31.71400
31.71200
31.71100
31.71300
31.71800
31.71600
31.71800
31.72500
31.72100
31.72200
31.72600
31.72600
31.72500
31.73100
31.73400
31.73400
31.73500
31.73600
31.73700
31.73600
31.73100
31.73000
31.73100
31.73600
31.74000
31.73500
31.74200
31.74500
31.74700
31.74700
31.74500
31.74400
31.74600
31.74400
31.73500
31.74300
31.74500
31.74600
31.74600
31.73900
31.74100
31.74000
31.73500
31.73500
31.73800
31.73700
31.73800
31.74200
31.74100
31.73800
31.73700
31.73700
31.74000
31.73800
31.73600
31.73800
31.73900
31.73400
31.73300
31.73200
31.73200
31.73400
31.73000
31.73000
31.73300
31.73700
31.73300
31.73000
31.72900
31.72900
31.73300
31.73400
31.72700
31.72700
31.72800
31.72700
31.72700
31.73100
31.72900
31.73200
31.73500
31.73500
31.73100
31.72900
31.73000
31.73100
31.72700
31.72600
31.72400
31.72400
31.72200
31.72100
31.72200
31.71900
31.71600
31.71800
31.71600
31.71400
31.71000
31.70600
31.71300
31.71500
31.71200
31.70800
31.70600
31.70900
31.71000
31.70800
31.71100
31.70900
31.70800
31.70400
31.70200
31.70300
31.70100
31.70400
31.70300
31.70500
31.70400
31.70400
31.70100
31.69900
31.69400
31.69000
31.69100
31.69600
31.69300
31.69400
31.68600
31.68400
31.68800
31.68600
31.68400
31.68600
31.68500
31.68700
31.68900
31.69400
31.69500
31.69800
31.69700
31.70100
31.69400
31.69200
31.70000
31.69100
31.69300
31.69100
31.69600
31.69500
31.68800
31.68800
31.69000
31.69300
31.69500
31.69600
31.69700
31.69000
31.69100
31.68700
31.68400
31.68400
31.67900
31.68100
31.68700
31.68400
31.68400
31.68000
31.68100
31.68400
31.68700
31.68500
31.68500
31.68400
31.68400
31.68700
31.68600
31.68800
31.68500
31.68500
31.68500
31.68400
31.68300
31.68500
31.68200
31.68300
31.68500
31.68700
31.69000
31.68000
31.68200
31.68100
31.67900
31.67300
31.67600
31.67600
31.67700
31.67400
31.67200
31.66800
31.67000
31.66700
31.66400
31.66600
31.66800
31.66800
31.67100
31.67300
31.67500
31.67700
31.67800
31.68000
31.68200
31.68700
31.68800
31.69200
31.69400
31.69100
31.69000
31.68900
31.68800
31.68800
31.68800
31.68200
31.68500
31.68600
31.69500
31.69300
31.69100
31.68600
31.69000
31.69100
31.68600
31.68800
31.68400
31.68500
31.68500
31.69000
31.69000
31.68400
31.68200
31.68700
31.68900
31.69200
31.69100
31.69600
31.69900
31.69400
31.69200
31.68800
31.68800
31.69500
31.69400
31.69500
31.69700
31.69400
31.69400
31.69500
31.69900
31.69300
31.69700
31.69300
31.69900
31.70400
31.71000
31.71100
31.70900
31.71000
31.71400
31.71400
31.71500
31.71100
31.71100
31.71300
31.71500
31.71800
31.72600
31.72000
31.72100
31.72200
31.72600
31.72500
31.72500
31.71800
31.71600
31.71200
31.71400
31.71000
31.71100
31.71200
31.70800
31.70500
31.70200
31.69500
31.69000
31.69600
31.69000
31.69000
31.69200
31.69100
31.69500
31.69000
31.68800
31.68800
31.68700
31.68600
31.68700
31.68500
31.68600
31.68800
31.68500
31.68400
31.68500
31.68200
31.68300
31.68600
31.68400
31.68400
31.68300
31.68500
31.68600
31.68400
31.68600
31.68700
31.68200
31.68100
31.67800
31.67800
31.67500
31.67200
31.66700
31.67000
31.66700
31.66600
31.66600
31.66500
31.65600
31.65600
31.65400
31.65000
31.64800
31.65400
31.65800
31.65500
31.65500
31.65300
31.65200
31.65000
31.64800
31.64700
31.64500
31.64600
31.64800
31.64800
31.64500
31.63800
31.63600
31.63600
31.63700
31.63900
31.64100
31.64000
31.63500
31.63600
31.63700
31.63200
31.62900
31.62500
31.62700
31.62500
31.62800
31.62700
31.63200
31.63500
31.63300
31.63800
31.63900
31.63900
31.63600
31.63200
31.63300
31.63300
31.63400
31.62800
31.62600
31.62800
31.62600
31.62900
31.62800
31.62900
31.63000
31.62700
31.62700
31.62800
31.62900
31.63300
31.63500
31.63500
31.63600
31.64000
31.63800
31.63800
31.63400
31.63500
31.63800
31.63300
31.63500
31.63300
31.63300
31.63300
31.63200
31.63200
31.63300
31.63200
31.63300
31.63500
31.63800
31.64000
31.64200
31.64100
31.64100
31.64300
31.64000
31.63800
31.64000
31.63700
31.63200
31.63200
31.63000
31.62900
31.62800
31.62800
31.62900
31.62800
31.62500
31.62600
31.62200
31.61900
31.62100
31.62100
31.62100
31.62100
31.62100
31.61900
31.61700
31.61700
31.61900
31.61700
31.61900
31.61800
31.61700
31.61900
31.61700
31.61700
31.61700
31.61700
31.61900
31.61900
31.61900
31.61400
31.61500
31.61200
31.61100
31.60900
31.60900
31.61100
31.60400
31.60100
31.59800
31.59300
31.59200
31.59400
31.59200
31.59000
31.59000
31.58900
31.59300
31.59100
31.59100
31.59300
31.59100
31.58800
31.59200
31.59600
31.59800
31.59700
31.60100
31.60300
31.60300
31.60200
31.60900
31.60400
31.60600
31.60800
31.61000
31.61400
31.61500
31.61900
31.62000
31.62000
31.62000
31.62400
31.62500
31.62600
31.62900
31.62900
31.62700
31.63200
31.63200
31.63000
31.63300
31.63300
31.63300
31.62900
31.62800
31.62800
31.62700
31.62700
31.62400
31.62700
31.62800
31.62700
31.62100
31.62200
31.62400
31.62400
31.62800
31.62700
31.62300
31.62400
31.62500
31.62200
31.62100
31.61800
31.61800
31.61600
31.61800
31.61900
31.61900
31.61900
31.61600
31.61600
31.61500
31.61500
31.61800
31.61800
31.61300
31.61300
31.61500
31.61500
31.61600
31.61400
31.61500
31.61300
31.61400
31.61500
31.61500
31.61400
31.61600
31.61700
31.61500
31.62100
31.62400
31.62000
31.62000
31.62300
31.62600
31.62300
31.62300
31.62300
31.62500
31.63100
31.62900
31.62900
31.63200
31.63400
31.63200
31.63700
31.63700
31.63700
31.63800
31.64000
31.63900
31.64100
31.64200
31.64000
31.64100
31.64100
31.64200
31.64300
31.64100
31.64000
31.63900
31.63900
31.63700
31.63800
31.63500
31.63700
31.63800
31.63700
31.63600
31.64400
31.64300
31.63900
31.64000
31.63800
31.64000
31.64200
31.64300
31.64300
31.64200
31.64600
31.64400
31.64600
31.64200
31.64000
31.64400
31.63900
31.63800
31.63800
31.63600
31.63400
31.63200
31.63000
31.62900
31.63600
31.63200
31.63300
31.63800
31.63600
31.63300
31.64100
31.64300
31.64100
31.64300
31.64400
31.64200
31.64300
31.64600
31.64800
31.65200
31.65400
31.65400
31.65300
31.65200
31.65300
31.65400
31.65100
31.65100
31.65300
31.65500
31.65200
31.65300
31.65100
31.65500
31.66100
31.66000
31.65700
31.65900
31.66000
31.65700
31.66200
31.66000
31.65600
31.65700
31.65800
31.65700
31.66300
31.66500
31.66300
31.66400
31.66600
31.66600
31.67100
31.67200
31.67200
31.67500
31.67300
31.66700
31.66900
31.66800
31.66800
31.66900
31.67000
31.67000
31.66800
31.66600
31.66300
31.66400
31.66300
31.66300
31.66500
31.66400
31.65900
31.66200
31.66000
31.66500
31.66700
31.66500
31.66200
31.66200
31.66200
31.65900
31.65800
31.65700
31.65900
31.66100
31.66000
31.65800
31.65600
31.65400
31.65600
31.65900
31.65700
31.65400
31.65500
31.65600
31.65800
31.66400
31.66200
31.66200
31.66400
31.66400
31.66400
31.66700
31.66600
31.66800
31.67000
31.66700
31.66700
31.66800
31.66600
31.66300
31.67000
31.67100
31.67000
31.67300
31.67100
31.67300
31.67500
31.67400
31.67500
31.67400
31.67600
31.67600
31.67400
31.67600
31.67500
31.67300
31.67500
31.67500
31.67700
31.67500
31.67500
31.67500
31.67600
31.67500
31.67200
31.67200
31.66600
31.66600
31.67000
31.66700
31.67000
31.67100
31.67000
31.67300
31.67000
31.66800
31.66500
31.67000
31.66900
31.66900
31.66900
31.66800
31.66500
31.66300
31.66400
31.66600
31.66400
31.66600
31.66500
31.66500
31.66400
31.66300
31.66200
31.66400
31.66700
31.66800
31.66500
31.66700
31.66300
31.65900
31.65400
31.65500
31.65400
31.65500
31.65100
31.65100
31.65300
31.65500
31.65700
31.66200
31.66500
31.66600
31.66700
31.66600
31.66400
31.66200
31.66900
31.66600
31.66800
31.66400
31.66500
31.65900
31.65900
31.65900
31.65900
31.65800
31.65700
31.65400
31.65400
31.65700
31.66000
31.65900
31.65900
31.66200
31.66600
31.66400
31.66500
31.66300
31.66900
31.66800
31.66700
31.67300
31.67300
31.67700
31.67800
31.68000
31.68600
31.68400
31.68600
31.68700
31.68700
31.69200
31.69300
31.69400
31.69300
31.69500
31.69600
31.69900
31.69800
31.69700
31.70000
31.70200
31.70200
31.70300
31.70500
31.70700
31.70800
31.70800
31.71400
31.71400
31.71600
31.71600
31.71400
31.71600
31.71800
31.71500
31.71300
31.70900
31.70800
31.70600
31.70500
31.70800
31.70800
31.71000
31.70900
31.71000
31.71000
31.70800
31.70800
31.70400
31.71000
31.71100
31.71300
31.71500
31.71300
31.71400
31.71100
31.71200
31.71000
31.71400
31.71400
31.71400
31.71400
31.71200
31.71100
31.71100
31.71000
31.70700
31.70800
31.70900
31.71200
31.71000
31.71200
31.71000
31.70800
31.70600
31.70400
31.70600
31.70700
31.71000
31.70800
31.70900
31.71000
31.70700
31.70900
31.70900
31.71200
31.71800
31.72400
31.72100
31.72500
31.72000
31.72300
31.72200
31.72200
31.72200
31.72200
31.72000
31.71600
31.71500
31.71400
31.71300
31.71100
31.71100
31.71100
31.71300
31.71400
31.71200
31.71700
31.71600
31.71500
31.71600
31.71500
31.71300
31.71400
31.71300
31.71100
31.71500
31.71400
31.71500
31.71000
31.71000
31.71600
31.71800
31.72100
31.72000
31.72100
31.71900
31.72100
31.72000
31.72000
31.72100
31.72100
31.72000
31.71900
31.72100
31.72000
31.72100
31.72200
31.72100
31.72600
31.72600
31.72300
31.72200
31.72200
31.72100
31.72100
31.72200
31.72100
31.72000
31.72000
31.71900
31.71900
31.72000
31.71400
31.71300
31.71300
31.71300
31.71100
31.71100
31.71100
31.70900
31.71000
31.70300
31.70100
31.70000
31.70200
31.70300
31.70500
31.70300
31.70500
31.69800
31.69800
31.69700
31.69600
31.69500
31.69700
31.70300
31.70300
31.70300
31.70200
31.70400
31.70300
31.70400
31.70300
31.70300
31.70300
31.70100
31.70000
31.69700
31.70100
31.70300
31.70300
31.70200
31.70200
31.70200
31.70200
31.70100
31.70200
31.70100
31.69500
31.69500
31.69700
31.69500
31.69100
31.68800
31.69100
31.69200
31.69300
31.69300
31.69600
31.69800
31.69200
31.69300
31.69300
31.69100
31.69200
31.69200
31.69100
31.69000
31.69200
31.69000
31.69500
31.69400
31.69000
31.69100
31.69300
31.69700
31.69700
31.69800
31.69800
31.69900
31.69900
31.70000
31.70000
31.70000
31.69800
31.69700
31.69600
31.69600
31.69300
31.69400
31.69600
31.69800
31.70000
31.69900
31.69800
31.69800
31.69500
31.69500
31.69400
31.69500
31.69600
31.69400
31.69400
31.69300
31.69400
31.69400
31.69600
31.70000
31.69800
31.70000
31.69500
31.69500
31.69800
31.69900
31.69700
31.69900
31.69700
31.70000
31.69600
31.69700
31.69700
31.69500
31.69800
31.69900
31.69800
31.69500
31.69500
31.70000
31.70000
31.70100
31.70300
31.70200
31.70200
31.70200
31.70600
31.70800
31.70900
31.70900
31.70800
31.71000
31.71000
31.70900
31.70400
31.70200
31.70200
31.70200
31.70200
31.70400
31.70600
31.70700
31.70600
31.70400
31.70400
31.70700
31.70300
31.70300
31.70400
31.70400
31.70400
31.70400
31.70600
31.70500
31.70300
31.70400
31.70400
31.70300
31.70200
31.70200
31.70200
31.70100
31.70300
31.70700
31.70800
31.71000
31.70700
31.70900
31.70800
31.70600
31.70500
31.70600
31.70600
31.70900
31.71200
31.71000
31.71100
31.71300
31.71100
31.71100
31.71400
31.71400
31.71000
31.71100
31.71100
31.70800
31.70900
31.70900
31.71100
31.71200
31.71000
31.70800
31.70900
31.70700
31.70800
31.70900
31.70800
31.70700
31.71100
31.71000
31.71100
31.71300
31.71200
31.71300
31.71200
31.71100
31.70900
31.71100
31.71100
31.71000
31.70800
31.70400
31.70200
31.70700
31.71000
31.71200
31.71500
31.71400
31.71600
31.71400
31.71200
31.71000
31.70800
31.70800
31.70700
31.70900
31.71100
31.71300
31.71400
31.71300
31.71600
31.71700
31.71700
31.71600
31.71800
31.71800
31.71900
31.71900
31.71800
31.71900
31.71600
31.71600
31.71700
31.71400
31.71500
31.71400
31.71200
31.71100
31.71300
31.71300
31.71300
31.71800
31.71600
31.71600
31.71500
31.71600
31.71600
31.71400
31.71200
31.71200
31.71200
31.71100
31.71200
31.71200
31.71300
31.71300
31.71400
31.71500
31.71600
31.71700
31.71700
31.71600
31.71800
31.71800
31.71800
31.71600
31.71400
31.71600
31.71800
31.71600
31.71800
31.71600
31.71600
31.71500
31.71600
31.71700
31.71800
31.71900
31.72300
31.72000
31.71700
31.71700
31.71600
31.71500
31.71800
31.71300
31.71200
31.71200
31.71300
31.71200
31.71300
31.71400
31.71400
31.71300
31.71200
31.71000
31.71000
31.71300
31.71300
31.71100
31.71300
31.71400
31.71500
31.71600
31.71400
31.71500
31.71700
31.71600
31.71700
31.71600
31.71500
31.71700
31.71400
31.71600
31.71600
31.71500
31.71400
31.71400
31.71800
31.71900
31.71800
31.71700
31.71800
31.71800
31.71800
31.71900
31.71700
31.71900
31.71900
31.72000
31.72000
31.72100
31.71800
31.71700
31.71800
31.71800
31.71600
31.71600
31.71400
31.71400
31.71200
31.71400
31.71000
31.71000
31.70700
31.71000
31.71100
31.71400
31.71300
31.71400
31.71100
31.71400
31.71200
31.71000
31.71100
31.71000
31.71000
31.71000
31.71000
31.70800
31.70700
31.70700
31.70900
31.70800
31.70900
31.70700
31.70700
31.70700
31.70900
31.70900
31.70700
31.70600
31.70300
31.70500
31.70500
31.70700
31.70500
31.70500
31.70700
31.70600
31.70500
31.70500
31.70700
31.70700
31.70700
31.70600
31.70400
31.70300
31.70200
31.70100
31.70000
31.69900
31.70200
31.69800
31.69800
31.70100
31.70100
31.70100
31.70200
31.70000
31.69700
31.69900
31.69800
31.69800
31.69800
31.69800
31.69900
31.69900
31.69900
31.69800
31.69800
31.69800
31.70000
31.70200
31.70400
31.70400
31.70300
31.70200
31.70000
31.69800
31.69900
31.69900
31.69600
31.69400
31.69400
31.69800
31.69800
31.69800
31.69800
31.69700
31.69800
31.69700
31.69900
31.69800
31.69400
31.69200
31.69200
31.69300
31.69300
31.69400
31.69400
31.69600
31.69600
31.69500
31.69700
31.69900
31.69400
31.69500
31.69400
31.68900
31.69200
31.69300
31.69100
31.69000
31.68900
31.68600
31.68500
31.68200
31.68000
31.68400
31.68600
31.68400
31.68500
31.68700
31.68600
31.68600
31.68800
31.68900
31.69000
31.69200
31.69200
31.69100
31.69000
31.69000
31.68600
31.68700
31.68800
31.68900
31.68700
31.68600
31.68700
31.69000
31.69000
31.68600
31.68700
31.68700
31.68900
31.69000
31.69100
31.69000
31.68900
31.69000
31.69100
31.69300
31.69400
31.69400
31.69100
31.69100
31.69200
31.69200
31.69300
31.69400
31.69300
31.69300
31.69400
31.69300
31.69200
31.69000
31.68700
31.69000
31.69000
31.68900
31.68900
31.69100
31.68900
31.69000
31.68800
31.69000
31.69000
31.68900
31.69000
31.68900
31.68600
31.68500
31.68000
31.68200
31.68300
31.68400
31.68500
31.68400
31.68500
31.68400
31.68200
31.68200
31.68100
31.68100
31.67800
31.68100
31.67800
31.68000
31.68100
31.68100
31.68200
31.68400
31.68500
31.68400
31.68300
31.68200
31.68000
31.68100
31.68200
31.68300
31.68400
31.68700
31.68700
31.68500
31.68400
31.68200
31.68100
31.68000
31.67900
31.67800
31.67400
31.67500
31.67700
31.67700
31.67100
31.66800
31.66900
31.66900
31.67000
31.67000
31.66900
31.67000
31.66900
31.66600
31.66500
31.66500
31.66500
31.66900
31.67100
31.67300
31.67400
31.67400
31.67600
31.67400
31.67700
31.67500
31.67100
31.67100
31.67100
31.66900
31.66800
31.66800
31.67100
31.67000
31.67000
31.67600
31.67800
31.67400
31.67500
31.67400
31.67600
31.68000
31.68100
31.68100
31.68100
31.68100
31.68000
31.68000
31.68100
31.68100
31.68300
31.68500
31.68600
31.68900
31.68900
31.68800
31.68800
31.68900
31.69000
31.69000
31.69100
31.68900
31.69100
31.69500
31.69700
31.69600
31.69600
31.69800
31.69300
31.69600
31.69700
31.69800
31.70100
31.70200
31.70100
31.70000
31.70100
31.69900
31.69800
31.69600
31.69900
31.69900
31.69900
31.70000
31.69900
31.69800
31.70000
31.69900
31.69900
31.70100
31.70300
31.69900
31.69900
31.70000
31.70000
31.70100
31.70100
31.70200
31.70300
31.70300
31.70600
31.70600
31.70700
31.70600
31.70600
31.70600
31.70400
31.70700
31.70700
31.70700
31.70800
31.70800
31.70800
31.70600
31.70800
31.70900
31.71200
31.71300
31.71400
31.71200
31.70900
31.70900
31.70900
31.71100
31.71100
31.70900
31.71000
31.70800
31.70600
31.70300
31.70400
31.70400
31.70600
31.70500
31.70500
31.70700
31.70700
31.70700
31.70800
31.70800
31.70800
31.70800
31.70900
31.70900
31.70800
31.70900
31.70800
31.70800
31.70800
31.70800
31.70900
31.70600
31.70700
31.70800
31.71200
31.71000
31.70700
31.70800
31.71000
31.71200
31.71100
31.71300
31.71400
31.71600
31.71500
31.71500
31.71400
31.71600
31.71500
31.71400
31.71500
31.71600
31.71700
31.71700
31.71800
31.71700
31.71700
31.71900
31.71800
31.71500
31.71600
31.71900
31.72100
31.72300
31.72100
31.72000
31.72100
31.72300
31.72200
31.71900
31.71800
31.71700
31.71800
31.71700
31.71600
31.71300
31.71400
31.71200
31.71400
31.71500
31.71500
31.71700
31.71500
31.71600
31.71700
31.71700
31.71400
31.71200
31.71200
31.71200
31.71900
31.71700
31.71900
31.72700
31.72500
31.72600
31.72600
31.72700
31.72600
31.73100
31.73000
31.73100
31.73300
31.73400
31.73700
31.73600
31.73400
31.73400
31.73200
31.73300
31.73400
31.73500
31.73100
31.73200
31.73300
31.73200
31.73000
31.73300
31.73400
31.73400
31.73300
31.73200
31.73400
31.73800
31.74000
31.73800
31.73900
31.73900
31.73700
31.73800
31.73800
31.73700
31.73600
31.73300
31.73300
31.73300
31.73200
31.73000
31.73200
31.72800
31.72800
31.72800
31.72800
31.73100
31.73300
31.73200
31.73300
31.73600
31.73500
31.73500
31.73700
31.73700
31.73700
31.73700
31.73700
31.73600
31.73800
31.73500
31.73400
31.73700
31.73800
31.73900
31.73900
31.73800
31.73900
31.74000
31.73900
31.74100
31.74100
31.74000
31.74000
31.73900
31.73900
31.73800
31.73700
31.74100
31.74100
31.73800
31.73500
31.73400
31.73600
31.73700
31.73600
31.73500
31.73500
31.73500
31.73600
31.73400
31.73400
31.73500
31.73200
31.73300
31.73700
31.73600
31.73500
31.73000
31.73200
31.73200
31.73300
31.73600
31.73600
31.73500
31.73600
31.73400
31.73600
31.73700
31.73700
31.73700
31.73600
31.73300
31.73300
31.73800
31.73700
31.73700
31.73800
31.73600
31.73400
31.73600
31.73500
31.73500
31.73400
31.73400
31.73200
31.73200
31.72900
31.72900
31.73100
31.73000
31.73100
31.73200
31.73100
31.73200
31.73200
31.73400
31.73200
31.73200
31.73300
31.73400
31.73600
31.73600
31.73400
31.73500
31.73700
31.73600
31.73600
31.73500
31.73500
31.73600
31.73600
31.73500
31.73400
31.73200
31.73200
31.73400
31.73600
31.73700
31.74000
31.74000
31.74500
31.74600
31.74500
31.74500
31.74400
31.74300
31.74500
31.74800
31.74600
31.74500
31.75000
31.75100
31.75100
31.74900
31.74700
31.74600
31.74600
31.74900
31.74800
31.74900
31.75000
31.75000
31.74800
31.74900
31.74600
31.74700
31.74800
31.75200
31.75400
31.75300
31.75200
31.75300
31.75500
31.75300
31.75300
31.75600
31.75700
31.76000
31.76200
31.76200
31.76300
31.76400
31.76400
31.76500
31.76600
31.76500
31.76400
31.76600
31.76700
31.76600
31.76800
31.76700
31.76400
31.76300
31.76300
31.76500
31.76500
31.76300
31.76200
31.76100
31.76200
31.76200
31.76400
31.76400
31.76500
31.76400
31.76600
31.76500
31.76400
31.76600
31.76700
31.76800
31.77000
31.77200
31.77200
31.77300
31.77300
31.77100
31.76900
31.76900
31.77100
31.77100
31.77200
31.77200
31.77100
31.77000
31.77100
31.77200
31.77400
31.77300
31.77400
31.77600
31.77600
31.77700
31.77600
31.77700
31.77500
31.77400
31.77400
31.77200
31.77300
31.77500
31.77700
31.77700
31.77700
31.77300
31.77400
31.77900
31.78000
31.78300
31.78400
31.78200
31.78000
31.78000
31.78100
31.78100
31.77900
31.78200
31.78200
31.78200
31.78200
31.78000
31.77800
31.77900
31.77900
31.78000
31.77900
31.78100
31.78100
31.78000
31.78200
31.78200
31.78100
31.78400
31.78300
31.78700
31.78800
31.78700
31.78700
31.78600
31.78800
31.79100
31.79400
31.79500
31.79600
31.79600
31.79700
31.79700
31.79300
31.79200
31.79300
31.79400
31.79400
31.79300
31.79400
31.79200
31.79400
31.79400
31.79600
31.79600
31.80000
31.80400
31.80400
31.80600
31.80500
31.80500
31.80500
31.80500
31.80500
31.80500
31.80500
31.80600
31.80800
31.81100
31.80900
31.81300
31.81100
31.81300
31.81100
31.81200
31.81500
31.81600
31.82000
31.82200
31.82400
31.82300
31.82500
31.82300
31.82500
31.82400
31.82800
31.83000
31.83200
31.83300
31.83500
31.83200
31.83400
31.83400
31.83300
31.83500
31.83600
31.83700
31.83500
31.83500
31.83600
31.83900
31.83800
31.84000
31.83900
31.83600
31.83700
31.83800
31.83800
31.83800
31.83500
31.83900
31.84000
31.83800
31.83900
31.83900
31.84000
31.84400
31.84400
31.84500
31.84600
31.84400
31.84000
31.84200
31.84500
31.84600
31.84300
31.84300
31.84400
31.84800
31.85100
31.85100
31.84800
31.84900
31.84900
31.85200
31.85200
31.85300
31.85100
31.85200
31.85200
31.85100
31.85300
31.85000
31.85200
31.85200
31.85100
31.85400
31.85300
31.85200
31.85100
31.85200
31.85200
31.85200
31.85100
31.85100
31.85300
31.85400
31.85500
31.85600
31.85300
31.85200
31.85000
31.85000
31.85100
31.85100
31.85000
31.85100
31.85200
31.85300
31.85300
31.85500
31.85800
31.85800
31.85800
31.85800
31.85700
31.85500
31.85600
31.85700
31.85800
31.85700
31.85700
31.85900
31.85900
31.85500
31.85700
31.85700
31.85600
31.85800
31.85900
31.86000
31.85900
31.85800
31.85500
31.85300
31.85300
31.85600
31.85700
31.85800
31.85800
31.85600
31.85700
31.85900
31.86000
31.86000
31.85900
31.86100
31.85800
31.85700
31.85900
31.85800
31.85900
31.86000
31.85900
31.86000
31.86200
31.86500
31.86300
31.86200
31.86000
31.85600
31.85800
31.85800
31.85700
31.85700
31.85600
31.85500
31.85500
31.85600
31.85400
31.85400
31.85200
31.85300
31.85200
31.85100
31.85100
31.85100
31.85000
31.85000
31.85200
31.85200
31.85200
31.85200
31.85200
31.85100
31.85100
31.85000
31.85000
31.85300
31.85200
31.85300
31.85300
31.85200
31.85300
31.85100
31.85100
31.84900
31.85000
31.84800
31.84700
31.85000
31.84800
31.84700
31.84600
31.84700
31.84700
31.84700
31.84700
31.84400
31.84500
31.84500
31.84500
31.84600
31.84700
31.84500
31.84600
31.84700
31.84500
31.84500
31.84700
31.84700
31.84700
31.84600
31.84300
31.84300
31.84300
31.84200
31.84500
31.84500
31.84500
31.84600
31.84500
31.84300
31.84200
31.84200
31.84300
31.84300
31.84300
31.84400
31.84500
31.84700
31.84700
31.84800
31.84500
31.84400
31.84300
31.84100
31.84000
31.84100
31.83900
31.84000
31.83900
31.83700
31.83900
31.83700
31.83500
31.83600
31.83700
31.83700
31.83800
31.84200
31.83900
31.83800
31.84000
31.84100
31.84200
31.84100
31.84300
31.84000
31.83800
31.83800
31.83700
31.83800
31.83900
31.83900
31.84200
31.84300
31.84300
31.84300
31.84300
31.84500
31.84100
31.84000
31.83900
31.83900
31.84000
31.84100
31.83900
31.83800
31.83800
31.83700
31.83500
31.83700
31.83800
31.83800
31.84000
31.84000
31.83900
31.83900
31.83700
31.83700
31.83800
31.84100
31.84400
31.84400
31.84500
31.84400
31.84500
31.84400
31.84600
31.84500
31.84500
31.84500
31.84200
31.84200
31.84200
31.84200
31.84100
31.84000
31.84000
31.83900
31.83800
31.83800
31.84000
31.84000
31.84300
31.84400
31.84200
31.84000
31.83900
31.84300
31.84400
31.84400
31.84300
31.84300
31.84400
31.84300
31.84200
31.84300
31.84200
31.84300
31.83900
31.83700
31.83600
31.83700
31.83600
31.83400
31.83400
31.83300
31.83500
31.83700
31.83800
31.83700
31.83700
31.83800
31.83700
31.84000
31.83800
31.83600
31.83600
31.83400
31.83200
31.83300
31.83400
31.83300
31.83400
31.83400
31.83500
31.83400
31.83600
31.83500
31.83400
31.83400
31.83600
31.83400
31.83500
31.83300
31.83200
31.82900
31.82800
31.83000
31.82900
31.82900
31.83000
31.83000
31.83000
31.83000
31.83100
31.83200
31.83200
31.83300
31.83300
31.83100
31.83400
31.83200
31.83400
31.83500
31.83800
31.83900
31.83600
31.83900
31.83700
31.83900
31.84100
31.84000
31.84100
31.84200
31.84300
31.84400
31.84300
31.84600
31.84400
31.84400
31.84400
31.84300
31.84400
31.84400
31.84500
31.84300
31.84300
31.84300
31.84500
31.84200
31.84400
31.84700
31.84800
31.84800
31.84900
31.84900
31.84900
31.84800
31.84900
31.84900
31.85000
31.84900
31.85100
31.85100
31.85000
31.85000
31.85100
31.85100
31.85400
31.85400
31.85600
31.85400
31.85300
31.85400
31.85400
31.85600
31.85500
31.85500
31.85500
31.85500
31.85500
31.85500
31.85400
31.85400
31.85400
31.85400
31.85900
31.86000
31.85700
31.85700
31.85800
31.85800
31.86100
31.86000
31.85900
31.86100
31.86200
31.86400
31.86400
31.86700
31.86600
31.86700
31.86700
31.86500
31.86600
31.86900
31.86900
31.86600
31.86400
31.86400
31.86300
31.86400
31.86400
31.86600
31.86500
31.86500
31.86400
31.86400
31.86400
31.86400
31.86500
31.86500
31.86500
31.86400
31.86400
31.86500
31.86400
31.86400
31.86500
31.86400
31.86100
31.86000
31.86400
31.86400
31.86200
31.86400
31.86400
31.86400
31.86400
31.86400
31.86100
31.86200
31.86100
31.86200
31.86000
31.86000
31.85900
31.85900
31.85800
31.85700
31.85700
31.85900
31.86100
31.86100
31.86000
31.86000
31.86100
31.86100
31.86000
31.86000
31.86100
31.86000
31.86100
31.85900
31.86000
31.86000
31.85800
31.85800
31.85900
31.85900
31.85600
31.85500
31.85600
31.85600
31.85700
31.85600
31.85600
31.85400
31.85300
31.85400
31.85300
31.85400
31.85300
31.85300
31.85300
31.85200
31.85100
31.85100
31.85000
31.84900
31.84700
31.84300
31.84700
31.84600
31.84500
31.84500
31.84500
31.84600
31.84400
31.84300
31.84400
31.84500
31.84800
31.84900
31.84900
31.84900
31.85300
31.85400
31.85200
31.85000
31.85400
31.85600
31.85600
31.85700
31.85800
31.85800
31.85900
31.85600
31.85700
31.85600
31.85600
31.85600
31.85900
31.85800
31.85800
31.85800
31.85800
31.85700
31.85900
31.86300
31.86400
31.86600
31.86600
31.86600
31.86600
31.86400
31.86400
31.86400
31.86400
31.86900
31.87000
31.86800
31.86800
31.86900
31.86800
31.86800
31.87000
31.87200
31.87200
31.87300
31.87600
31.87800
31.88000
31.88000
31.87900
31.88000
31.87900
31.87800
31.88000
31.88100
31.88000
31.88100
31.88000
31.87900
31.87900
31.87900
31.87900
31.87800
31.87700
31.87600
31.87800
31.87700
31.87800
31.87800
31.87800
31.87900
31.87900
31.87900
31.87800
31.87800
31.87500
31.87500
31.87400
31.87200
31.87200
31.87500
31.87400
31.87300
31.87400
31.87300
31.87400
31.87500
31.87400
31.87400
31.87300
31.87300
31.87100
31.87300
31.87300
31.87100
31.87100
31.86900
31.87000
31.87000
31.87000
31.87200
31.87000
31.87200
31.87200
31.87300
31.87300
31.87400
31.87300
31.87500
31.87400
31.87400
31.87500
31.87300
31.87100
31.87200
31.87200
31.87200
31.87700
31.87600
31.87600
31.87800
31.87700
31.88000
31.88000
31.87700
31.87700
31.87700
31.87700
31.87700
31.87600
31.87500
31.87900
31.87800
31.87700
31.87700
31.87600
31.87700
31.87600
31.87600
31.87500
31.87600
31.87800
31.87700
31.87800
31.87700
31.87800
31.87800
31.87600
31.87600
31.87600
31.87800
31.87900
31.88000
31.87900
31.87800
31.87800
31.87600
31.87500
31.87500
31.87500
31.87400
31.87300
31.87300
31.87500
31.87400
31.87200
31.87200
31.87100
31.87100
31.87200
31.87400
31.87200
31.87100
31.87200
31.87200
31.87200
31.87200
31.87300
31.87400
31.87300
31.87300
31.87300
31.87200
31.87200
31.87200
31.87300
31.87100
31.86900
31.86900
31.86900
31.87000
31.86700
31.86700
31.86900
31.86900
31.86900
31.86800
31.86900
31.86900
31.87100
31.87100
31.87100
31.87100
31.87000
31.86900
31.86900
31.86900
31.86800
31.87000
31.87100
31.87100
31.87100
31.87100
31.87100
31.86900
31.87000
31.87100
31.87000
31.87100
31.87100
31.87100
31.87300
31.87300
31.87200
31.87300
31.87300
31.87400
31.87200
31.87200
31.87000
31.87000
31.87000
31.87000
31.87300
31.87300
31.87400
31.87600
31.87600
31.87600
31.87700
31.87600
31.87600
31.87700
31.87700
31.87700
31.87600
31.87800
31.87800
31.87800
31.87900
31.88000
31.88100
31.88200
31.88300
31.88300
31.88100
31.88300
31.88300
31.88300
31.88300
31.88300
31.88200
31.87800
31.88000
31.88100
31.88100
31.88300
31.88300
31.88300
31.88300
31.88400
31.88300
31.88600
31.88600
31.88700
31.88500
31.88800
31.88800
31.88700
31.88700
31.88900
31.88900
31.88800
31.88800
31.88800
31.88800
31.88800
31.88400
31.88500
31.88500
31.88500
31.88500
31.88400
31.88300
31.88300
31.88200
31.88400
31.88400
31.88600
31.88700
31.88700
31.88700
31.88300
31.88300
31.88400
31.88500
31.88500
31.88600
31.88600
31.88700
31.88900
31.89000
31.89200
31.89100
31.89100
31.89100
31.88800
31.88600
31.88700
31.88700
31.88700
31.88800
31.88900
31.89000
31.89100
31.89300
31.89300
31.89300
31.89200
31.89300
31.89400
31.89400
31.89500
31.89400
31.89700
31.89700
31.89700
31.89800
31.89600
31.89500
31.89400
31.89400
31.89600
31.89500
31.89400
31.89500
31.89500
31.89700
31.89600
31.89600
31.89700
31.89700
31.89800
31.89900
31.89900
31.90000
31.90000
31.90000
31.90100
31.90100
31.90100
31.90000
31.90000
31.89900
31.90000
31.90100
31.90400
31.90500
31.90500
31.90300
31.90200
31.90100
31.90100
31.90300
31.90000
31.89900
31.89900
31.90000
31.90100
31.89700
31.89700
31.89800
31.89800
31.89900
31.89900
31.89900
31.89800
31.89800
31.89700
31.89600
31.89600
31.89500
31.89600
31.89600
31.89400
31.89500
31.89600
31.89500
31.89500
31.89600
31.89900
31.89700
31.89800
31.89800
31.89800
31.89800
31.89700
31.89700
31.89900
31.89800
31.89800
31.90000
31.89800
31.89600
31.89600
31.89700
31.89900
31.89900
31.90000
31.90000
31.89900
31.89800
31.89600
31.89700
31.89600
31.89700
31.89700
31.89600
31.89700
31.89500
31.89500
31.89500
31.89400
31.89400
31.89500
31.89500
31.89700
31.89700
31.89700
31.89700
31.89700
31.89800
31.89900
31.89800
31.89800
31.89600
31.89500
31.89600
31.89600
31.89600
31.89600
31.89700
31.89700
31.89900
31.89900
31.90000
31.90100
31.89900
31.89800
31.89600
31.89500
31.89500
31.89700
31.89600
31.89600
31.89900
31.89700
31.89700
31.89700
31.89700
31.89700
31.89700
31.90000
31.89700
31.89600
31.89600
31.89600
31.89500
31.89500
31.89400
31.89400
31.89300
31.89300
31.89300
31.89400
31.89400
31.89600
31.89600
31.89300
31.89300
31.89300
31.89500
31.89700
31.89600
31.89900
31.89900
31.89600
31.89600
31.89800
31.89700
31.89600
31.89500
31.89500
31.89500
31.89800
31.89600
31.89700
31.89800
31.89800
31.89700
31.89800
31.89800
31.90000
31.89900
31.90000
31.90100
31.90100
31.90100
31.90000
31.89900
31.89800
31.89900
31.90000
31.90000
31.89900
31.90000
31.90100
31.90200
31.90200
31.90300
31.90400
31.90600
31.90500
31.90600
31.90700
31.90500
31.90500
31.90500
31.90600
31.90600
31.90700
31.90800
31.90600
31.90900
31.91100
31.91300
31.91300
31.91400
31.91500
31.91500
31.91500
31.91400
31.91400
31.91500
31.91600
31.91600
31.91800
31.91900
31.91900
31.92100
31.92100
31.92000
31.91900
31.92200
31.92200
31.92400
31.92600
31.92800
31.92700
31.92800
31.92900
31.93000
31.93000
31.93000
31.92800
31.92900
31.93100
31.93200
31.93100
31.93100
31.93100
31.93100
31.93100
31.93200
31.93100
31.93100
31.93000
31.93200
31.93400
31.93400
31.93400
31.93300
31.93400
31.93600
31.93700
31.93600
31.93500
31.93500
31.93700
31.93600
31.93500
31.93600
31.93700
31.93400
31.93500
31.93300
31.93300
31.93400
31.93400
31.93600
31.93700
31.93600
31.93900
31.93900
31.93900
31.94000
31.94000
31.93900
31.94100
31.94300
31.94400
31.94200
31.94400
31.94600
31.94600
31.94700
31.94400
31.94400
31.94600
31.94500
31.94300
31.94300
31.94300
31.94300
31.94300
31.94300
31.94500
31.95000
31.95000
31.95000
31.95000
31.95100
31.95000
31.95000
31.94900
31.94900
31.94800
31.94600
31.94700
31.94700
31.94700
31.94600
31.94500
31.94400
31.94300
31.94500
31.94400
31.94300
31.94200
31.94300
31.94400
31.94400
31.94400
31.94300
31.94400
31.94500
31.94700
31.94500
31.94500
31.94500
31.94500
31.94400
31.94500
31.94500
31.94600
31.94400
31.94500
31.94500
31.94600
31.94500
31.94500
31.94500
31.94400
31.94400
31.94400
31.94500
31.94500
31.94400
31.94400
31.94500
31.94500
31.94500
31.94400
31.94400
31.94300
31.94500
31.94600
31.94600
31.95000
31.95000
31.95200
31.95400
31.95300
31.95300
31.95200
31.95400
31.95400
31.95400
31.95400
31.95500
31.95500
31.95500
31.95400
31.95500
31.95400
31.95400
31.95400
31.95400
31.95300
31.95300
31.95500
31.95600
31.95600
31.95500
31.95300
31.95300
31.95500
31.95400
31.95500
31.95600
31.96000
31.96000
31.96000
31.96100
31.96200
31.96300
31.96300
31.96400
31.96100
31.96100
31.96100
31.96100
31.96200
31.96000
31.96000
31.95900
31.96100
31.96200
31.96100
31.96000
31.96200
31.96000
31.96100
31.96100
31.96200
31.96200
31.96200
31.96100
31.96100
31.96300
31.96500
31.96700
31.96700
31.96700
31.96600
31.96300
31.96200
31.96300
31.96300
31.96300
31.96600
31.96700
31.96400
31.96300
31.96300
31.96200
31.96200
31.96100
31.96200
31.96400
31.96400
31.96600
31.96600
31.96500
31.96500
31.96600
31.96400
31.96500
31.96600
31.96600
31.96600
31.96600
31.96700
31.96900
31.96800
31.96600
31.96600
31.96400
31.96200
31.96200
31.96600
31.96400
31.96500
31.96400
31.96400
31.96600
31.96500
31.96600
31.96600
31.96700
31.96800
31.96900
31.97000
31.96800
31.96800
31.96600
31.96800
31.96700
31.96700
31.96600
31.96500
31.96700
31.96500
31.96700
31.96500
31.96600
31.96600
31.96500
31.96500
31.96600
31.96700
31.96600
31.96600
31.96800
31.96800
31.96900
31.96800
31.96900
31.96800
31.96900
31.96900
31.96800
31.96900
31.97300
31.97100
31.97100
31.97000
31.97100
31.97100
31.97100
31.97000
31.97100
31.97100
31.97000
31.97100
31.97300
31.97200
31.97300
31.97200
31.97400
31.97300
31.97500
31.97400
31.97200
31.97200
31.97200
31.97200
31.97200
31.97100
31.97100
31.96900
31.96900
31.96900
31.97000
31.97100
31.97000
31.97200
31.97200
31.97400
31.97400
31.97200
31.97200
31.97200
31.97100
31.97200
31.97200
31.97400
31.97200
31.97300
31.97500
31.97300
31.97100
31.97200
31.97200
31.97300
31.97100
31.97300
31.97200
31.97100
31.97000
31.97100
31.97100
31.97200
31.97400
31.97400
31.97300
31.97300
31.97300
31.97600
31.97600
31.97300
31.97400
31.97600
31.97700
31.97900
31.97900
31.97900
31.97900
31.98000
31.98000
31.98000
31.98000
31.98000
31.97900
31.98000
31.98000
31.98000
31.97900
31.97800
31.97800
31.97900
31.97900
31.97800
31.97900
31.97900
31.97900
31.98100
31.98000
31.97700
31.97700
31.97600
31.97600
31.97600
31.97600
31.97700
31.97700
31.97800
31.97800
31.97800
31.97800
31.97600
31.97600
31.97600
31.97700
31.98000
31.98000
31.98000
31.97900
31.97900
31.97800
31.98000
31.97800
31.98000
31.98000
31.98200
31.98000
31.98000
31.97900
31.98200
31.98400
31.98500
31.98500
31.98500
31.98800
31.99000
31.99100
31.98900
31.98900
31.98900
31.98900
31.99000
31.98900
31.99100
31.99500
31.99600
31.99600
31.99700
32.00000
32.00000
32.00100
32.00000
31.99900
32.00100
31.99900
31.99800
31.99800
32.00000
32.00100
32.00100
32.00000
32.00000
32.00200
32.00300
32.00100
32.00200
32.00100
31.99900
31.99900
31.99900
32.00000
32.00300
32.00200
32.00200
32.00300
32.00400
32.00400
32.00400
32.00300
32.00200
32.00300
32.00300
32.00300
32.00400
32.00300
32.00300
32.00700
32.00700
32.00800
32.00800
32.00600
32.00600
32.00700
32.00800
32.00500
32.00500
32.00400
32.00400
32.00400
32.00500
32.00200
32.00300
32.00400
32.00300
32.00300
32.00300
32.00300
32.00400
32.00500
32.00400
32.00400
32.00400
32.00300
32.00200
32.00200
32.00100
32.00200
32.00300
32.00200
32.00100
32.00100
32.00000
32.00100
32.00200
32.00100
32.00100
32.00000
32.00000
31.99900
32.00100
32.00000
31.99800
31.99800
31.99900
31.99800
31.99800
31.99700
31.99700
31.99900
31.99900
31.99800
31.99700
31.99800
31.99700
31.99400
31.99200
31.99400
31.99500
31.99500
31.99600
31.99400
31.99600
31.99500
31.99800
31.99700
31.99700
31.99800
31.99600
31.99400
31.99300
31.99400
31.99400
31.99200
31.99300
31.99100
31.99200
31.99100
31.99200
31.99300
31.99400
31.99400
31.99400
31.99500
31.99400
31.99500
31.99700
31.99700
31.99600
31.99700
31.99700
31.99500
31.99500
31.99500
31.99600
31.99500
31.99700
31.99700
31.99700
31.99800
31.99700
31.99500
31.99500
31.99500
31.99600
31.99600
31.99600
31.99500
31.99500
31.99400
31.99300
31.99400
31.99400
31.99500
31.99500
31.99800
31.99800
31.99700
31.99700
31.99800
31.99600
31.99700
31.99800
31.99800
31.99700
31.99600
31.99600
31.99400
31.99500
31.99600
31.99600
31.99700
31.99800
31.99900
31.99700
31.99700
31.99900
31.99800
31.99700
31.99700
31.99700
31.99900
32.00000
31.99900
32.00000
32.00200
32.00000
32.00000
31.99700
31.99700
31.99800
31.99800
31.99900
32.00100
32.00200
32.00100
32.00100
32.00400
32.00200
32.00300
32.00400
32.00600
32.00600
32.00500
32.00400
32.00500
32.00500
32.00600
32.00600
32.00500
32.00400
32.00300
32.00400
32.00400
32.00400
32.00400
32.00300
32.00300
32.00400
32.00300
32.00300
32.00200
32.00300
32.00300
32.00500
32.00400
32.00500
32.00500
32.00500
32.00500
32.00600
32.00600
32.00500
32.00700
32.00500
32.00500
32.00500
32.00500
32.00600
32.00600
32.00700
32.00400
32.00300
32.00200
32.00200
32.00200
32.00200
32.00200
32.00100
32.00200
32.00100
32.00200
32.00300
32.00200
32.00200
32.00200
32.00600
32.00600
32.00700
32.00700
32.00800
32.00700
32.00600
32.00800
32.00700
32.00700
32.00800
32.00700
32.00700
32.00800
32.00700
32.00700
32.00700
32.00600
32.00500
32.00700
32.00800
32.00800
32.00800
32.00700
32.00700
32.00700
32.00900
32.00800
32.00400
32.00500
32.00500
32.00500
32.00400
32.00400
32.00400
32.00400
32.00300
32.00400
32.00400
32.00300
32.00400
32.00500
32.00500
32.00600
32.00700
32.00500
32.00700
32.00500
32.00500
32.00700
32.00600
32.00600
32.00600
32.00600
32.00500
32.00500
32.00400
32.00700
32.00700
32.00800
32.00800
32.00900
32.01000
32.00900
32.00900
32.01000
32.01100
32.01100
32.01300
32.01200
32.01200
32.01200
32.01200
32.01300
32.01400
32.01500
32.01600
32.01500
32.01500
32.01600
32.01600
32.01800
32.01800
32.01900
32.02100
32.02200
32.02000
32.01900
32.01900
32.01800
32.02000
32.02000
32.02000
32.02000
32.02000
32.02200
32.02300
32.02400
32.02300
32.02400
32.02400
32.02200
32.02300
32.02300
32.02300
32.02300
32.02400
32.02400
32.02400
32.02600
32.02600
32.02500
32.02500
32.02600
32.02800
32.02800
32.02800
32.02900
32.02900
32.03100
32.03100
32.03100
32.03100
32.03200
32.03200
32.03300
32.03500
32.03500
32.03700
32.03900
32.04100
32.04300
32.04300
32.04200
32.04200
32.04300
32.04400
32.04400
32.04600
31.99250
32.00571
31.98667
31.98667
31.82000
31.82000
31.80667
31.73500
32.07000
32.07000
32.07000
32.08000
32.08000
