0.00000
0.00000
0.00000
0.00000
0.00000
0.00000
0.00000
0.00000
0.00000
0.00000
0.00000
0.00000
0.00000
0.00000
0.00000
0.00000
1.60000
4.90000
4.90000
4.90000
6.70000
6.70000
6.70000
12.10000
12.55000
12.55000
12.58300
12.65000
12.65000
14.75800
14.75800
19.40800
19.20800
18.74100
18.66600
19.23300
19.23300
19.46600
19.93600
19.96900
21.07300
21.89100
22.81600
22.81600
23.32400
23.47100
23.44600
24.26200
24.77700
25.06300
25.63700
26.28300
26.98200
27.91100
28.06000
27.79200
28.04900
28.21300
28.89600
29.50200
29.77000
29.92000
30.10700
30.27700
30.93200
31.44100
31.42300
31.70600
32.42600
32.53800
32.66300
32.72500
32.90600
33.08500
33.09600
33.56100
33.86400
33.84100
33.88500
33.85600
33.90800
34.09800
34.21100
34.11000
34.21600
34.41200
34.38900
34.45500
34.70700
34.51300
34.51300
34.51800
34.67000
34.79300
34.74900
35.01900
35.17700
35.27200
35.34000
35.46700
35.46000
35.52900
35.50100
35.62000
35.66200
35.78700
35.78700
35.70100
35.77300
35.81800
35.76400
35.83500
35.76700
35.76700
35.80200
35.79200
35.78400
35.85700
35.70400
35.84200
35.99400
35.93600
35.95500
36.10100
36.15500
36.11800
36.00600
36.07000
36.06400
36.02400
35.91900
35.72600
35.73300
35.79800
35.83600
35.99200
35.91100
35.95000
35.99200
36.04400
36.14300
36.15100
36.12700
36.15900
36.14300
36.11600
36.14100
36.08300
36.09500
36.03400
36.01200
35.93900
35.90700
35.86100
35.88000
35.84800
35.79800
35.77100
35.77400
35.77800
35.84700
35.79500
35.79600
35.79300
35.80000
35.85400
35.94900
35.94900
35.99100
35.94600
35.98200
35.93600
36.03100
36.09100
36.07100
36.08500
36.06200
36.04100
36.02400
36.03500
36.09800
36.09700
36.06800
36.07400
36.09100
36.09200
36.16400
36.17000
36.18100
36.17000
36.14600
36.14000
36.13700
36.12000
36.08700
36.09500
36.09900
36.03700
36.02600
36.03100
36.15100
36.16600
36.18100
36.10600
36.11700
36.18400
36.11700
36.11400
36.16100
36.16100
36.22900
36.24100
36.24600
36.27600
36.25900
36.22800
36.22600
36.22700
36.21200
36.18100
36.13300
36.15900
36.12000
36.17200
36.16500
36.18700
36.15900
36.11800
36.10800
36.10200
36.10500
36.11300
36.09200
36.10800
36.12100
36.12900
36.11900
36.09600
36.11400
36.15000
36.12900
36.19700
36.21400
36.23100
36.27100
36.25400
36.24000
36.23400
36.25700
36.27600
36.28400
36.29100
36.26100
36.27000
36.25400
36.24800
36.28900
36.27100
36.27700
36.26600
36.29600
36.29300
36.30000
36.26600
36.26100
36.25000
36.23900
36.23600
36.23200
36.22700
36.23200
36.25700
36.26000
36.29300
36.27800
36.24400
36.26500
36.23800
36.23000
36.24800
36.17400
36.17700
36.18900
36.21600
36.22400
36.24200
36.21900
36.24900
36.20800
36.24200
36.24200
36.26800
36.28200
36.26000
36.26300
36.23000
36.27700
36.28300
36.29100
36.32200
36.33300
36.32200
36.35500
36.37300
36.41400
36.39300
36.43900
36.42500
36.37500
36.36800
36.36700
36.38100
36.37400
36.38900
36.39600
36.37800
36.39100
36.38200
36.40600
36.39700
36.44100
36.43200
36.46900
36.49100
36.52500
36.52700
36.50900
36.49600
36.48900
36.49500
36.48500
36.47900
36.48500
36.48700
36.47700
36.49200
36.48400
36.48700
36.48400
36.46100
36.47700
36.48000
36.46100
36.48300
36.47200
36.49800
36.50500
36.51800
36.52300
36.49600
36.48500
36.49800
36.52500
36.52800
36.56000
36.55400
36.57000
36.55400
36.56900
36.59900
36.60200
36.54800
36.55300
36.55800
36.58700
36.62600
36.63400
36.61200
36.59300
36.60700
36.59500
36.59300
36.62700
36.57100
36.56000
36.56400
36.55200
36.57100
36.56200
36.54600
36.56800
36.55300
36.52200
36.56000
36.56300
36.56600
36.57700
36.58400
36.59400
36.57400
36.59100
36.59300
36.58200
36.55100
36.55200
36.56200
36.56300
36.54000
36.56500
36.54300
36.53800
36.53200
36.53700
36.54300
36.53100
36.57900
36.56800
36.56100
36.57700
36.58000
36.57100
36.56300
36.56300
36.56600
36.56900
36.56400
36.56200
36.56000
36.58200
36.60700
36.61400
36.61500
36.63400
36.63900
36.62300
36.64100
36.67200
36.68100
36.68100
36.70300
36.71900
36.74400
36.73200
36.73000
36.73400
36.74600
36.74600
36.75200
36.75000
36.74300
36.75700
36.76600
36.75800
36.76800
36.76100
36.77900
36.77900
36.79300
36.79200
36.78300
36.79400
36.80100
36.81400
36.80000
36.81700
36.80200
36.81800
36.81000
36.80100
36.83100
36.84300
36.85600
36.86200
36.86200
36.85500
36.86000
36.85500
36.87100
36.86300
36.86200
36.83900
36.83400
36.82900
36.82100
36.81400
36.81200
36.82500
36.83500
36.82800
36.82600
36.81400
36.81200
36.81700
36.81600
36.81600
36.79100
36.77500
36.78800
36.79600
36.79100
36.81600
36.82300
36.83400
36.82900
36.82400
36.81800
36.82000
36.84200
36.85400
36.86600
36.88500
36.86500
36.86500
36.86700
36.91400
36.90400
36.87700
36.91600
36.92600
36.93100
36.94000
36.94000
36.92000
36.92900
36.93100
36.93200
36.94100
36.95200
36.94600
36.97000
36.99900
37.00400
37.00700
36.99500
36.98700
36.97400
36.98600
36.99400
36.98700
36.97400
36.97800
36.95100
36.96200
36.96400
36.97400
36.97200
36.96400
36.99500
37.01500
36.98300
36.99000
36.97400
36.98300
36.97300
36.95000
36.93600
36.93400
36.93200
36.93600
36.96000
36.95900
36.95700
36.96700
36.96500
36.96100
36.95800
36.95500
36.95900
36.96600
36.95500
36.94600
36.94900
36.95800
36.95600
36.94800
36.95400
36.94300
36.93100
36.94200
36.94900
36.95900
36.95900
36.94400
36.92700
36.94400
36.93500
36.94100
36.93000
36.90800
36.88600
36.87800
36.88500
36.90100
36.93400
36.94100
36.93200
36.93900
36.94400
36.94700
36.96200
36.95900
36.96100
36.93700
36.94200
36.95700
36.95900
36.93900
36.94700
36.93500
36.93000
36.93500
36.95000
36.95500
36.96100
36.96200
36.95800
36.96700
36.96200
36.93900
36.93100
36.92100
36.91500
36.90200
36.90300
36.89500
36.91300
36.90400
36.92200
36.92500
36.93000
36.91800
36.92500
36.92500
36.93900
36.92600
36.89900
36.90000
36.91200
36.91000
36.92900
36.92900
36.93000
36.92200
36.92700
36.91400
36.91800
36.92600
36.91600
36.92500
36.91400
36.91300
36.91200
36.91800
36.92600
36.92500
36.91100
36.91600
36.90600
36.89800
36.89700
36.89800
36.87300
36.86500
36.86400
36.87700
36.89000
36.89200
36.90900
36.89800
36.89800
36.89500
36.89500
36.91200
36.89300
36.90400
36.90800
36.91100
36.90400
36.90300
36.91000
36.90800
36.89800
36.91200
36.91800
36.91600
36.91100
36.90200
36.90200
36.89400
36.89800
36.90400
36.91100
36.92400
36.92000
36.92000
36.89800
36.89600
36.87000
36.87200
36.88300
36.87700
36.86700
36.87300
36.85900
36.85900
36.86500
36.87400
36.86900
36.85600
36.85300
36.85100
36.84400
36.84000
36.84800
36.85900
36.84800
36.84900
36.84500
36.84000
36.85200
36.85900
36.86900
36.86800
36.86700
36.85900
36.86500
36.86000
36.86400
36.86400
36.87900
36.87500
36.88600
36.87400
36.87500
36.88500
36.87600
36.87100
36.86600
36.86700
36.84500
36.84600
36.86000
36.85400
36.85200
36.85800
36.87000
36.86500
36.87400
36.87200
36.86700
36.86900
36.86800
36.87500
36.87900
36.87200
36.88200
36.87100
36.87800
36.87800
36.87800
36.88700
36.88500
36.88900
36.90000
36.89200
36.89300
36.90900
36.91900
36.91700
36.92300
36.92800
36.94300
36.94600
36.94700
36.95400
36.94500
36.95500
36.97300
36.97600
36.96800
36.98200
36.98200
36.98400
36.98400
36.97800
36.97900
36.97600
36.98000
36.98100
36.98600
36.98500
36.98200
36.97300
36.98000
36.99000
36.99400
36.98700
36.99000
37.00100
37.00200
37.01000
37.01300
37.00600
37.01000
37.00800
37.00800
37.01100
37.00700
37.00000
37.01500
37.03400
37.04500
37.03500
37.03100
37.03800
37.03800
37.05800
37.06400
37.07300
37.07200
37.07000
37.08400
37.08600
37.08600
37.08600
37.08600
37.09300
37.09000
37.09700
37.09600
37.09200
37.09800
37.08600
37.08700
37.08900
37.08500
37.08300
37.07100
37.07700
37.08200
37.09200
37.09300
37.09000
37.09400
37.09800
37.10700
37.11100
37.12100
37.11500
37.12300
37.12800
37.12700
37.12700
37.11800
37.10700
37.10300
37.11200
37.12000
37.11400
37.11900
37.11600
37.12000
37.10900
37.11100
37.11000
37.10000
37.10400
37.12900
37.13100
37.13500
37.14500
37.14400
37.15000
37.16000
37.15900
37.15800
37.15400
37.16300
37.16700
37.18900
37.19300
37.19000
37.18600
37.19600
37.19000
37.20000
37.20500
37.19700
37.19700
37.20100
37.20800
37.21600
37.21600
37.21400
37.20100
37.20400
37.20600
37.21300
37.20500
37.21400
37.21400
37.21300
37.20000
37.20500
37.21100
37.21300
37.22100
37.21800
37.20400
37.20000
37.20500
37.20500
37.21100
37.22000
37.22100
37.23100
37.22900
37.24000
37.24000
37.23100
37.24100
37.23600
37.22800
37.22300
37.22000
37.23000
37.21900
37.21700
37.22000
37.21500
37.20600
37.21800
37.20100
37.19500
37.19700
37.19600
37.19300
37.18700
37.18700
37.18700
37.18100
37.18800
37.19700
37.19900
37.19600
37.19600
37.19900
37.19300
37.20400
37.19400
37.19300
37.18600
37.19200
37.19700
37.20700
37.20900
37.21200
37.21300
37.20500
37.19900
37.19100
37.19100
37.20600
37.20600
37.21300
37.21100
37.21100
37.20600
37.19700
37.20200
37.20100
37.19500
37.19800
37.20000
37.20000
37.19600
37.19800
37.19200
37.18000
37.18800
37.19000
37.18900
37.19900
37.20000
37.19700
37.20200
37.20200
37.19800
37.19900
37.20500
37.20900
37.19600
37.19800
37.20100
37.20600
37.22000
37.21800
37.21900
37.21600
37.21600
37.21800
37.22300
37.21900
37.22700
37.22400
37.22700
37.23100
37.23200
37.23200
37.22300
37.22300
37.22200
37.22900
37.21900
37.21800
37.21200
37.22200
37.21800
37.22400
37.22300
37.22000
37.22500
37.22100
37.22600
37.22000
37.21700
37.21800
37.21800
37.21100
37.20700
37.20200
37.19800
37.19800
37.19600
37.20100
37.20300
37.21100
37.21400
37.20600
37.21000
37.20800
37.20900
37.20800
37.22400
37.22600
37.23200
37.22100
37.21500
37.21100
37.21000
37.20600
37.19200
37.18600
37.19000
37.19200
37.20100
37.19600
37.19100
37.18500
37.17900
37.17400
37.18400
37.18400
37.17900
37.18400
37.18700
37.18800
37.18700
37.18500
37.18800
37.18000
37.18300
37.15800
37.15300
37.14400
37.15000
37.15000
37.14100
37.14500
37.14800
37.14900
37.15100
37.15000
37.14700
37.15000
37.14800
37.15300
37.14500
37.14200
37.13900
37.13500
37.13000
37.13300
37.13100
37.13800
37.13300
37.13800
37.13100
37.13500
37.13000
37.14200
37.13800
37.12800
37.13500
37.13600
37.14700
37.14400
37.14700
37.14500
37.15100
37.15400
37.12800
37.12800
37.12500
37.12500
37.12700
37.12900
37.12500
37.12400
37.12500
37.13100
37.13300
37.13000
37.12600
37.13300
37.13000
37.14100
37.12900
37.13000
37.12900
37.12800
37.13700
37.13700
37.14100
37.14700
37.15200
37.14100
37.14100
37.14400
37.14100
37.14600
37.15800
37.15600
37.16300
37.15800
37.15400
37.15300
37.14900
37.15200
37.15200
37.15400
37.15500
37.15200
37.15700
37.15300
37.15400
37.16100
37.15900
37.15900
37.15900
37.16000
37.15600
37.15700
37.15900
37.16400
37.17600
37.18200
37.18900
37.18700
37.18500
37.18700
37.19300
37.18500
37.18300
37.18300
37.18700
37.19500
37.19200
37.19100
37.18800
37.19600
37.19600
37.19300
37.18600
37.18400
37.18200
37.18300
37.17900
37.18400
37.17900
37.18100
37.18900
37.18900
37.19900
37.20100
37.19700
37.19500
37.19400
37.19200
37.19200
37.18800
37.18600
37.18800
37.18500
37.17600
37.16800
37.16900
37.17700
37.17000
37.17100
37.16400
37.15800
37.15500
37.14600
37.15200
37.15300
37.15200
37.15600
37.15600
37.15000
37.15400
37.15600
37.15900
37.16400
37.15800
37.16500
37.16600
37.17200
37.16600
37.16700
37.16200
37.16200
37.16400
37.16400
37.16600
37.16400
37.16900
37.16900
37.16400
37.17000
37.17500
37.17900
37.17800
37.17400
37.16800
37.16700
37.16800
37.17300
37.18000
37.18500
37.18700
37.17900
37.18100
37.17800
37.16600
37.16700
37.16800
37.16900
37.16300
37.16100
37.16100
37.15500
37.15300
37.15600
37.14700
37.14700
37.14400
37.14300
37.13700
37.12800
37.11000
37.10800
37.10900
37.10900
37.10800
37.10900
37.10800
37.09900
37.10400
37.10100
37.10900
37.11200
37.10700
37.10900
37.09500
37.09600
37.08600
37.09000
37.08500
37.08000
37.07800
37.08400
37.08300
37.08200
37.07700
37.07900
37.07900
37.08100
37.08200
37.07800
37.07500
37.06800
37.06600
37.06000
37.06200
37.06800
37.06500
37.06100
37.06300
37.05400
37.05400
37.05200
37.05600
37.06400
37.07200
37.07200
37.07400
37.07900
37.07100
37.07500
37.08100
37.07900
37.07700
37.07900
37.08200
37.08100
37.08600
37.08900
37.09000
37.09300
37.09700
37.10300
37.09900
37.10300
37.09800
37.10100
37.09800
37.09500
37.08700
37.08600
37.08300
37.08400
37.08600
37.08900
37.09700
37.09100
37.08800
37.08900
37.09000
37.09400
37.09700
37.09500
37.09300
37.09400
37.10100
37.10200
37.10400
37.10600
37.10100
37.10300
37.09500
37.09100
37.08500
37.08700
37.08900
37.08400
37.08900
37.09000
37.09600
37.10100
37.10000
37.08900
37.08400
37.07800
37.08600
37.08800
37.08200
37.08600
37.08700
37.09300
37.09500
37.09600
37.09200
37.08600
37.09300
37.08800
37.09600
37.09800
37.09800
37.09200
37.08500
37.07600
37.08300
37.08400
37.08600
37.08200
37.08300
37.08600
37.08200
37.06900
37.07300
37.07600
37.07800
37.07300
37.07200
37.07000
37.07000
37.07100
37.07200
37.07500
37.07600
37.07900
37.07900
37.07100
37.07100
37.06600
37.07000
37.07000
37.07100
37.07800
37.07200
37.06700
37.06500
37.06000
37.05700
37.05900
37.04900
37.04400
37.04400
37.04700
37.04500
37.04700
37.04800
37.04800
37.04200
37.03700
37.03400
37.04200
37.04300
37.04400
37.03500
37.03600
37.04100
37.03500
37.03700
37.03400
37.02900
37.03100
37.02500
37.03100
37.03200
37.04000
37.03600
37.03500
37.03100
37.03400
37.03400
37.03200
37.03200
37.03600
37.03200
37.03600
37.02700
37.03300
37.03600
37.04100
37.03900
37.03700
37.03500
37.04000
37.04500
37.04600
37.04100
37.04200
37.04200
37.03700
37.03900
37.04500
37.05500
37.05300
37.04800
37.05000
37.04700
37.04500
37.04300
37.03800
37.03600
37.03300
37.03400
37.03200
37.03900
37.04300
37.04800
37.04200
37.04400
37.04700
37.04400
37.04500
37.04900
37.05300
37.05700
37.05600
37.05300
37.04800
37.04700
37.05000
37.04900
37.05000
37.04800
37.05500
37.05200
37.04400
37.05300
37.05000
37.04900
37.05600
37.05300
37.05400
37.05000
37.05100
37.05200
37.05100
37.04500
37.03800
37.04100
37.04100
37.04300
37.03700
37.03800
37.03800
37.03700
37.03800
37.03700
37.03400
37.03300
37.03700
37.03800
37.03500
37.04100
37.04600
37.05000
37.04900
37.05100
37.04600
37.04900
37.05500
37.05200
37.05300
37.05200
37.05600
37.05400
37.05500
37.05300
37.05500
37.05300
37.05400
37.05300
37.05100
37.04800
37.04300
37.04100
37.04600
37.04800
37.05200
37.05400
37.05700
37.05500
37.05300
37.05000
37.05400
37.04700
37.04500
37.05000
37.05100
37.04600
37.04600
37.04400
37.04100
37.04900
37.04500
37.04600
37.04600
37.04400
37.04600
37.04800
37.05500
37.06000
37.05300
37.05700
37.05700
37.05800
37.05900
37.05900
37.05500
37.05600
37.05100
37.05000
37.05200
37.05100
37.04400
37.04500
37.04300
37.04000
37.04100
37.04000
37.03800
37.03700
37.03900
37.03900
37.03700
37.04000
37.03900
37.03700
37.03700
37.02500
37.01900
37.01900
37.01200
37.01400
37.01600
37.01900
37.01500
37.01800
37.01700
37.01400
37.01500
37.02400
37.02000
37.02500
37.02900
37.03400
37.03200
37.03700
37.04000
37.04000
37.03800
37.04200
37.04300
37.04500
37.04800
37.04800
37.04500
37.04800
37.04900
37.05200
37.05500
37.05900
37.05700
37.06200
37.06100
37.06200
37.06500
37.07200
37.07100
37.07500
37.08000
37.08100
37.07900
37.07900
37.07800
37.07600
37.07600
37.07700
37.07700
37.07200
37.08000
37.08500
37.07900
37.07600
37.07400
37.07300
37.07300
37.07500
37.07700
37.07600
37.07100
37.06600
37.06800
37.07300
37.07000
37.07100
37.07100
37.07800
37.08400
37.08600
37.08900
37.09100
37.09000
37.08900
37.08500
37.08400
37.08700
37.08600
37.08900
37.08700
37.08700
37.09500
37.09000
37.08700
37.08500
37.08300
37.08500
37.08400
37.09200
37.09500
37.10100
37.09600
37.11000
37.10900
37.11800
37.12000
37.11400
37.11500
37.11400
37.11600
37.11300
37.11500
37.11500
37.11600
37.11400
37.11600
37.11000
37.10900
37.10700
37.11100
37.10900
37.11600
37.11500
37.11000
37.11300
37.11600
37.12100
37.12400
37.11900
37.12100
37.11700
37.11800
37.11500
37.11300
37.10800
37.10600
37.10200
37.10300
37.10200
37.09900
37.10300
37.10200
37.10200
37.10000
37.10300
37.10500
37.10700
37.10500
37.10800
37.10900
37.10700
37.10700
37.11300
37.11100
37.11000
37.11200
37.11400
37.11000
37.11300
37.11800
37.11900
37.12200
37.12200
37.12300
37.12400
37.11300
37.11500
37.11200
37.11200
37.11000
37.11600
37.11200
37.11300
37.10800
37.10200
37.10300
37.10200
37.09800
37.10100
37.10100
37.10100
37.10500
37.10600
37.10100
37.10000
37.10200
37.09900
37.10100
37.10100
37.10000
37.10300
37.10300
37.10300
37.10000
37.10600
37.10400
37.10300
37.10100
37.10400
37.10900
37.11000
37.11200
37.11600
37.12300
37.12300
37.11900
37.12200
37.12600
37.12700
37.12700
37.13000
37.13000
37.12700
37.12800
37.12900
37.13000
37.12800
37.13100
37.13200
37.12800
37.12400
37.12600
37.13100
37.13000
37.12900
37.12800
37.12600
37.12200
37.12500
37.12800
37.12900
37.13000
37.13000
37.12900
37.13500
37.14000
37.14100
37.13700
37.13600
37.13600
37.13400
37.13300
37.13200
37.13000
37.13200
37.13000
37.13300
37.13700
37.13200
37.13300
37.12800
37.12000
37.12200
37.12300
37.12300
37.12500
37.12700
37.12800
37.13300
37.13600
37.13400
37.13500
37.13200
37.13200
37.13400
37.13200
37.13700
37.13400
37.13800
37.13700
37.13800
37.14100
37.13900
37.13900
37.13900
37.14100
37.14300
37.14300
37.14400
37.14300
37.14400
37.15300
37.15600
37.15600
37.15200
37.15800
37.16000
37.15900
37.16100
37.16300
37.16300
37.16400
37.16000
37.16100
37.15400
37.15700
37.16700
37.16700
37.17100
37.17800
37.17900
37.17500
37.17300
37.17000
37.16600
37.16100
37.16200
37.16500
37.16800
37.17100
37.16600
37.16700
37.16400
37.16200
37.16100
37.16600
37.17700
37.17400
37.17100
37.17100
37.17300
37.17500
37.17600
37.17700
37.17700
37.17500
37.17500
37.17700
37.17900
37.17900
37.18000
37.18400
37.18000
37.17900
37.17400
37.17900
37.18100
37.17900
37.17700
37.17400
37.17300
37.17000
37.17100
37.17100
37.16500
37.16500
37.16700
37.16900
37.16700
37.16700
37.16900
37.16700
37.17000
37.16800
37.16500
37.16700
37.16100
37.15800
37.15800
37.15300
37.15300
37.15600
37.15600
37.15900
37.16100
37.16300
37.16000
37.15900
37.16200
37.16300
37.16200
37.16300
37.16000
37.15700
37.14900
37.14100
37.14100
37.14400
37.15000
37.15200
37.15500
37.15800
37.16200
37.16300
37.16100
37.15800
37.15900
37.15200
37.15200
37.15600
37.15500
37.15000
37.15100
37.15000
37.15300
37.15000
37.14900
37.15500
37.15200
37.15600
37.15600
37.15700
37.16200
37.16200
37.16000
37.15900
37.16200
37.16500
37.16600
37.16400
37.16800
37.17300
37.17400
37.16800
37.16300
37.16500
37.16100
37.16000
37.15300
37.15000
37.14800
37.15100
37.15300
37.15400
37.15400
37.15600
37.15100
37.14700
37.14600
37.14600
37.15000
37.15300
37.15500
37.15500
37.15200
37.15300
37.15300
37.15100
37.15100
37.15100
37.15200
37.14500
37.14700
37.14500
37.14700
37.14700
37.14900
37.14600
37.14400
37.14200
37.14200
37.14700
37.14600
37.14800
37.14900
37.15000
37.14400
37.14300
37.15100
37.14900
37.15000
37.15300
37.15200
37.15900
37.15200
37.15500
37.15100
37.15100
37.15300
37.15400
37.15500
37.15100
37.15000
37.14700
37.15400
37.15600
37.15400
37.15600
37.15400
37.15500
37.15300
37.14700
37.14300
37.14100
37.14400
37.14500
37.14100
37.14100
37.13900
37.13800
37.13200
37.13600
37.13400
37.13500
37.13500
37.13600
37.13500
37.13500
37.13400
37.13100
37.13200
37.12900
37.13400
37.12900
37.12900
37.12900
37.12800
37.12600
37.12300
37.12300
37.12400
37.13400
37.13500
37.13300
37.12700
37.12900
37.12700
37.12600
37.12800
37.13200
37.13300
37.13100
37.13100
37.13200
37.12500
37.12500
37.12800
37.13200
37.13000
37.13300
37.13200
37.13200
37.13100
37.13200
37.13400
37.13600
37.13500
37.13200
37.13100
37.13200
37.13500
37.14000
37.13300
37.13300
37.13400
37.13500
37.13800
37.13600
37.13300
37.13300
37.13400
37.13400
37.13500
37.13500
37.13500
37.13200
37.12800
37.13000
37.13100
37.13300
37.13600
37.13600
37.14400
37.14700
37.14700
37.14800
37.15100
37.14800
37.15400
37.15300
37.15400
37.15400
37.15200
37.15000
37.14800
37.14600
37.14600
37.14800
37.14700
37.14700
37.14700
37.14800
37.15000
37.15000
37.15200
37.15500
37.15800
37.15600
37.15600
37.15100
37.15600
37.15300
37.15400
37.15000
37.14700
37.15500
37.15900
37.16100
37.16100
37.16800
37.16900
37.16900
37.16900
37.16500
37.16500
37.16700
37.17400
37.17400
37.17600
37.17800
37.17300
37.17100
37.17200
37.17000
37.17400
37.17300
37.17300
37.17200
37.17100
37.17000
37.16400
37.16200
37.16200
37.16200
37.16100
37.15900
37.15700
37.15100
37.14600
37.14800
37.15200
37.15100
37.15000
37.15100
37.15000
37.15200
37.15200
37.14800
37.14900
37.14700
37.14900
37.14700
37.14500
37.14800
37.14900
37.14800
37.14700
37.14700
37.14500
37.14500
37.14200
37.14300
37.14400
37.14000
37.14300
37.14100
37.14200
37.14300
37.14300
37.14300
37.14300
37.13900
37.13800
37.14000
37.13700
37.13700
37.13500
37.13300
37.13100
37.13200
37.13600
37.14100
37.14300
37.14600
37.14300
37.14300
37.14700
37.15200
37.15200
37.15300
37.15500
37.15900
37.15900
37.16000
37.16200
37.15800
37.16100
37.15700
37.16000
37.16100
37.16600
37.16700
37.17000
37.16900
37.16900
37.17100
37.17400
37.17200
37.16700
37.16100
37.16200
37.16400
37.16900
37.16600
37.16500
37.16200
37.16200
37.16700
37.16900
37.16300
37.16600
37.16600
37.16700
37.16700
37.16800
37.16600
37.16300
37.16100
37.16100
37.16100
37.16300
37.15900
37.16200
37.16400
37.16500
37.16600
37.16400
37.16300
37.16500
37.16600
37.16600
37.17000
37.16800
37.16700
37.16900
37.16700
37.17000
37.16800
37.16800
37.17000
37.16800
37.17100
37.17000
37.17200
37.16900
37.16500
37.16700
37.16900
37.17100
37.17200
37.17400
37.17300
37.17600
37.18300
37.18300
37.18300
37.17600
37.17800
37.17800
37.17400
37.17500
37.17500
37.17300
37.17400
37.17500
37.17400
37.17700
37.17700
37.17900
37.17800
37.17600
37.17600
37.17700
37.17800
37.18200
37.18400
37.18800
37.18800
37.18800
37.18700
37.18500
37.18900
37.18900
37.19300
37.19400
37.19900
37.20000
37.19400
37.19100
37.19100
37.18800
37.19200
37.19500
37.19500
37.19400
37.19500
37.19800
37.19500
37.19800
37.19700
37.19800
37.19200
37.19600
37.19700
37.19500
37.19600
37.19400
37.19400
37.19400
37.19700
37.19900
37.20400
37.20300
37.20200
37.20000
37.19700
37.19700
37.19400
37.19700
37.20200
37.20500
37.20200
37.20400
37.20500
37.20300
37.19800
37.19800
37.19900
37.20100
37.19900
37.20200
37.19800
37.19800
37.19400
37.19300
37.19200
37.19600
37.19900
37.19800
37.19800
37.19800
37.19700
37.19600
37.19500
37.19400
37.19400
37.19500
37.19900
37.20000
37.19700
37.19400
37.19300
37.19200
37.19500
37.19600
37.19900
37.20600
37.20800
37.21000
37.20900
37.20900
37.20900
37.21400
37.21100
37.21100
37.21200
37.21400
37.21400
37.21200
37.21400
37.21200
37.21300
37.21000
37.20400
37.20600
37.20700
37.21400
37.21500
37.21300
37.21400
37.21100
37.20900
37.20600
37.20700
37.20400
37.20700
37.20600
37.20300
37.20400
37.19900
37.20100
37.20200
37.19900
37.19700
37.19600
37.19800
37.19500
37.19700
37.20000
37.20000
37.20600
37.20700
37.20400
37.20200
37.19800
37.20200
37.20200
37.20100
37.20400
37.20400
37.20400
37.20400
37.20600
37.20600
37.20600
37.21300
37.20800
37.20900
37.20900
37.20700
37.20900
37.21300
37.21200
37.21300
37.21200
37.21000
37.21200
37.21500
37.21400
37.21300
37.21300
37.21200
37.21500
37.21800
37.21500
37.21500
37.21500
37.21400
37.21200
37.20900
37.21400
37.21300
37.21600
37.21300
37.21200
37.21100
37.20900
37.21200
37.21000
37.21000
37.21100
37.21200
37.21300
37.21400
37.21200
37.21300
37.21300
37.21400
37.21600
37.21300
37.21400
37.21400
37.20800
37.21000
37.21000
37.20900
37.20700
37.20800
37.20900
37.21300
37.21100
37.21400
37.21300
37.21300
37.21300
37.21500
37.21600
37.21500
37.21400
37.21300
37.21200
37.21300
37.21900
37.21500
37.21200
37.21200
37.21400
37.21100
37.21300
37.21900
37.22400
37.22500
37.22300
37.22300
37.22700
37.22800
37.22600
37.23000
37.23100
37.22900
37.23100
37.23200
37.23300
37.23400
37.23300
37.24000
37.23500
37.23700
37.23600
37.23000
37.23000
37.23200
37.23700
37.23800
37.23600
37.23600
37.23400
37.23500
37.23400
37.23300
37.23100
37.23300
37.23300
37.23700
37.24200
37.24400
37.24300
37.24100
37.23900
37.24100
37.24100
37.23900
37.24300
37.24600
37.24700
37.24800
37.25000
37.25200
37.25100
37.25700
37.25700
37.25900
37.25600
37.25600
37.25500
37.26000
37.26100
37.26300
37.26400
37.27000
37.26800
37.26600
37.26800
37.26700
37.26600
37.26900
37.27000
37.26800
37.26900
37.27000
37.27000
37.26900
37.26800
37.27200
37.27800
37.27600
37.27800
37.27600
37.28200
37.28500
37.28700
37.28300
37.28300
37.28300
37.28200
37.28300
37.28600
37.28400
37.29100
37.29400
37.29300
37.29300
37.28800
37.28800
37.28700
37.28500
37.29000
37.29000
37.28900
37.28900
37.29000
37.28900
37.29300
37.29500
37.29300
37.29400
37.29500
37.29800
37.29800
37.29800
37.29500
37.29500
37.29600
37.29400
37.29600
37.29600
37.29100
37.29100
37.28900
37.28800
37.28900
37.29100
37.29500
37.29800
37.29200
37.29200
37.29300
37.29200
37.29200
37.29400
37.30200
37.30300
37.30400
37.29800
37.29900
37.29900
37.30000
37.30000
37.30000
37.30100
37.30000
37.30200
37.30000
37.30300
37.30500
37.30500
37.30800
37.30800
37.31400
37.31300
37.31300
37.31200
37.30700
37.31200
37.31400
37.31400
37.31400
37.31900
37.31900
37.32200
37.32100
37.32100
37.31900
37.32000
37.31800
37.31700
37.32000
37.32000
37.32500
37.32600
37.32400
37.32200
37.32300
37.32100
37.31900
37.32200
37.32200
37.32300
37.32400
37.32700
37.32800
37.32800
37.32900
37.32700
37.32600
37.32600
37.33000
37.33100
37.32600
37.32800
37.32800
37.32800
37.32600
37.32400
37.32200
37.32500
37.32700
37.32800
37.32800
37.32900
37.33100
37.32800
37.32800
37.32700
37.32500
37.32300
37.32400
37.32400
37.32600
37.32900
37.33000
37.32400
37.32500
37.32700
37.32700
37.32900
37.32700
37.32900
37.32600
37.32600
37.32500
37.32300
37.32100
37.32400
37.32100
37.31700
37.31500
37.31700
37.31500
37.31200
37.31400
37.31600
37.31600
37.31700
37.32300
37.32300
37.32200
37.32300
37.32400
37.31700
37.31800
37.32100
37.32200
37.31900
37.31500
37.31500
37.31600
37.31700
37.31900
37.31900
37.31800
37.31500
37.31500
37.31900
37.32000
37.31800
37.31900
37.32000
37.32300
37.32000
37.32400
37.32600
37.32700
37.32900
37.32400
37.32600
37.32500
37.32800
37.32900
37.32600
37.32800
37.32700
37.32600
37.32600
37.32500
37.32400
37.32200
37.32600
37.32600
37.32900
37.33200
37.33300
37.33700
37.33800
37.33500
37.33300
37.33500
37.33300
37.33200
37.33100
37.33200
37.33200
37.33500
37.33400
37.33300
37.33200
37.33300
37.33500
37.33500
37.33400
37.33600
37.33800
37.33400
37.33800
37.33700
37.33500
37.33100
37.33300
37.33700
37.33700
37.34100
37.34000
37.34100
37.34000
37.33700
37.33600
37.33700
37.33400
37.33400
37.33400
37.33700
37.33800
37.33500
37.33700
37.33600
37.34100
37.33800
37.34000
37.34000
37.33700
37.34100
37.34200
37.34300
37.34000
37.33900
37.34300
37.34300
37.34400
37.34200
37.34400
37.34500
37.34500
37.34500
37.34800
37.35100
37.35300
37.35500
37.35600
37.35700
37.35800
37.35900
37.35700
37.35900
37.36100
37.36400
37.36400
37.36300
37.36200
37.36300
37.36500
37.36200
37.36100
37.36100
37.36000
37.35900
37.36100
37.36200
37.36200
37.35900
37.35800
37.35500
37.35700
37.35900
37.35600
37.35600
37.35400
37.35500
37.35400
37.35300
37.35500
37.35600
37.35600
37.35600
37.35500
37.35200
37.35400
37.35800
37.35800
37.35700
37.35800
37.35300
37.35200
37.35200
37.35100
37.34900
37.35100
37.35200
37.35300
37.35500
37.35100
37.35000
37.35100
37.35000
37.34700
37.34700
37.34900
37.35100
37.35000
37.35300
37.35400
37.34800
37.34900
37.34700
37.34400
37.34500
37.34700
37.34700
37.34900
37.35300
37.34900
37.35000
37.35000
37.35000
37.35000
37.35000
37.35100
37.35200
37.35200
37.35200
37.35400
37.35300
37.35300
37.35100
37.34900
37.34800
37.35000
37.35100
37.35200
37.35000
37.35300
37.35300
37.35000
37.34700
37.35000
37.34900
37.34700
37.34500
37.34200
37.34100
37.34100
37.34300
37.34300
37.34700
37.34700
37.35200
37.35000
37.34600
37.34700
37.34800
37.35200
37.35000
37.35100
37.34900
37.34600
37.34500
37.34800
37.35500
37.35500
37.35600
37.35500
37.35400
37.35500
37.35800
37.35700
37.35800
37.35500
37.36000
37.35700
37.35900
37.35600
37.35500
37.35500
37.35200
37.35300
37.35300
37.35100
37.35100
37.34900
37.35100
37.35400
37.35100
37.35000
37.34900
37.35100
37.35200
37.35100
37.34800
37.35100
37.34800
37.35000
37.35100
37.35100
37.34900
37.35100
37.35400
37.35400
37.35800
37.35400
37.35500
37.35500
37.35300
37.35500
37.35600
37.35400
37.35400
37.35600
37.35700
37.35700
37.35900
37.36000
37.35800
37.35800
37.36100
37.36400
37.36500
37.36200
37.36000
37.35700
37.35800
37.36100
37.36100
37.36400
37.36400
37.36300
37.36400
37.36600
37.36700
37.36900
37.37300
37.37100
37.37100
37.37200
37.37400
37.37500
37.37500
37.37600
37.37500
37.37400
37.37400
37.37000
37.37300
37.37500
37.37500
37.37600
37.37700
37.37900
37.38000
37.37800
37.37200
37.37400
37.37500
37.38100
37.38200
37.38400
37.38700
37.38700
37.38500
37.38900
37.39100
37.39100
37.38900
37.39000
37.39100
37.39500
37.39500
37.39400
37.39200
37.39000
37.38900
37.38600
37.38600
37.38600
37.38400
37.38800
37.39100
37.38900
37.38900
37.38800
37.38700
37.38900
37.39300
37.39000
37.38700
37.38900
37.38700
37.38900
37.39300
37.38700
37.38900
37.39100
37.39100
37.39000
37.39200
37.39300
37.39400
37.39700
37.39600
37.40000
37.40200
37.40000
37.40100
37.40100
37.40000
37.39900
37.40000
37.39900
37.40000
37.40000
37.40300
37.40300
37.39900
37.40000
37.40500
37.40500
37.40400
37.40400
37.40300
37.40600
37.40900
37.41000
37.40900
37.41100
37.41100
37.41100
37.41300
37.41300
37.41200
37.40900
37.41100
37.41200
37.41200
37.41000
37.41100
37.41200
37.41300
37.41400
37.41500
37.41700
37.41600
37.41700
37.41100
37.41400
37.41500
37.41700
37.41800
37.42100
37.42100
37.42400
37.42300
37.42500
37.42400
37.42700
37.42500
37.42100
37.41900
37.42100
37.42100
37.42100
37.42400
37.43400
37.43400
37.43300
37.43300
37.43100
37.43000
37.42800
37.42600
37.42700
37.42400
37.42300
37.42300
37.42500
37.42500
37.42400
37.42200
37.42200
37.42600
37.42900
37.42600
37.42600
37.42600
37.42700
37.42900
37.42600
37.42400
37.42300
37.42300
37.42200
37.42200
37.42100
37.42100
37.42800
37.42700
37.42700
37.43000
37.42500
37.42400
37.42100
37.42200
37.42200
37.42400
37.42400
37.42700
37.43100
37.43100
37.43300
37.43000
37.43000
37.43000
37.43100
37.42700
37.43000
37.42800
37.42900
37.43100
37.43200
37.43300
37.43200
37.43200
37.43400
37.43400
37.43100
37.42900
37.43100
37.43500
37.43400
37.43500
37.43500
37.43500
37.43400
37.43400
37.43700
37.43700
37.43600
37.43600
37.43800
37.44000
37.43900
37.43900
37.43900
37.43900
37.43700
37.43600
37.43700
37.43900
37.43800
37.43900
37.43400
37.43400
37.43800
37.44000
37.44400
37.44200
37.44200
37.44300
37.44300
37.44100
37.44200
37.44100
37.44200
37.43800
37.44100
37.44300
37.44100
37.44100
37.44100
37.44100
37.44400
37.44500
37.44200
37.44100
37.44400
37.44300
37.44500
37.44400
37.44500
37.44300
37.44500
37.44700
37.44700
37.44700
37.44900
37.44800
37.44900
37.45100
37.45100
37.45300
37.45500
37.45500
37.45400
37.45500
37.45400
37.45700
37.45500
37.45300
37.45400
37.45300
37.45500
37.45600
37.46000
37.45600
37.45400
37.45200
37.45300
37.45000
37.45300
37.45500
37.45700
37.45400
37.45400
37.45200
37.45400
37.45200
37.45900
37.45700
37.45800
37.45900
37.46200
37.46000
37.46200
37.46600
37.46600
37.46600
37.46600
37.46800
37.46600
37.46600
37.46600
37.46300
37.46500
37.46700
37.46600
37.46600
37.46500
37.46200
37.46300
37.46700
37.46900
37.46500
37.46600
37.46700
37.46600
37.46600
37.47000
37.46900
37.46800
37.47100
37.47300
37.47200
37.47700
37.47900
37.47800
37.47600
37.47800
37.47600
37.47500
37.47600
37.47500
37.47500
37.47700
37.47700
37.47700
37.47500
37.47500
37.47400
37.47400
37.47500
37.47300
37.47100
37.47100
37.47000
37.47100
37.47200
37.47400
37.47400
37.47300
37.47500
37.47200
37.47100
37.47100
37.47600
37.47600
37.47500
37.47700
37.47800
37.47600
37.47700
37.47700
37.47700
37.47900
37.47700
37.47400
37.47300
37.47600
37.47200
37.47200
37.46700
37.47000
37.47100
37.47100
37.47200
37.47400
37.47300
37.47300
37.47100
37.46900
37.47500
37.47600
37.47500
37.47700
37.48000
37.48000
37.48000
37.48000
37.47800
37.47700
37.47900
37.48200
37.48100
37.48000
37.48000
37.48100
37.48000
37.48000
37.48000
37.47800
37.47900
37.48000
37.47800
37.48100
37.48100
37.48200
37.48200
37.48400
37.48100
37.48100
37.48200
37.48400
37.48100
37.48300
37.48500
37.48600
37.48500
37.48400
37.48200
37.48300
37.48200
37.48000
37.48000
37.48300
37.48300
37.48800
37.48800
37.48900
37.48900
37.49100
37.49100
37.49100
37.49400
37.49300
37.49400
37.49400
37.49300
37.49500
37.49500
37.49500
37.49600
37.49900
37.49800
37.50200
37.50100
37.50100
37.50100
37.50400
37.50500
37.50600
37.50300
37.50300
37.50200
37.50000
37.50300
37.50400
37.50500
37.50500
37.50400
37.50400
37.49800
37.50300
37.50300
37.50300
37.50300
37.50400
37.50500
37.50400
37.50400
37.50500
37.50400
37.50200
37.50300
37.50300
37.50200
37.50000
37.50000
37.50200
37.50200
37.50500
37.50600
37.50600
37.50800
37.50500
37.50500
37.50400
37.50500
37.50300
37.50100
37.50000
37.50000
37.50000
37.49900
37.49800
37.49600
37.49700
37.49400
37.49800
37.49700
37.50000
37.50200
37.50300
37.50400
37.50200
37.50100
37.50100
37.50200
37.50200
37.50200
37.50200
37.50100
37.50200
37.50100
37.50000
37.49800
37.49700
37.49600
37.49600
37.49700
37.49900
37.49900
37.49800
37.49700
37.49400
37.49300
37.49000
37.49100
37.49300
37.49600
37.49600
37.49800
37.49600
37.49400
37.49500
37.49600
37.49400
37.49500
37.49500
37.49400
37.49500
37.49400
37.49600
37.49500
37.49600
37.49700
37.49400
37.49400
37.49400
37.49100
37.49000
37.49000
37.48900
37.49100
37.49300
37.49200
37.49500
37.49200
37.49100
37.49300
37.49300
37.49800
37.49700
37.49600
37.49700
37.49600
37.49400
37.49700
37.49600
37.49600
37.49700
37.50100
37.50100
37.50100
37.50000
37.49900
37.49800
37.50100
37.50100
37.50100
37.50200
37.50200
37.49900
37.49800
37.50200
37.50000
37.49700
37.49500
37.49700
37.49900
37.49700
37.49500
37.49700
37.49700
37.49200
37.49300
37.50100
37.49800
37.49800
37.49800
37.50000
37.50500
37.50300
37.50400
37.50300
37.50400
37.50500
37.50700
37.50900
37.50900
37.50900
37.50900
37.50900
37.50900
37.50800
37.51200
37.51100
37.50900
37.51100
37.51100
37.51100
37.51200
37.51100
37.51200
37.51200
37.51400
37.51300
37.51300
37.51600
37.51600
37.51600
37.51600
37.51400
37.51400
37.51700
37.51700
37.51700
37.51600
37.51700
37.51700
37.51800
37.52200
37.52000
37.51900
37.51400
37.51600
37.51800
37.51700
37.51700
37.51700
37.51800
37.51800
37.51800
37.51500
37.51500
37.51500
37.51700
37.51800
37.51800
37.51900
37.51800
37.51900
37.52100
37.52000
37.52000
37.52200
37.51800
37.52100
37.52100
37.51800
37.52000
37.51600
37.51500
37.51400
37.51600
37.51800
37.52000
37.52100
37.52300
37.52500
37.52200
37.52100
37.52100
37.52100
37.52200
37.52100
37.51900
37.52000
37.52200
37.52600
37.52800
37.52800
37.52500
37.52500
37.52800
37.52700
37.52700
37.52700
37.52800
37.52900
37.52800
37.52800
37.52900
37.52900
37.53100
37.53300
37.53300
37.53200
37.53200
37.53100
37.53100
37.53200
37.53300
37.53100
37.53100
37.53300
37.53500
37.53500
37.53200
37.52900
37.53000
37.52900
37.53100
37.53200
37.53200
37.52800
37.52800
37.53000
37.53000
37.52900
37.53000
37.52900
37.52800
37.52700
37.52500
37.52300
37.52300
37.52500
37.52400
37.52400
37.52700
37.52600
37.52800
37.53000
37.53100
37.53100
37.53100
37.53200
37.53300
37.53200
37.53300
37.53500
37.53500
37.53300
37.53000
37.52900
37.53200
37.53300
37.53400
37.53500
37.53600
37.53700
37.53400
37.53300
37.53600
37.53800
37.53800
37.53700
37.53900
37.53900
37.53800
37.53800
37.53600
37.53600
37.53700
37.53500
37.53600
37.53700
37.53800
37.53800
37.53900
37.54100
37.53900
37.53500
37.53600
37.53900
37.54200
37.54000
37.54200
37.54100
37.53900
37.54000
37.53900
37.54000
37.54000
37.54000
37.53800
37.53700
37.53600
37.53800
37.54000
37.53900
37.54000
37.54000
37.53700
37.54000
37.53800
37.53800
37.53800
37.53600
37.53400
37.53500
37.53600
37.53500
37.53700
37.53700
37.53900
37.54000
37.53900
37.53700
37.53900
37.54000
37.54000
37.54000
37.53600
37.53700
37.53700
37.53700
37.53900
37.53800
37.53800
37.53800
37.53500
37.53200
37.53100
37.53000
37.53000
37.53100
37.53000
37.52900
37.53100
37.52800
37.52900
37.52700
37.52800
37.52800
37.52600
37.52600
37.52600
37.52700
37.52600
37.52300
37.52400
37.52200
37.52300
37.52300
37.52500
37.52400
37.52700
37.52500
37.52500
37.52400
37.52900
37.52700
37.52800
37.52600
37.52700
37.52300
37.51900
37.52000
37.52100
37.52200
37.52100
37.52200
37.52200
37.52300
37.52300
37.52200
37.52200
37.52000
37.52000
37.51900
37.51800
37.51600
37.51800
37.51900
37.52000
37.52200
37.52300
37.52300
37.52300
37.52200
37.52200
37.52300
37.52200
37.52200
37.52100
37.52100
37.51900
37.51700
37.51800
37.51700
37.51700
37.51600
37.51500
37.51800
37.51600
37.51500
37.51500
37.51600
37.51800
37.51900
37.51900
37.52200
37.52100
37.52100
37.52100
37.52200
37.52600
37.52600
37.52700
37.52500
37.52500
37.52500
37.52600
37.52800
37.52700
37.52800
37.53000
37.52800
37.52800
37.52800
37.52900
37.52900
37.52900
37.52700
37.52900
37.52600
37.52800
37.52800
37.52800
37.52900
37.52800
37.53000
37.53300
37.53100
37.53100
37.53400
37.53400
37.53100
37.53000
37.53100
37.53000
37.52800
37.53000
37.52800
37.52700
37.52800
37.53100
37.53400
37.53500
37.53700
37.53800
37.53800
37.54300
37.54600
37.54500
37.54500
37.54100
37.54100
37.54100
37.54000
37.54400
37.54400
37.54300
37.54600
37.54700
37.54800
37.54800
37.54800
37.54800
37.55100
37.55200
37.55300
37.55200
37.55500
37.55700
37.56000
37.56100
37.55900
37.55700
37.55800
37.55500
37.55600
37.55200
37.55200
37.55200
37.55600
37.55500
37.55500
37.55500
37.55600
37.55900
37.55800
37.56000
37.55900
37.55800
37.55900
37.55800
37.55800
37.55900
37.56300
37.56400
37.56500
37.56500
37.56400
37.56500
37.56600
37.56600
37.56700
37.56600
37.56700
37.56800
37.56800
37.56600
37.56800
37.56800
37.57100
37.57200
37.57400
37.57400
37.57200
37.57300
37.57500
37.57700
37.57600
37.57600
37.57500
37.57500
37.57500
37.57500
37.57300
37.57100
37.56900
37.56900
37.56600
37.56600
37.57100
37.57200
37.57000
37.56800
37.57000
37.57400
37.57300
37.57200
37.57300
37.57500
37.57300
37.57500
37.57400
37.57500
37.57300
37.57200
37.57300
37.57300
37.57200
37.57100
37.57300
37.57400
37.57700
37.57600
37.57700
37.57600
37.57400
37.57400
37.57300
37.56900
37.57000
37.57100
37.57300
37.57400
37.57500
37.57500
37.57600
37.57700
37.57600
37.57700
37.57700
37.57800
37.57800
37.57800
37.57800
37.57500
37.57400
37.57500
37.57500
37.57400
37.57500
37.57400
37.57600
37.57500
37.57600
37.57500
37.57500
37.57100
37.57200
37.57200
37.57600
37.57600
37.57700
37.57700
37.57600
37.57400
37.57500
37.57400
37.57400
37.57400
37.57700
37.57600
37.57400
37.57400
37.57500
37.57300
37.57600
37.57600
37.57600
37.57500
37.57300
37.57500
37.57200
37.57200
37.57100
37.56900
37.57000
37.57100
37.57100
37.57400
37.57300
37.57000
37.56800
37.56800
37.56900
37.56700
37.56700
37.57100
37.57100
37.57100
37.57000
37.57000
37.57100
37.56800
37.57100
37.57000
37.57000
37.56700
37.56700
37.56600
37.56600
37.56600
37.56800
37.56700
37.56800
37.56900
37.56600
37.57000
37.56900
37.57200
37.57200
37.56900
37.57000
37.57000
37.57000
37.56800
37.56700
37.56800
37.56800
37.56800
37.56700
37.56800
37.56900
37.57200
37.57100
37.57100
37.57000
37.56900
37.56900
37.57000
37.56900
37.56800
37.57000
37.57000
37.57300
37.57400
37.57300
37.57200
37.57200
37.57600
37.57600
37.57400
37.57700
37.57500
37.57500
37.57500
37.57400
37.57200
37.57100
37.57500
37.57800
37.57600
37.57400
37.57500
37.57400
37.57600
37.57500
37.57700
37.57700
37.57800
37.57700
37.57600
37.57700
37.57900
37.58100
37.58100
37.58000
37.58300
37.58400
37.58500
37.58600
37.58600
37.58500
37.58600
37.58700
37.58600
37.58600
37.58300
37.58100
37.58100
37.58000
37.57900
37.57700
37.57600
37.57500
37.57600
37.57500
37.57400
37.57100
37.57100
37.56700
37.56800
37.56900
37.57100
37.57100
37.57300
37.57200
37.57200
37.57100
37.57100
37.57300
37.57300
37.57300
37.57300
37.57100
37.57000
37.57000
37.57100
37.56700
37.56900
37.56800
37.56800
37.56800
37.56800
37.56700
37.56600
37.56500
37.56300
37.56500
37.56900
37.56700
37.56600
37.56800
37.56600
37.56600
37.56600
37.56500
37.56400
37.56400
37.56600
37.56800
37.56700
37.56600
37.56900
37.56600
37.56600
37.56500
37.56700
37.56400
37.56600
37.56700
37.56800
37.56900
37.57200
37.57300
37.57300
37.57300
37.56900
37.56900
37.56700
37.56400
37.56500
37.56400
37.56400
37.56300
37.56400
37.56400
37.56300
37.56100
37.56100
37.56100
37.55900
37.55800
37.55100
37.55200
37.55100
37.55200
37.54900
37.54900
37.54900
37.54800
37.55000
37.55200
37.54900
37.54400
37.54300
37.54200
37.54200
37.54300
37.54300
37.54300
37.54100
37.54300
37.54000
37.54100
37.54200
37.53900
37.54100
37.54400
37.54400
37.54200
37.54100
37.53900
37.53700
37.53700
37.53700
37.53800
37.53700
37.53700
37.53600
37.53600
37.53600
37.53600
37.53600
37.53700
37.53600
37.53700
37.53400
37.53100
37.53300
37.53000
37.53200
37.53100
37.53200
37.52900
37.52700
37.52500
37.52500
37.52500
37.52500
37.52200
37.52100
37.52200
37.52500
37.52600
37.52500
37.52500
37.52300
37.52400
37.52300
37.52200
37.52400
37.52400
37.52200
37.52000
37.51600
37.51800
37.51700
37.51900
37.51800
37.51800
37.51900
37.51800
37.51600
37.51900
37.52000
37.52100
37.52000
37.51700
37.52100
37.52200
37.52100
37.52000
37.51900
37.52200
37.52400
37.52800
37.52800
37.52900
37.52800
37.52700
37.52300
37.52300
37.52300
37.52400
37.52500
37.52400
37.52400
37.52500
37.52400
37.52400
37.52200
37.52200
37.52100
37.52100
37.52000
37.51800
37.51800
37.51800
37.51700
37.51800
37.51600
37.51800
37.52000
37.52100
37.52200
37.52300
37.52400
37.52000
37.52100
37.52100
37.52000
37.52200
37.52200
37.52500
37.52500
37.53000
37.53000
37.53000
37.53100
37.53000
37.53100
37.53000
37.53000
37.52800
37.53000
37.52900
37.53100
37.53200
37.53000
37.53100
37.53200
37.53300
37.53600
37.53600
37.53600
37.53600
37.53500
37.53500
37.53900
37.54000
37.54000
37.53700
37.54000
37.53900
37.54200
37.54300
37.54300
37.54200
37.54000
37.53900
37.54300
37.54200
37.54300
37.54100
37.54300
37.54400
37.54600
37.54700
37.55000
37.55100
37.55300
37.55200
37.55300
37.55100
37.55500
37.55700
37.55800
37.55700
37.55800
37.55900
37.55700
37.55500
37.55400
37.55500
37.55400
37.55500
37.55400
37.55400
37.55500
37.55600
37.55500
37.55500
37.55600
37.55500
37.55400
37.55500
37.55300
37.55200
37.55200
37.55400
37.55400
37.55500
37.55700
37.55600
37.55500
37.55500
37.55500
37.55700
37.55800
37.55900
37.55900
37.55700
37.55700
37.55800
37.55800
37.55600
37.55500
37.55500
37.55400
37.55500
37.55700
37.55800
37.56000
37.55800
37.55800
37.55400
37.55400
37.55800
37.55800
37.56000
37.56100
37.55800
37.55900
37.56100
37.56000
37.56100
37.56100
37.56200
37.56200
37.56400
37.56500
37.56600
37.56600
37.56600
37.56700
37.56900
37.57300
37.57500
37.57400
37.57300
37.57400
37.57300
37.57300
37.57500
37.57300
37.57300
37.57100
37.57100
37.57000
37.56900
37.57100
37.57100
37.57000
37.56900
37.56800
37.56800
37.56800
37.56700
37.56500
37.56400
37.56500
37.56500
37.56400
37.56200
37.56200
37.56300
37.56300
37.56700
37.56600
37.56300
37.56600
37.56900
37.56800
37.56700
37.56700
37.56500
37.56400
37.56700
37.56300
37.56300
37.56500
37.56500
37.56400
37.56400
37.56300
37.56500
37.56600
37.56900
37.57100
37.56900
37.57000
37.56700
37.56800
37.56900
37.57000
37.57000
37.57100
37.56900
37.56700
37.56500
37.56700
37.57100
37.57100
37.57000
37.56900
37.57000
37.56900
37.57000
37.57200
37.57100
37.57200
37.57300
37.57300
37.57200
37.57100
37.57100
37.57100
37.57200
37.57400
37.57600
37.57500
37.57500
37.57400
37.57400
37.57300
37.57300
37.57500
37.57400
37.57500
37.57500
37.57500
37.57300
37.57400
37.57300
37.57500
37.57600
37.57700
37.57800
37.57800
37.57900
37.57800
37.57900
37.58000
37.58100
37.58100
37.58100
37.58200
37.58200
37.57800
37.57900
37.57700
37.57700
37.57600
37.57600
37.57900
37.57800
37.57700
37.57800
37.58000
37.57800
37.57700
37.57700
37.57900
37.57800
37.57800
37.58200
37.58200
37.58200
37.58100
37.58000
37.58000
37.57900
37.57500
37.57500
37.57700
37.57900
37.58100
37.58200
37.58200
37.58500
37.58500
37.58400
37.58400
37.58600
37.58700
37.58700
37.58600
37.58500
37.58600
37.58900
37.59200
37.59100
37.59200
37.59200
37.58800
37.59000
37.59000
37.58800
37.58900
37.58900
37.58900
37.59100
37.59200
37.59400
37.59300
37.59100
37.59300
37.59300
37.59100
37.59000
37.59200
37.59500
37.59500
37.59700
37.59700
37.59900
37.59900
37.60000
37.59900
37.59700
37.59800
37.60100
37.60200
37.59900
37.59800
37.59900
37.60000
37.60100
37.60000
37.59700
37.59900
37.59800
37.60000
37.60000
37.60200
37.60100
37.60200
37.60100
37.59900
37.60100
37.60100
37.60100
37.60100
37.60100
37.60200
37.60200
37.60400
37.60500
37.60700
37.60500
37.60100
37.60500
37.60600
37.60500
37.60500
37.60500
37.60800
37.60800
37.60700
37.60600
37.60600
37.60700
37.60900
37.61000
37.60900
37.61000
37.60900
37.60900
37.60800
37.61000
37.61000
37.61000
37.60800
37.60800
37.60900
37.61100
37.61300
37.61300
37.61400
37.61400
37.61100
37.61400
37.61200
37.61200
37.61500
37.61400
37.61200
37.61300
37.61600
37.61600
37.61800
37.61300
37.61500
37.61400
37.61200
37.61400
37.61700
37.61700
37.61900
37.62100
37.62200
37.62000
37.62100
37.62300
37.62400
37.62400
37.62600
37.62500
37.62400
37.62400
37.62300
37.62200
37.62500
37.62400
37.62600
37.62500
37.62600
37.62800
37.62700
37.63000
37.63100
37.62900
37.63200
37.63200
37.63000
37.63300
37.63500
37.63000
37.63000
37.62800
37.62900
37.63000
37.63000
37.63100
37.62900
37.62800
37.62900
37.63000
37.62800
37.63000
37.63000
37.63300
37.63300
37.63200
37.63100
37.63200
37.63200
37.63100
37.63000
37.63100
37.63300
37.63200
37.63400
37.63400
37.63200
37.63300
37.63400
37.63400
37.63600
37.63700
37.63800
37.63600
37.63700
37.63900
37.63900
37.63900
37.63700
37.63700
37.63900
37.63600
37.63700
37.63400
37.63200
37.63200
37.63000
37.62900
37.62800
37.63100
37.63100
37.62900
37.63100
37.63200
37.63200
37.63100
37.63300
37.63300
37.63300
37.63000
37.63200
37.63300
37.63300
37.63300
37.63200
37.63300
37.63200
37.63100
37.63000
37.63200
37.63100
37.63100
37.63200
37.62900
37.62800
37.62900
37.62700
37.62800
37.62700
37.62500
37.62100
37.62200
37.62000
37.61900
37.62100
37.62000
37.62200
37.62200
37.62100
37.62200
37.62200
37.62300
37.62100
37.62000
37.61900
37.62000
37.62100
37.62100
37.61900
37.61600
37.61400
37.61400
37.61600
37.61700
37.61800
37.61900
37.61400
37.61500
37.61300
37.61400
37.61300
37.61300
37.61400
37.61400
37.61000
37.61200
37.61000
37.61200
37.61200
37.61300
37.61300
37.61300
37.61000
37.61000
37.60600
37.60500
37.60400
37.60500
37.60600
37.60900
37.60900
37.61000
37.61000
37.60800
37.60800
37.60700
37.60700
37.60700
37.60600
37.60600
37.60500
37.60800
37.60900
37.60800
37.60900
37.60900
37.60800
37.61000
37.60900
37.61000
37.61000
37.60800
37.60800
37.60800
37.60700
37.61000
37.61000
37.60800
37.60800
37.60700
37.60700
37.60600
37.60800
37.60800
37.60800
37.60800
37.60700
37.60800
37.61100
37.61200
37.61100
37.61100
37.60800
37.60800
37.60800
37.60700
37.60700
37.60800
37.60800
37.60900
37.60800
37.60700
37.61100
37.61000
37.61200
37.61300
37.61200
37.61000
37.61000
37.61100
37.61200
37.61400
37.61300
37.61500
37.61400
37.61600
37.61500
37.61300
37.61300
37.61300
37.61100
37.61400
37.61500
37.61300
37.61300
37.61400
37.61400
37.61400
37.61300
37.61500
37.61700
37.61800
37.61800
37.61800
37.61800
37.61600
37.61900
37.62000
37.61800
37.61800
37.62000
37.62100
37.62200
37.62200
37.62100
37.62000
37.62100
37.62100
37.62200
37.62300
37.62100
37.62100
37.62100
37.62000
37.61900
37.62100
37.62200
37.62300
37.62200
37.62200
37.62200
37.62200
37.62300
37.62400
37.62400
37.62200
37.62100
37.62300
37.62200
37.62100
37.62100
37.62200
37.62300
37.62400
37.62400
37.62600
37.62800
37.62600
37.62600
37.62500
37.62300
37.62400
37.62300
37.62300
37.62300
37.62200
37.62400
37.62500
37.62500
37.62600
37.62700
37.62700
37.62700
37.62700
37.62400
37.62400
37.62200
37.62000
37.62100
37.61900
37.61800
37.61900
37.61800
37.61800
37.61900
37.61600
37.62000
37.62200
37.62100
37.62300
37.62300
37.62300
37.62300
37.62300
37.62500
37.62500
37.62500
37.62400
37.62600
37.62400
37.62100
37.62200
37.62200
37.62200
37.62200
37.61600
37.61500
37.61500
37.61600
37.61400
37.61300
37.61200
37.60900
37.61100
37.61000
37.60900
37.60700
37.60700
37.60900
37.60800
37.61000
37.61000
37.60800
37.60500
37.60600
37.60500
37.60500
37.60600
37.60600
37.60600
37.60600
37.60600
37.60500
37.60200
37.60300
37.60200
37.59800
37.59800
37.59700
37.59500
37.59500
37.59500
37.59500
37.59700
37.59800
37.60000
37.59900
37.59800
37.59700
37.59600
37.59600
37.59700
37.59700
37.59800
37.59700
37.59500
37.59500
37.59700
37.59900
37.60000
37.60200
37.60000
37.59800
37.59800
37.59900
37.60100
37.60100
37.59700
37.59700
37.59700
37.59700
37.59500
37.59700
37.59500
37.59800
37.59900
37.59600
37.59700
37.59700
37.60200
37.60100
37.59800
37.59600
37.59500
37.59700
37.59800
37.59800
37.59700
37.60000
37.60100
37.60200
37.60300
37.60400
37.60200
37.60200
37.60400
37.60300
37.60300
37.60100
37.59800
37.59800
37.59900
37.59800
37.59800
37.59700
37.59800
37.59600
37.59500
37.59500
37.59800
37.59800
37.59800
37.59900
37.59800
37.59800
37.59600
37.59400
37.59400
37.59300
37.59500
37.59400
37.59500
37.59400
37.59400
37.59200
37.59400
37.59500
37.59500
37.59700
37.59600
37.59700
37.60200
37.60000
37.60000
37.60100
37.60000
37.60000
37.60200
37.60200
37.60400
37.60300
37.60500
37.60600
37.60700
37.60600
37.60700
37.61100
37.61200
37.61200
37.61300
37.61400
37.61400
37.61600
37.61700
37.61556
37.66250
37.70000
37.70143
37.70429
37.65167
37.58400
37.58600
37.58600
37.58800
37.58500
37.80000
37.80000
37.80500
37.57000
