0.00000
0.00000
0.00000
0.00000
0.00000
0.00000
0.00000
0.00000
0.00000
0.00000
0.00000
0.00000
0.00000
0.00000
0.00000
0.00000
1.60000
6.40000
8.30000
15.23300
15.43300
15.49200
15.45900
15.50400
15.48100
15.50600
17.16700
17.19400
17.21200
17.25100
17.33400
17.36900
17.65400
18.01800
18.23000
18.74300
19.65300
20.28700
20.79800
21.49000
22.37900
23.01400
23.56100
24.03200
24.68700
25.79100
25.77600
25.73700
26.10200
26.40500
26.63200
26.81000
27.00400
27.09300
27.42500
27.68600
27.88400
28.17600
28.22600
28.40100
28.50800
28.59900
28.78400
29.00700
28.93800
29.03600
28.96900
29.17500
29.39100
29.50500
29.62200
29.83400
29.88400
29.99900
30.09200
30.38300
30.61500
30.72200
31.01600
31.07400
31.02000
31.01700
31.11300
31.22000
31.44000
31.38200
31.45000
31.59000
31.80400
31.93500
31.99700
32.16100
32.41000
32.39100
32.51600
32.66700
32.73500
32.89600
33.02200
33.21000
33.21700
33.35700
33.28700
33.38700
33.42900
33.64700
33.71600
33.79800
33.92800
34.01200
34.01600
34.00600
34.18300
34.51500
34.57700
34.67100
34.80900
34.95900
35.11700
35.04300
35.13300
35.33500
35.55400
35.73900
35.77800
35.80700
35.92700
35.99200
35.95400
36.05200
36.09800
36.13400
36.26200
36.36300
36.44400
36.62600
36.74100
36.81800
36.83200
36.96400
36.97600
37.08100
37.23700
37.19700
37.27900
37.32800
37.48100
37.47700
37.65800
37.76200
37.71700
37.90700
37.86000
37.90300
38.02600
38.06100
38.13800
38.21600
38.25200
38.31000
38.52400
38.59200
38.66200
38.75800
38.92800
39.00900
39.15400
39.28200
39.39000
39.43800
39.49200
39.62400
39.72400
39.84500
39.82400
39.90200
40.10700
40.21600
40.22000
40.24300
40.40400
40.46700
40.54000
40.58700
40.67300
40.70000
40.78200
40.93000
41.15400
41.27900
41.44300
41.45300
41.61300
41.82600
41.81700
41.84300
41.87500
41.90800
41.92700
42.02300
42.09100
42.20800
42.38900
42.60500
42.68600
42.77300
42.86000
42.91800
43.07600
43.13100
43.17300
43.26100
43.40900
43.47600
43.52400
43.65900
43.75800
43.87400
43.96600
43.96400
44.06200
44.21700
44.34000
44.42800
44.49400
44.60200
44.68500
44.75700
44.83200
44.89500
44.95700
45.12800
45.22700
45.23400
45.35400
45.45500
45.50200
45.58200
45.62900
45.70900
45.75600
45.81200
45.94400
45.91900
46.00900
46.09700
46.09200
46.16100
46.23200
46.35200
46.36400
46.45200
46.45300
46.60600
46.70600
46.70700
46.81300
46.82700
46.91100
46.97300
47.06300
47.13600
47.23900
47.32900
47.35400
47.40800
47.43300
47.46000
47.53300
47.55100
47.69100
47.73600
47.79600
47.84100
47.94000
48.01300
48.04500
48.07800
48.07600
48.16000
48.20000
48.29700
48.34200
48.39000
48.59700
48.57500
48.62100
48.76000
48.75400
48.77000
48.85700
48.92000
49.00700
49.10800
49.17100
49.17100
49.27500
49.42300
49.46600
49.47900
49.57000
49.57100
49.61600
49.68600
49.78700
49.83400
49.86100
49.87400
49.90300
49.94000
49.93100
49.98500
50.16400
50.17800
50.27200
50.28400
50.30800
50.41100
50.44000
50.48300
50.63500
50.65800
50.69900
50.71700
50.74600
50.89500
50.97700
50.98100
51.03800
51.01400
51.10000
51.09900
51.17300
51.18200
51.27600
51.40600
51.44600
51.46700
51.50500
51.62600
51.66200
51.67700
51.73100
51.81100
51.91600
51.99400
52.03100
52.14300
52.26900
52.32500
52.40300
52.43700
52.42800
52.51300
52.55600
52.56700
52.62700
52.66600
52.71000
52.73600
52.82800
52.89800
52.98100
53.00600
53.06600
53.14700
53.18200
53.18200
53.27100
53.34200
53.42100
53.45500
53.56400
53.66000
53.68000
53.76700
53.85300
53.87100
53.87900
53.89600
53.89500
53.95400
54.03800
54.10100
54.19700
54.19200
54.26300
54.40200
54.53500
54.58800
54.65600
54.74400
54.81800
54.95200
54.97500
55.01800
55.15700
55.17700
55.20900
55.24800
55.25300
55.32400
55.43300
55.43800
55.53900
55.60700
55.64900
55.68400
55.74200
55.78800
55.82100
55.94200
55.96800
56.06500
56.12800
56.14600
56.16400
56.17700
56.20200
56.28900
56.35800
56.39100
56.41400
56.50100
56.53600
56.60300
56.64800
56.74900
56.77400
56.81800
56.85800
56.91100
56.92300
56.99100
57.01400
57.10300
57.10500
57.11800
57.15100
57.19200
57.21700
57.30500
57.33500
57.37400
57.41200
57.47800
57.54800
57.57000
57.57000
57.59700
57.64300
57.62500
57.63700
57.70400
57.69300
57.71200
57.77900
57.83300
57.87300
57.91800
57.96400
57.98300
58.02400
58.06300
58.10700
58.15900
58.16900
58.17100
58.20700
58.24600
58.26300
58.26400
58.28200
58.26800
58.31400
58.35600
58.33200
58.35600
58.47200
58.54900
58.61700
58.65100
58.64400
58.67200
58.67600
58.67800
58.71000
58.70800
58.76700
58.85500
58.91200
58.93100
58.95900
59.01700
59.03500
59.06600
59.12100
59.16000
59.16000
59.23000
59.23200
59.20900
59.22800
59.27100
59.31500
59.33200
59.34600
59.36800
59.39900
59.39300
59.40600
59.44100
59.44500
59.54100
59.69700
59.70500
59.78600
59.84600
59.89000
59.99200
60.03400
60.05800
60.12100
60.17800
60.22800
60.23100
60.28500
60.29800
60.30500
60.45800
60.48100
60.48700
60.56900
60.57600
60.61700
60.74100
60.76000
60.79200
60.84600
60.85400
60.87700
60.93000
60.97200
61.01300
61.13300
61.18800
61.24100
61.32300
61.37100
61.37000
61.49400
61.47900
61.47600
61.56100
61.59300
61.67900
61.71900
61.75500
61.83700
61.89200
61.91300
61.96000
62.06600
62.12700
62.11900
62.16800
62.27600
62.36100
62.36300
62.39100
62.46000
62.53000
62.60300
62.65600
62.72300
62.76900
62.79100
62.84400
62.92000
62.93200
63.02500
63.04500
63.12200
63.18400
63.22000
63.25300
63.30400
63.35300
63.40500
63.44200
63.50300
63.54300
63.64300
63.67700
63.79300
63.80400
63.83400
63.84500
63.90700
63.93700
63.97100
64.01300
64.06500
64.06700
64.15600
64.19400
64.25900
64.25600
64.26800
64.28200
64.31800
64.30500
64.32400
64.33100
64.38200
64.42200
64.46900
64.53200
64.58200
64.62800
64.69100
64.72600
64.76600
64.79100
64.82900
64.86800
64.89200
64.92000
64.95900
65.00600
65.03900
65.10000
65.13300
65.18400
65.20600
65.25300
65.26300
65.29400
65.26100
65.25900
65.29200
65.32300
65.34700
65.36800
65.45100
65.50300
65.54100
65.58100
65.59200
65.61200
65.65500
65.70200
65.72200
65.81400
65.84300
65.85100
65.83000
65.84900
65.88100
65.92000
65.94800
65.96000
65.96100
66.02200
66.00100
66.02000
66.05100
66.08200
66.11000
66.10300
66.13600
66.12100
66.14300
66.17300
66.20100
66.26800
66.25000
66.30100
66.29400
66.28900
66.29900
66.29300
66.31100
66.34100
66.36000
66.36900
66.39500
66.39100
66.44200
66.49800
66.52800
66.51000
66.51200
66.54500
66.59600
66.62600
66.63500
66.67700
66.67300
66.69100
66.69300
66.74400
66.79000
66.80000
66.78500
66.81200
66.84100
66.85000
66.87800
66.88500
66.89100
66.88400
66.87500
66.90500
66.89100
66.90400
66.95700
66.97800
67.00700
67.04600
67.05700
67.10000
67.11200
67.17000
67.20800
67.22100
67.24500
67.24500
67.28600
67.30400
67.36600
67.42100
67.44700
67.46400
67.46700
67.48500
67.52200
67.53600
67.55800
67.56800
67.62000
67.64800
67.66900
67.69000
67.71600
67.74800
67.75700
67.74900
67.75900
67.76500
67.83400
67.83300
67.84600
67.85100
67.83000
67.85800
67.89900
67.92400
67.95200
67.96100
67.96100
67.95100
67.98400
68.02700
68.08900
68.12600
68.13100
68.11500
68.13400
68.14500
68.15900
68.17700
68.20800
68.23100
68.23500
68.24400
68.25100
68.26300
68.27400
68.30800
68.33700
68.37600
68.39500
68.44300
68.43500
68.47400
68.50000
68.52300
68.52800
68.52900
68.52400
68.52400
68.56700
68.58000
68.61600
68.62500
68.61800
68.67300
68.69800
68.74200
68.74500
68.74100
68.75000
68.76200
68.77400
68.81200
68.80400
68.82800
68.82500
68.83900
68.86800
68.90100
68.91700
68.91600
68.94000
68.94800
69.01500
69.02700
69.04000
69.05000
69.08300
69.10000
69.09800
69.11900
69.13400
69.16600
69.20800
69.22900
69.26000
69.24700
69.25400
69.27900
69.31200
69.31300
69.31900
69.34500
69.38000
69.37300
69.38700
69.40200
69.39800
69.40400
69.42900
69.47600
69.49100
69.49800
69.49200
69.49500
69.53200
69.55100
69.57200
69.59000
69.63900
69.67200
69.71100
69.72000
69.73000
69.73100
69.73500
69.78600
69.79300
69.80900
69.81700
69.82400
69.83200
69.87100
69.90200
69.91400
69.90800
69.93300
69.92300
69.92900
69.93900
69.96000
69.97700
69.99300
70.00600
70.03400
70.02000
70.04300
70.06900
70.09300
70.08500
70.11800
70.14800
70.16600
70.17700
70.18900
70.18600
70.22100
70.23400
70.23800
70.23000
70.25400
70.25400
70.29300
70.29600
70.32100
70.35400
70.38000
70.39900
70.39700
70.38600
70.41800
70.43400
70.44800
70.46500
70.46600
70.47800
70.48700
70.50300
70.51000
70.49900
70.52700
70.55000
70.53400
70.56100
70.57200
70.58100
70.62400
70.63300
70.64100
70.63200
70.62300
70.61700
70.62900
70.66000
70.69900
70.70500
70.72500
70.76300
70.75000
70.77500
70.78400
70.81500
70.84800
70.87700
70.88500
70.88500
70.88100
70.91000
70.91800
70.94400
70.93600
70.95200
70.97800
70.99600
71.02800
70.99600
71.01200
71.02100
71.02800
71.05400
71.06500
71.09600
71.10500
71.14000
71.14700
71.13900
71.12400
71.15400
71.14600
71.14100
71.13800
71.13200
71.18600
71.17800
71.19000
71.20200
71.20700
71.19700
71.22000
71.23400
71.23600
71.22400
71.23400
71.23000
71.22500
71.22800
71.23500
71.24900
71.27300
71.26700
71.29000
71.29100
71.31200
71.33300
71.33700
71.33700
71.36800
71.39400
71.41300
71.42800
71.41400
71.42300
71.43500
71.43000
71.43700
71.44900
71.44400
71.45600
71.46400
71.49200
71.49300
71.50000
71.54200
71.56200
71.56700
71.59900
71.59200
71.61900
71.62400
71.63800
71.63700
71.64700
71.67000
71.67000
71.66000
71.67100
71.69700
71.74100
71.72800
71.73300
71.74600
71.75100
71.77100
71.77000
71.76300
71.77400
71.80400
71.80600
71.82900
71.84100
71.84600
71.87600
71.88400
71.89300
71.91000
71.92000
71.92900
71.93800
71.95700
71.96100
71.98400
71.97100
71.98600
71.99400
72.00300
72.01200
72.03900
72.05300
72.06200
72.06500
72.08200
72.10000
72.11900
72.13400
72.17500
72.18600
72.19500
72.22100
72.23600
72.24100
72.22800
72.23400
72.24700
72.25200
72.25600
72.26200
72.29400
72.29900
72.31100
72.32600
72.33800
72.33300
72.33800
72.35900
72.38500
72.39400
72.40100
72.40600
72.42400
72.44600
72.46200
72.46100
72.49600
72.52800
72.53900
72.53500
72.54600
72.52800
72.53500
72.54300
72.56500
72.58100
72.61300
72.62000
72.61000
72.61000
72.63200
72.65100
72.65000
72.67400
72.67600
72.68700
72.70400
72.71100
72.74600
72.74100
72.73300
72.75200
72.74900
72.77200
72.77800
72.78500
72.81900
72.84000
72.87500
72.90000
72.93600
72.94600
72.96000
72.97500
72.96400
72.97400
72.99100
72.98300
73.00200
73.00700
73.02000
73.04700
73.08100
73.10700
73.11000
73.13800
73.14800
73.14800
73.15200
73.15800
73.16300
73.17000
73.19200
73.20800
73.23200
73.24400
73.25200
73.25700
73.25000
73.23700
73.24300
73.25300
73.24700
73.25400
73.27900
73.29500
73.33100
73.35300
73.35900
73.37700
73.38100
73.39200
73.39900
73.42100
73.43400
73.45400
73.47000
73.45400
73.47500
73.49100
73.49600
73.52800
73.55400
73.56400
73.57500
73.59900
73.61300
73.63200
73.64400
73.63800
73.64300
73.67700
73.69200
73.70800
73.70200
73.72200
73.73600
73.74500
73.75200
73.76600
73.80000
73.81000
73.81000
73.83800
73.84500
73.84300
73.87500
73.87000
73.86800
73.88700
73.89100
73.90600
73.91700
73.92200
73.94900
73.96100
73.96100
73.96700
73.97500
73.98700
74.00900
74.02700
74.04000
74.05500
74.07200
74.07100
74.11300
74.12800
74.13400
74.14900
74.16400
74.17200
74.16000
74.15600
74.17100
74.19200
74.19100
74.21600
74.22200
74.21600
74.24100
74.26000
74.30100
74.32800
74.33800
74.38200
74.39300
74.39500
74.41900
74.44700
74.45300
74.48400
74.48500
74.49600
74.53000
74.55100
74.55100
74.54300
74.56000
74.57100
74.58300
74.62800
74.64200
74.64900
74.66000
74.67100
74.70000
74.71400
74.71700
74.74000
74.76900
74.83000
74.85100
74.85600
74.86100
74.88400
74.89500
74.90200
74.93000
74.96600
74.97300
74.97300
74.98200
74.98300
74.99400
75.00200
75.01200
75.03500
75.06000
75.07700
75.09600
75.10700
75.13100
75.14600
75.17700
75.20200
75.21700
75.25500
75.27000
75.29500
75.31900
75.32300
75.35000
75.35800
75.37200
75.40500
75.42100
75.43200
75.44900
75.46100
75.48500
75.48900
75.52100
75.53200
75.55700
75.58800
75.59000
75.59100
75.58700
75.60700
75.61100
75.61900
75.61600
75.65000
75.70900
75.73400
75.76700
75.81000
75.80900
75.82000
75.83000
75.84100
75.87000
75.88700
75.91000
75.94500
75.96600
75.99000
76.02100
76.07500
76.08600
76.10600
76.13200
76.14400
76.15400
76.18300
76.21600
76.23600
76.28500
76.31900
76.32700
76.36200
76.38000
76.40500
76.40100
76.40400
76.43100
76.44200
76.46400
76.48600
76.51600
76.50700
76.53600
76.56800
76.58100
76.59700
76.60700
76.60600
76.60600
76.61300
76.61900
76.61900
76.61900
76.62300
76.63500
76.67900
76.70800
76.72800
76.74700
76.76200
76.78400
76.79300
76.81300
76.81300
76.81800
76.82700
76.85500
76.89000
76.91000
76.93600
76.94000
76.93500
76.94500
76.96400
76.97200
76.98000
77.01900
77.05800
77.06000
77.05500
77.07100
77.08500
77.09100
77.10000
77.10200
77.12500
77.14400
77.12900
77.15700
77.15600
77.18700
77.21700
77.22600
77.23200
77.22600
77.23100
77.24300
77.26400
77.27900
77.28500
77.29900
77.31600
77.31300
77.34000
77.34300
77.34300
77.34400
77.34400
77.34500
77.37300
77.39200
77.37700
77.39500
77.39400
77.40400
77.41600
77.43200
77.41800
77.41300
77.45600
77.46200
77.47500
77.46200
77.45800
77.47800
77.47900
77.48100
77.47400
77.48200
77.49100
77.53000
77.55300
77.56400
77.58000
77.58800
77.59300
77.58100
77.61100
77.63500
77.64700
77.66800
77.68000
77.68400
77.69200
77.70100
77.71200
77.72100
77.73400
77.72400
77.73900
77.77100
77.77900
77.80400
77.82200
77.82500
77.83800
77.84700
77.83800
77.86500
77.88700
77.90400
77.89700
77.89500
77.90800
77.94000
77.95500
77.96000
77.98000
77.97700
77.98700
77.99200
77.99900
78.01000
78.04900
78.05100
78.04800
78.07800
78.09100
78.09500
78.10200
78.11400
78.11700
78.10500
78.09700
78.10400
78.10900
78.12600
78.13200
78.16000
78.16600
78.18000
78.20700
78.22000
78.23300
78.23200
78.24300
78.24600
78.26500
78.28900
78.28900
78.30900
78.31500
78.33300
78.33200
78.35100
78.36600
78.38000
78.39900
78.39400
78.39700
78.40100
78.41300
78.41500
78.42000
78.42200
78.42100
78.44800
78.45500
78.47100
78.48500
78.50000
78.50000
78.50200
78.50100
78.52300
78.53800
78.54800
78.54800
78.55500
78.57900
78.60100
78.60200
78.62400
78.63200
78.64400
78.64200
78.65000
78.66400
78.67800
78.66500
78.67400
78.68400
78.68700
78.70900
78.70700
78.68800
78.70300
78.71900
78.73900
78.74000
78.77000
78.78300
78.78800
78.80800
78.80700
78.82200
78.81200
78.83100
78.82900
78.85800
78.86900
78.87000
78.86500
78.86500
78.87200
78.90000
78.89800
78.92000
78.91600
78.91800
78.92200
78.91900
78.92700
78.90900
78.90300
78.91100
78.91200
78.92600
78.93700
78.95100
78.96900
78.97400
78.98300
78.99600
78.99200
78.98600
78.99700
79.00000
79.00400
78.99600
79.01000
79.01900
79.02600
79.04000
79.04400
79.04300
79.05500
79.07300
79.07800
79.07500
79.09300
79.08900
79.08500
79.09600
79.10400
79.12200
79.11400
79.12700
79.14300
79.15100
79.16700
79.17500
79.18000
79.16900
79.16300
79.15900
79.17000
79.19800
79.20200
79.20900
79.22600
79.23800
79.25700
79.26600
79.27800
79.29200
79.30100
79.30700
79.29900
79.31400
79.32000
79.33800
79.34500
79.34600
79.36900
79.39200
79.40800
79.42600
79.43000
79.43300
79.44100
79.45100
79.45400
79.45900
79.46400
79.46800
79.48800
79.48500
79.49600
79.48800
79.49400
79.49700
79.49600
79.49900
79.49900
79.51300
79.52000
79.52000
79.51600
79.53400
79.54700
79.55100
79.55700
79.56400
79.56100
79.57700
79.57800
79.59600
79.60400
79.60900
79.61700
79.61900
79.62400
79.62100
79.62400
79.62400
79.62200
79.62700
79.63300
79.63700
79.63800
79.65000
79.63900
79.65500
79.65500
79.66300
79.67400
79.67600
79.69900
79.70800
79.71400
79.72900
79.73300
79.72600
79.73400
79.76400
79.76300
79.77400
79.77600
79.79500
79.79000
79.81800
79.82900
79.84300
79.84300
79.84700
79.86200
79.86800
79.85900
79.88600
79.89500
79.90200
79.90900
79.91800
79.91100
79.91600
79.91100
79.92300
79.92600
79.94200
79.95100
79.95900
79.97000
79.97000
79.98700
79.99100
79.99000
80.00100
79.99700
80.00800
80.00600
80.00100
80.00200
80.01200
80.01500
80.00800
80.02000
80.01900
80.02800
80.03200
80.04400
80.05500
80.06200
80.07400
80.08000
80.06900
80.06800
80.08700
80.08600
80.10200
80.10600
80.10900
80.11400
80.12200
80.13700
80.14500
80.15000
80.15200
80.17200
80.16700
80.16300
80.16600
80.17500
80.17100
80.18500
80.20700
80.20100
80.20900
80.21200
80.21600
80.21400
80.23100
80.22800
80.23900
80.24200
80.24800
80.25500
80.25000
80.25800
80.25900
80.24900
80.25400
80.25500
80.25500
80.26100
80.26400
80.27800
80.28600
80.29100
80.29300
80.30300
80.30600
80.31100
80.30700
80.31800
80.32200
80.31500
80.30700
80.31600
80.32200
80.32700
80.33500
80.34000
80.35700
80.36200
80.36400
80.37100
80.37900
80.39700
80.40300
80.40300
80.41400
80.40500
80.39700
80.41000
80.41700
80.42200
80.42000
80.44400
80.46500
80.46800
80.48200
80.47800
80.49500
80.49700
80.50400
80.50600
80.51400
80.52300
80.52500
80.52200
80.54900
80.55200
80.56200
80.56800
80.57300
80.57700
80.58300
80.59100
80.59000
80.59600
80.61400
80.61500
80.63400
80.65600
80.66400
80.68400
80.68700
80.70100
80.70200
80.71400
80.71200
80.72600
80.73500
80.73800
80.73500
80.75300
80.76100
80.77100
80.77800
80.78400
80.79100
80.81300
80.82300
80.82800
80.82900
80.84100
80.84200
80.83300
80.84400
80.84900
80.85700
80.85600
80.85100
80.85400
80.85300
80.85800
80.86100
80.87400
80.87400
80.89100
80.89600
80.89600
80.90200
80.92000
80.92400
80.94200
80.96900
80.98700
81.00600
81.01700
81.02000
81.03300
81.03700
81.05300
81.06200
81.08300
81.09300
81.10400
81.11000
81.11500
81.11600
81.12300
81.13500
81.14100
81.13900
81.14900
81.16100
81.18200
81.20500
81.20600
81.21200
81.20800
81.21800
81.21600
81.23200
81.23200
81.23700
81.23400
81.24800
81.25100
81.25000
81.26400
81.27200
81.26700
81.28200
81.29700
81.30400
81.31400
81.32400
81.33000
81.33100
81.33900
81.34700
81.36100
81.36400
81.37600
81.38000
81.39600
81.38800
81.39500
81.40900
81.42300
81.43400
81.45600
81.46500
81.48000
81.49500
81.50500
81.51000
81.53100
81.54600
81.56200
81.57200
81.57100
81.57800
81.58800
81.61000
81.60900
81.61600
81.63600
81.64100
81.64500
81.65000
81.67400
81.68400
81.69700
81.68800
81.69900
81.71400
81.72400
81.72600
81.74600
81.75200
81.76700
81.78100
81.79500
81.81700
81.81600
81.81600
81.80000
81.82600
81.83300
81.83500
81.83600
81.84900
81.85900
81.87000
81.87400
81.87500
81.89900
81.90300
81.92100
81.92000
81.94100
81.95900
81.97800
81.98200
81.99500
82.00500
82.01800
82.01900
82.02000
82.03300
82.02500
82.03300
82.04900
82.04600
82.05700
82.06800
82.06900
82.06500
82.08600
82.09800
82.10200
82.11100
82.11100
82.11600
82.11200
82.12400
82.15200
82.16600
82.16900
82.18200
82.18500
82.18800
82.19500
82.19300
82.20900
82.21900
82.22400
82.22200
82.22500
82.23900
82.23700
82.24200
82.26000
82.26900
82.28300
82.30000
82.30800
82.30900
82.31000
82.30500
82.31600
82.33000
82.32500
82.35600
82.35900
82.35700
82.38000
82.39800
82.41300
82.42100
82.43500
82.43900
82.44400
82.45100
82.45600
82.47300
82.46800
82.49000
82.49300
82.49900
82.50200
82.50300
82.49800
82.51500
82.52100
82.53200
82.54200
82.54500
82.54600
82.54700
82.56300
82.57300
82.58300
82.59000
82.59700
82.62000
82.61800
82.62600
82.62900
82.61600
82.62800
82.65300
82.66600
82.66200
82.67400
82.67100
82.70000
82.70600
82.70700
82.70500
82.70700
82.70700
82.71800
82.71600
82.71900
82.73300
82.73100
82.73800
82.75400
82.76600
82.76400
82.76800
82.78400
82.79700
82.80200
82.80100
82.79500
82.80900
82.81000
82.81800
82.82700
82.83800
82.83100
82.84200
82.83300
82.84500
82.85400
82.86200
82.86900
82.88200
82.88400
82.89200
82.88800
82.89100
82.89900
82.89700
82.90100
82.90700
82.91800
82.93100
82.92900
82.94100
82.95100
82.95300
82.95700
82.96200
82.97100
82.97800
82.97800
82.97500
82.97800
82.98100
82.96000
82.96000
82.97000
82.98200
82.97700
82.98700
82.99200
82.99500
83.00400
83.00000
83.00300
83.00700
83.00300
83.00800
83.02000
83.01800
83.02600
83.02600
83.02600
83.02500
83.02600
83.03200
83.04000
83.03700
83.05000
83.04800
83.05100
83.06100
83.06200
83.06800
83.07700
83.09700
83.09700
83.08800
83.09100
83.08300
83.08700
83.10000
83.10100
83.10100
83.10600
83.10500
83.11000
83.11500
83.12000
83.12100
83.13500
83.14000
83.15100
83.15000
83.15500
83.15300
83.16200
83.15800
83.16600
83.17800
83.18800
83.20100
83.19900
83.19900
83.19700
83.20300
83.20300
83.20700
83.21100
83.20900
83.20300
83.20000
83.20800
83.21100
83.23200
83.23500
83.23500
83.23100
83.23400
83.23900
83.23600
83.23500
83.22800
83.23200
83.23300
83.23900
83.25400
83.25300
83.26100
83.26200
83.26400
83.27500
83.26300
83.26100
83.26200
83.26500
83.27200
83.27100
83.27900
83.28600
83.29600
83.29700
83.30500
83.30900
83.30800
83.30200
83.29900
83.30500
83.31900
83.32800
83.34000
83.34000
83.33400
83.34000
83.34000
83.34600
83.34300
83.36000
83.36200
83.35700
83.36700
83.36500
83.36400
83.36600
83.37900
83.38600
83.39700
83.40500
83.41300
83.41800
83.42100
83.43500
83.44200
83.44400
83.44200
83.44600
83.45500
83.45100
83.46500
83.47400
83.47400
83.48000
83.48600
83.49700
83.50800
83.51400
83.52100
83.52900
83.53200
83.53200
83.54000
83.55100
83.56300
83.58500
83.59100
83.59900
83.60300
83.59900
83.61400
83.61900
83.63000
83.63900
83.65000
83.65900
83.66300
83.67200
83.68000
83.69400
83.70200
83.71300
83.71900
83.75000
83.75300
83.75200
83.75000
83.75400
83.75400
83.77000
83.77500
83.78400
83.78800
83.81100
83.81100
83.82000
83.82100
83.82500
83.83600
83.83600
83.83200
83.83200
83.84400
83.86100
83.86900
83.86600
83.86400
83.87600
83.88300
83.89400
83.90600
83.91500
83.90100
83.89900
83.90500
83.89700
83.89900
83.90500
83.90000
83.91300
83.91500
83.92100
83.92500
83.93200
83.93800
83.94500
83.94200
83.94200
83.94900
83.95000
83.95900
83.96000
83.98900
83.99000
83.99200
83.99100
83.99900
84.00000
84.00600
84.00100
84.00400
84.00600
84.00400
84.02000
84.02600
84.04300
84.04900
84.05600
84.05500
84.04900
84.05900
84.05800
84.06700
84.07900
84.08600
84.08900
84.08700
84.07800
84.07400
84.08600
84.10100
84.10500
84.11200
84.11900
84.11800
84.12300
84.13000
84.13400
84.14500
84.15000
84.15700
84.16100
84.16200
84.16900
84.18000
84.18900
84.20200
84.20300
84.21300
84.21300
84.21800
84.22400
84.22900
84.22900
84.23500
84.23900
84.24100
84.23800
84.23500
84.23400
84.23500
84.23500
84.24500
84.25100
84.24800
84.24800
84.24800
84.24400
84.24100
84.26100
84.27800
84.27700
84.27400
84.27400
84.28300
84.27800
84.28100
84.29000
84.28800
84.28300
84.29300
84.29600
84.30700
84.30400
84.30600
84.30800
84.30900
84.30700
84.30800
84.31200
84.31800
84.31100
84.31000
84.31400
84.32900
84.31800
84.32500
84.32800
84.34600
84.34500
84.35100
84.34900
84.36300
84.36400
84.37600
84.38100
84.38800
84.39200
84.38500
84.39500
84.39800
84.41400
84.42200
84.42100
84.42000
84.42600
84.43700
84.44100
84.43800
84.43800
84.44800
84.44300
84.44600
84.44200
84.44300
84.45600
84.45900
84.46300
84.46000
84.47700
84.47600
84.48500
84.49200
84.50400
84.50600
84.50200
84.49800
84.50100
84.50200
84.51700
84.51600
84.52300
84.51600
84.52600
84.53500
84.53400
84.53000
84.53000
84.53700
84.53900
84.53700
84.54300
84.54700
84.54900
84.55400
84.55800
84.56700
84.57700
84.56900
84.58400
84.58200
84.58300
84.57500
84.57200
84.58000
84.58000
84.58500
84.58500
84.58800
84.59400
84.58100
84.58500
84.59600
84.60200
84.59600
84.60200
84.60700
84.61600
84.62400
84.63800
84.64200
84.64600
84.64800
84.64900
84.64700
84.64300
84.64800
84.65900
84.67300
84.67600
84.68200
84.68600
84.68400
84.68600
84.69500
84.70300
84.69800
84.70500
84.71400
84.70600
84.70500
84.71000
84.71100
84.71500
84.72100
84.72100
84.72300
84.72300
84.73500
84.73700
84.74000
84.73800
84.73700
84.74200
84.74800
84.75000
84.74600
84.74600
84.75900
84.76700
84.77200
84.76900
84.77300
84.78700
84.79400
84.79000
84.79900
84.80700
84.81000
84.81200
84.80700
84.80100
84.79300
84.78600
84.78800
84.78600
84.79500
84.79000
84.78900
84.79200
84.79000
84.79500
84.80500
84.80700
84.80600
84.79700
84.80100
84.79900
84.79900
84.80700
84.81800
84.81700
84.81800
84.82900
84.83300
84.84500
84.84900
84.85600
84.85700
84.86800
84.86900
84.87100
84.88200
84.87900
84.88400
84.88700
84.88100
84.88900
84.89500
84.89200
84.89100
84.89700
84.90500
84.90000
84.90700
84.90500
84.90400
84.90800
84.91300
84.92100
84.92000
84.91900
84.92300
84.91900
84.91600
84.92200
84.91600
84.90800
84.91100
84.92300
84.92900
84.93600
84.93900
84.93900
84.94000
84.93900
84.94500
84.94500
84.95700
84.96900
84.96700
84.96800
84.97400
84.97900
84.98200
84.98900
84.99200
85.00300
85.00500
85.00700
85.00900
85.01700
85.02100
85.02600
85.02100
85.01200
85.01900
85.02000
85.01700
85.01500
85.01100
85.00800
85.00200
85.01400
85.01300
85.02200
85.02900
85.03000
85.03200
85.04000
85.03500
85.03800
85.04300
85.04600
85.04700
85.05100
85.04600
85.04500
85.04800
85.05300
85.04700
85.05300
85.05200
85.05700
85.05600
85.04700
85.04700
85.05500
85.06000
85.06700
85.06800
85.06700
85.06400
85.07900
85.07300
85.07300
85.07900
85.08600
85.10100
85.10900
85.10800
85.10800
85.11600
85.12300
85.12400
85.12800
85.11700
85.11900
85.12400
85.13000
85.13600
85.14100
85.15100
85.15700
85.15500
85.16400
85.16300
85.16600
85.18000
85.17600
85.17700
85.18100
85.18000
85.18300
85.18700
85.18800
85.20200
85.20400
85.20600
85.21000
85.22300
85.22900
85.23500
85.23300
85.23700
85.24000
85.24000
85.24700
85.25800
85.26500
85.26500
85.26800
85.26600
85.26700
85.27000
85.27300
85.28100
85.29000
85.29000
85.29400
85.30000
85.29500
85.30200
85.30600
85.30900
85.31500
85.31400
85.31300
85.31100
85.31300
85.30800
85.31100
85.30700
85.31300
85.31600
85.31800
85.32300
85.32400
85.33300
85.33200
85.33600
85.33800
85.33700
85.33900
85.34600
85.35000
85.35700
85.35900
85.36300
85.36700
85.36600
85.37200
85.38300
85.38200
85.37900
85.38700
85.38600
85.38400
85.38600
85.39000
85.40300
85.40900
85.42000
85.42000
85.43300
85.43300
85.43400
85.43900
85.42700
85.42600
85.43300
85.44000
85.44300
85.45200
85.45100
85.44900
85.45400
85.45000
85.45400
85.45200
85.46700
85.46600
85.47200
85.47000
85.47100
85.47400
85.47100
85.47300
85.47100
85.47100
85.47200
85.46800
85.48300
85.49200
85.49200
85.49200
85.49400
85.49900
85.49800
85.50000
85.50400
85.49300
85.50200
85.50200
85.49900
85.50800
85.51200
85.51200
85.51600
85.51400
85.51500
85.51500
85.51500
85.51900
85.52700
85.53300
85.53200
85.53800
85.53800
85.54400
85.53100
85.53800
85.53900
85.54000
85.54500
85.54900
85.55200
85.55200
85.55600
85.56000
85.56200
85.56900
85.57100
85.58000
85.58000
85.58100
85.58800
85.58800
85.59200
85.59900
85.59900
85.59900
85.60100
85.60300
85.60700
85.61300
85.61900
85.62100
85.62600
85.61400
85.62900
85.63300
85.63900
85.64600
85.64700
85.64900
85.63400
85.63800
85.65300
85.64400
85.64400
85.65400
85.66500
85.66400
85.66400
85.67100
85.67500
85.67500
85.67700
85.67800
85.68600
85.68500
85.69200
85.68900
85.68600
85.69600
85.68700
85.69100
85.70000
85.70300
85.70500
85.70300
85.70300
85.70800
85.71600
85.70900
85.70500
85.71300
85.72500
85.73400
85.73600
85.74800
85.74600
85.74400
85.74700
85.75600
85.75700
85.75200
85.75100
85.75500
85.76100
85.76300
85.75800
85.76600
85.76100
85.76200
85.76600
85.77900
85.78200
85.79000
85.79400
85.80100
85.80600
85.80300
85.80600
85.80300
85.80300
85.80600
85.81600
85.82500
85.82400
85.82600
85.82300
85.82100
85.82000
85.82400
85.81400
85.81900
85.83100
85.83400
85.83600
85.84300
85.85400
85.84800
85.85100
85.85400
85.86800
85.87800
85.88600
85.88200
85.88200
85.88200
85.88000
85.88400
85.88700
85.88500
85.89600
85.88600
85.90100
85.89800
85.90600
85.92100
85.92400
85.93000
85.93500
85.92700
85.92200
85.93400
85.94300
85.94300
85.94700
85.94700
85.95600
85.95700
85.96900
85.97400
85.98300
85.99800
85.99700
85.99600
86.00200
86.00600
86.00300
86.01100
86.00700
86.01000
86.00900
86.01300
86.01400
86.01600
86.02100
86.02400
86.03200
86.03300
86.03400
86.03900
86.05300
86.06400
86.07500
86.07200
86.07200
86.07600
86.08200
86.09100
86.10300
86.10700
86.11200
86.12500
86.12600
86.13500
86.13600
86.13700
86.14700
86.15200
86.15200
86.15100
86.15200
86.15000
86.16400
86.17100
86.17700
86.18100
86.19100
86.19100
86.19400
86.20400
86.19600
86.19700
86.19300
86.18900
86.18900
86.19600
86.19300
86.20300
86.20100
86.20500
86.21800
86.21800
86.22800
86.22900
86.24000
86.24500
86.25300
86.25400
86.25800
86.25900
86.26000
86.26600
86.27300
86.27400
86.27600
86.27200
86.27500
86.27100
86.27400
86.27300
86.27900
86.28600
86.28300
86.29000
86.28300
86.28500
86.29000
86.30200
86.31100
86.31100
86.32200
86.33000
86.33200
86.33200
86.33300
86.34800
86.34600
86.33700
86.33700
86.33400
86.33100
86.33600
86.34700
86.35600
86.35900
86.36400
86.37400
86.37900
86.38400
86.38200
86.38800
86.38300
86.39200
86.39300
86.39900
86.40700
86.40900
86.41700
86.42000
86.41800
86.42500
86.42100
86.42100
86.42600
86.42300
86.43400
86.42700
86.41900
86.42300
86.42600
86.42600
86.43200
86.43800
86.44200
86.44700
86.45100
86.45000
86.44800
86.45200
86.45900
86.46400
86.47000
86.46600
86.46000
86.46300
86.46400
86.46400
86.46100
86.46400
86.46100
86.46000
86.46600
86.46300
86.46400
86.46300
86.47500
86.47100
86.47100
86.47300
86.47400
86.46800
86.46000
86.45500
86.46100
86.46800
86.46400
86.46900
86.47400
86.47800
86.48000
86.48500
86.48500
86.48800
86.48000
86.48500
86.49000
86.49800
86.49800
86.49800
86.49300
86.49200
86.49100
86.49100
86.49300
86.49500
86.50400
86.51200
86.51900
86.52600
86.53400
86.54600
86.54900
86.54100
86.53700
86.53500
86.54200
86.54600
86.55200
86.55600
86.56600
86.57000
86.57000
86.56900
86.57300
86.57800
86.58000
86.58800
86.59000
86.58700
86.59000
86.59200
86.59500
86.59600
86.60000
86.60000
86.60000
86.60900
86.60600
86.61200
86.60400
86.60000
86.59700
86.60100
86.60200
86.59900
86.59600
86.59600
86.59800
86.59300
86.59800
86.59700
86.59400
86.59700
86.59400
86.59800
86.60200
86.59700
86.60800
86.61000
86.61300
86.60800
86.60800
86.60400
86.61000
86.61100
86.60900
86.60500
86.60600
86.60900
86.61200
86.61500
86.61600
86.61600
86.62300
86.63100
86.63500
86.64100
86.64400
86.64300
86.64300
86.63900
86.63700
86.64200
86.65600
86.65500
86.66400
86.66200
86.66300
86.67100
86.66700
86.67700
86.68200
86.68500
86.68800
86.69500
86.69800
86.70300
86.70500
86.69800
86.69600
86.69900
86.70300
86.69700
86.69700
86.69400
86.69500
86.69500
86.70000
86.69900
86.70800
86.71300
86.70600
86.71300
86.71400
86.71400
86.71900
86.72300
86.72500
86.72500
86.72800
86.72900
86.72500
86.73200
86.73500
86.73700
86.73900
86.73500
86.73600
86.73700
86.74200
86.74300
86.73800
86.74400
86.74800
86.75300
86.74600
86.74200
86.74300
86.73800
86.74900
86.73900
86.74400
86.73900
86.74400
86.75200
86.75400
86.75700
86.75800
86.75400
86.75400
86.75400
86.75900
86.76500
86.76100
86.76700
86.76600
86.76700
86.77400
86.78100
86.78500
86.78400
86.79100
86.78800
86.78500
86.79300
86.79300
86.79200
86.78700
86.78400
86.78800
86.78600
86.78500
86.79100
86.78300
86.78300
86.77900
86.78000
86.77900
86.77500
86.77900
86.79100
86.79000
86.79600
86.79600
86.80000
86.80700
86.81500
86.81100
86.81700
86.82100
86.82600
86.82400
86.82400
86.83000
86.83000
86.82800
86.83300
86.83100
86.83600
86.83800
86.83100
86.83200
86.83300
86.83800
86.84100
86.83500
86.84100
86.84700
86.84500
86.84900
86.85400
86.85500
86.85800
86.85700
86.85500
86.86400
86.87300
86.86900
86.87000
86.87200
86.87200
86.87800
86.87400
86.87700
86.88900
86.88500
86.89400
86.89200
86.89700
86.89700
86.89900
86.90600
86.91400
86.91900
86.91800
86.92300
86.92700
86.92900
86.93400
86.93100
86.92800
86.93200
86.93000
86.93100
86.93700
86.94100
86.93800
86.94800
86.94500
86.94700
86.94500
86.95700
86.95400
86.94600
86.95400
86.96000
86.96200
86.96100
86.97000
86.97500
86.97600
86.98100
86.98700
86.99300
86.99000
86.99400
86.99600
86.99500
87.00000
87.01200
87.01500
87.01200
87.01500
87.01900
87.02000
87.02200
87.02000
87.02600
87.02300
87.03100
87.02500
87.02100
87.03300
87.03600
87.04100
87.04100
87.04500
87.04200
87.04700
87.05400
87.05300
87.05200
87.06300
87.06500
87.08000
87.08600
87.08800
87.09400
87.08900
87.09700
87.09600
87.09100
87.09900
87.09900
87.10000
87.10300
87.10800
87.11000
87.11200
87.11100
87.11800
87.11200
87.11500
87.11900
87.11600
87.12300
87.13300
87.13500
87.15000
87.15500
87.15300
87.15800
87.15400
87.15200
87.15700
87.15700
87.16400
87.16100
87.16400
87.16300
87.15900
87.16300
87.17400
87.18700
87.19400
87.19600
87.19300
87.19700
87.19800
87.20400
87.20300
87.20000
87.20300
87.21000
87.21200
87.21500
87.20500
87.20800
87.21000
87.21000
87.21600
87.21800
87.21700
87.21900
87.22100
87.23400
87.23900
87.24200
87.24100
87.24600
87.25400
87.25700
87.26400
87.26600
87.26400
87.26200
87.25500
87.26000
87.26200
87.27300
87.27500
87.28600
87.28600
87.29400
87.28700
87.28900
87.28300
87.28400
87.28400
87.28400
87.28200
87.28400
87.28900
87.29100
87.29700
87.30100
87.30900
87.31400
87.31600
87.32100
87.32400
87.31800
87.32000
87.32000
87.31900
87.32000
87.32400
87.33800
87.34200
87.34600
87.34800
87.34900
87.34500
87.34800
87.35200
87.34800
87.34900
87.35100
87.35400
87.36300
87.37100
87.37100
87.37500
87.37900
87.38000
87.37900
87.37200
87.37400
87.37700
87.37700
87.37200
87.37400
87.37600
87.37000
87.36500
87.36500
87.36400
87.37000
87.37200
87.36200
87.36300
87.36200
87.36000
87.36100
87.36800
87.36300
87.36100
87.36400
87.36300
87.36400
87.35800
87.35800
87.35900
87.36100
87.36300
87.36400
87.36900
87.37000
87.37200
87.36800
87.36500
87.36400
87.36700
87.36400
87.37000
87.36800
87.37100
87.37600
87.38000
87.39000
87.38400
87.38600
87.38700
87.39700
87.39200
87.40600
87.41200
87.41300
87.41500
87.41300
87.41700
87.41900
87.41800
87.41800
87.41800
87.42000
87.42400
87.43300
87.43700
87.44100
87.44200
87.44000
87.44500
87.44800
87.45000
87.45600
87.45600
87.45100
87.44900
87.45300
87.46200
87.46300
87.46300
87.46600
87.45900
87.46500
87.46700
87.47200
87.47800
87.47500
87.48000
87.47400
87.48700
87.49700
87.49700
87.49300
87.49600
87.50400
87.50700
87.50700
87.50500
87.50600
87.51400
87.51800
87.51900
87.52700
87.52600
87.53000
87.53100
87.53100
87.53700
87.54000
87.54300
87.53900
87.53600
87.53900
87.53700
87.53600
87.54000
87.54300
87.53300
87.54000
87.54700
87.54800
87.55700
87.56000
87.55700
87.56600
87.56500
87.57100
87.58600
87.58700
87.58500
87.59200
87.59500
87.60400
87.60000
87.60700
87.61200
87.61300
87.62300
87.61900
87.61400
87.61400
87.61700
87.62000
87.63000
87.62800
87.62600
87.63000
87.63200
87.64100
87.63800
87.64600
87.65800
87.65200
87.65300
87.65100
87.65600
87.65700
87.66200
87.66100
87.66600
87.66400
87.67000
87.67200
87.67800
87.68100
87.67800
87.68200
87.68300
87.68100
87.69400
87.69200
87.69100
87.70000
87.70100
87.69900
87.70800
87.71700
87.71500
87.72000
87.72100
87.72200
87.72300
87.72200
87.72900
87.72800
87.72800
87.73200
87.73500
87.73900
87.75000
87.75500
87.75000
87.74700
87.75300
87.75200
87.75300
87.75000
87.74600
87.75200
87.74500
87.74300
87.74700
87.74600
87.74800
87.75300
87.75600
87.75700
87.75800
87.75900
87.76200
87.76700
87.77000
87.77400
87.77300
87.77100
87.77700
87.78400
87.78400
87.78800
87.79400
87.79500
87.79900
87.79800
87.80900
87.81100
87.81200
87.81100
87.81400
87.81300
87.81200
87.82100
87.82200
87.82100
87.82400
87.82600
87.82700
87.82700
87.83000
87.84000
87.85000
87.85000
87.85400
87.85500
87.84700
87.84900
87.85000
87.86000
87.86800
87.86900
87.86900
87.87100
87.88100
87.88300
87.88500
87.89700
87.90100
87.90500
87.90400
87.90000
87.90600
87.90500
87.90700
87.90900
87.91100
87.90900
87.91000
87.90700
87.91400
87.90800
87.91400
87.91900
87.92200
87.92400
87.93400
87.93900
87.94300
87.93800
87.94500
87.94400
87.94300
87.93800
87.94000
87.94000
87.94000
87.94500
87.94500
87.94200
87.95000
87.95000
87.95200
87.95800
87.95900
87.96600
87.96900
87.96900
87.97300
87.96900
87.97100
87.97500
87.97600
87.98400
87.97700
87.98100
87.98100
87.97900
87.98100
87.98500
87.97900
87.97900
87.98200
87.97700
87.97700
87.98600
87.98400
87.98200
87.98300
87.98400
87.98400
87.98000
87.98000
87.98000
87.98300
87.98600
87.98600
87.98900
87.99200
87.99000
87.99200
87.99400
88.00200
88.00000
88.00200
88.00800
88.01200
88.01200
88.01000
88.01900
88.02300
88.02200
88.01800
88.01100
88.01600
88.01000
88.01100
88.01500
88.01700
88.02400
88.02200
88.03100
88.03200
88.03700
88.04000
88.04000
88.04200
88.03800
88.04100
88.03800
88.04200
88.04300
88.03900
88.04700
88.04500
88.04400
88.04900
88.05200
88.05400
88.05400
88.05500
88.05600
88.05300
88.05900
88.06000
88.06300
88.07100
88.06900
88.07700
88.08400
88.08600
88.09600
88.10200
88.10400
88.10900
88.11000
88.10800
88.10400
88.10200
88.10100
88.10200
88.10800
88.11000
88.11600
88.11500
88.10800
88.11300
88.11900
88.12300
88.12500
88.12700
88.13500
88.13500
88.13700
88.14000
88.14300
88.14700
88.14800
88.15000
88.15700
88.16000
88.16200
88.16500
88.16500
88.16400
88.16800
88.17400
88.17900
88.18200
88.18900
88.19100
88.19000
88.18500
88.18500
88.19100
88.19200
88.19600
88.20000
88.20100
88.21300
88.21600
88.21800
88.22600
88.23000
88.24200
88.24300
88.25100
88.25600
88.25700
88.26100
88.26300
88.26300
88.26100
88.27000
88.27600
88.27300
88.27900
88.28600
88.29000
88.29700
88.30000
88.30500
88.31300
88.31300
88.32400
88.32600
88.32900
88.33700
88.34100
88.34800
88.35200
88.35600
88.36100
88.36800
88.37500
88.37500
88.37400
88.38000
88.39000
88.40100
88.40200
88.40500
88.40500
88.40600
88.41300
88.41300
88.42100
88.42000
88.42500
88.42500
88.43100
88.44300
88.44600
88.45000
88.45400
88.45900
88.46500
88.47100
88.47200
88.47900
88.47900
88.48800
88.48600
88.48500
88.48700
88.48800
88.48800
88.49700
88.50100
88.50200
88.50300
88.50800
88.50200
88.50800
88.51300
88.51400
88.51400
88.52300
88.52500
88.52800
88.53200
88.53300
88.53200
88.53500
88.54100
88.53900
88.54400
88.54900
88.55300
88.55400
88.55300
88.55800
88.55200
88.55900
88.56000
88.56800
88.56600
88.57100
88.57700
88.58400
88.57800
88.58200
88.58500
88.58400
88.59000
88.59100
88.59600
88.60200
88.60300
88.60500
88.60800
88.61000
88.61100
88.61200
88.61200
88.61300
88.61500
88.61300
88.62300
88.62300
88.62700
88.62700
88.63700
88.64100
88.64100
88.63900
88.64100
88.64300
88.64200
88.64600
88.65000
88.65000
88.65100
88.65300
88.65200
88.65300
88.65400
88.65900
88.66100
88.65900
88.65600
88.65700
88.66200
88.66500
88.65700
88.65500
88.65900
88.66300
88.66800
88.67300
88.67500
88.68100
88.68500
88.68200
88.68400
88.68200
88.68900
88.69000
88.68200
88.68200
88.68200
88.67500
88.67700
88.67900
88.68400
88.69100
88.69100
88.69400
88.69300
88.69300
88.69500
88.69600
88.69400
88.69800
88.69500
88.69900
88.70000
88.70000
88.69900
88.70000
88.69600
88.69700
88.70000
88.70400
88.70000
88.70500
88.70600
88.70900
88.71300
88.71500
88.71700
88.71600
88.71700
88.71700
88.72300
88.72300
88.72500
88.72600
88.73700
88.74000
88.74700
88.75100
88.75100
88.75300
88.74900
88.74600
88.74600
88.74600
88.75100
88.75400
88.75300
88.75600
88.75600
88.75800
88.75800
88.76000
88.75900
88.76000
88.76100
88.76500
88.76900
88.76700
88.76300
88.76400
88.76700
88.77200
88.77000
88.76700
88.77100
88.77400
88.77800
88.78000
88.77700
88.78200
88.78200
88.77900
88.78100
88.78300
88.77900
88.78000
88.77800
88.77700
88.78400
88.78200
88.78400
88.78400
88.78200
88.78100
88.78900
88.79400
88.79500
88.80000
88.79900
88.79800
88.79900
88.80100
88.80200
88.80100
88.80800
88.80900
88.80800
88.80400
88.80300
88.81500
88.81600
88.81500
88.81300
88.81200
88.80600
88.81000
88.80900
88.81300
88.82200
88.82900
88.83300
88.83600
88.83900
88.84100
88.84200
88.84500
88.84300
88.84400
88.84600
88.84800
88.85400
88.85900
88.86200
88.86300
88.86300
88.86700
88.86600
88.86900
88.87600
88.87600
88.88200
88.88700
88.88900
88.89500
88.89700
88.90400
88.90500
88.90400
88.90300
88.90900
88.91600
88.91400
88.91300
88.91900
88.92100
88.92300
88.92300
88.92000
88.92100
88.92700
88.93200
88.93300
88.93500
88.94100
88.94400
88.94700
88.95000
88.96200
88.96200
88.96400
88.96700
88.96300
88.96900
88.96800
88.97200
88.97600
88.97500
88.98000
88.98300
88.98300
88.98500
88.98800
88.99400
88.99700
89.00400
89.00600
89.00300
89.00700
89.00600
89.01100
89.01100
89.01600
89.02100
89.02200
89.03200
89.03000
89.03600
89.04400
89.04400
89.05000
89.05300
89.05400
89.05200
89.04800
89.05500
89.05100
89.04900
89.05300
89.05600
89.05200
89.05700
89.05800
89.06500
89.06900
89.06900
89.06800
89.07400
89.07300
89.08000
89.07600
89.07800
89.08000
89.07800
89.08100
89.08500
89.08600
89.09000
89.09500
89.10100
89.10400
89.10400
89.10700
89.11200
89.12100
89.12100
89.12700
89.13100
89.13500
89.13800
89.13900
89.14800
89.14900
89.15500
89.15700
89.16100
89.16300
89.16400
89.17000
89.17400
89.17300
89.17100
89.17900
89.18700
89.18800
89.19100
89.19300
89.19700
89.19600
89.19600
89.19800
89.19500
89.19500
89.20100
89.20200
89.20400
89.20400
89.20900
89.21600
89.21800
89.22100
89.22100
89.22300
89.22300
89.22500
89.22800
89.23800
89.23800
89.24300
89.24900
89.25200
89.25900
89.26300
89.26600
89.26900
89.27000
89.27300
89.27700
89.28800
89.29300
89.29300
89.30100
89.30700
89.30500
89.30300
89.30800
89.31000
89.31600
89.31300
89.31400
89.31300
89.31900
89.31200
89.31500
89.31800
89.32300
89.33000
89.33300
89.33500
89.33900
89.34300
89.35000
89.35700
89.36000
89.36200
89.36300
89.37000
89.37400
89.38000
89.38200
89.38200
89.38600
89.38700
89.38500
89.38800
89.39300
89.39600
89.40900
89.41200
89.42200
89.42400
89.42700
89.43200
89.43300
89.43200
89.43700
89.44000
89.44300
89.44800
89.45000
89.44800
89.45200
89.45200
89.46100
89.46700
89.47200
89.47100
89.46800
89.47200
89.47100
89.46900
89.47100
89.47800
89.48300
89.48900
89.49100
89.49400
89.50000
89.50300
89.50200
89.50600
89.50700
89.51400
89.51500
89.51900
89.52000
89.52500
89.52500
89.53000
89.53500
89.53900
89.54700
89.55000
89.54900
89.55000
89.55100
89.55000
89.54900
89.55000
89.55300
89.56300
89.56000
89.55700
89.56000
89.56300
89.57100
89.57200
89.57800
89.57900
89.58500
89.58500
89.58500
89.58400
89.57700
89.58600
89.58400
89.58500
89.58700
89.58900
89.59100
89.59000
89.59600
89.60500
89.60300
89.60200
89.60400
89.60800
89.61100
89.61000
89.61100
89.61500
89.61800
89.61700
89.62300
89.62300
89.63100
89.63300
89.63900
89.64200
89.63700
89.63700
89.63800
89.63200
89.63800
89.63300
89.63500
89.63800
89.64600
89.65000
89.64800
89.65400
89.65500
89.66300
89.66200
89.66100
89.66100
89.66400
89.66500
89.66600
89.67000
89.66500
89.66800
89.67300
89.67400
89.67900
89.68300
89.68000
89.68000
89.67700
89.67800
89.68300
89.68800
89.68800
89.69300
89.69500
89.70000
89.70000
89.70200
89.70500
89.70300
89.70900
89.70700
89.70600
89.71400
89.71500
89.72100
89.72400
89.72200
89.72400
89.72500
89.72800
89.73200
89.73500
89.73300
89.73200
89.73700
89.74300
89.74800
89.74900
89.75000
89.75000
89.75300
89.75500
89.75100
89.75300
89.76000
89.76500
89.76900
89.77000
89.77300
89.77600
89.77700
89.78100
89.78500
89.78900
89.79100
89.79400
89.79900
89.80000
89.80100
89.80300
89.79900
89.80200
89.80100
89.80600
89.81100
89.81400
89.81400
89.82000
89.82200
89.82300
89.82300
89.82600
89.82100
89.82800
89.83200
89.83100
89.82600
89.82600
89.82900
89.83000
89.83100
89.83100
89.83000
89.83600
89.83600
89.84000
89.83500
89.83400
89.83800
89.84000
89.84300
89.84500
89.84300
89.84800
89.84900
89.85400
89.85400
89.85100
89.85000
89.85300
89.85900
89.85800
89.85800
89.85600
89.85600
89.86400
89.87000
89.87300
89.87300
89.87400
89.87700
89.88000
89.88000
89.88300
89.88600
89.88900
89.89000
89.89800
89.90000
89.90400
89.90800
89.91000
89.91000
89.90900
89.91200
89.91200
89.91800
89.92100
89.92100
89.92300
89.92600
89.93000
89.94000
89.94400
89.94600
89.94800
89.95200
89.96000
89.96200
89.96900
89.97500
89.97900
89.97900
89.98600
89.98900
89.99500
89.99500
90.00100
90.00200
90.00200
89.99900
90.00400
90.00700
90.00900
90.01300
90.01500
90.01700
90.01200
90.01500
90.02300
90.02700
90.02700
90.02100
90.02300
90.02800
90.03400
90.03600
90.03700
90.04100
90.04300
90.04900
90.05600
90.06000
90.06100
90.06500
90.07200
90.07000
90.07200
90.07700
90.07900
90.07700
90.08200
90.08300
90.08200
90.08400
90.08500
90.08800
90.08800
90.08900
90.09600
90.09300
90.09900
90.09300
90.09600
90.09400
90.09300
90.09400
90.09900
90.09900
90.09800
90.10200
90.10800
90.10600
90.10500
90.10900
90.11200
90.11300
90.10800
90.11200
90.11800
90.12300
90.12800
90.13400
90.14000
90.14500
90.15400
90.15000
90.15500
90.15700
90.16100
90.16100
90.15900
90.16600
90.16900
90.17400
90.17300
90.17700
90.18400
90.18200
90.18000
90.18000
90.18100
90.17600
90.18500
90.19100
90.19500
90.19800
90.19900
90.20100
90.20700
90.21300
90.20900
90.21500
90.21600
90.21700
90.22400
90.22100
90.22300
90.22600
90.22600
90.23100
90.23500
90.23300
90.23500
90.23400
90.23200
90.22800
90.22800
90.23000
90.23500
90.23200
90.23100
90.23100
90.23700
90.24400
90.25300
90.25700
90.26100
90.26000
90.26100
90.26200
90.26100
90.26200
90.26000
90.25600
90.25700
90.25500
90.25900
90.26100
90.25800
90.26100
90.26300
90.26500
90.26500
90.26600
90.26900
90.27200
90.27700
90.27200
90.27500
90.27500
90.27800
90.28300
90.29100
90.29200
90.29200
90.29300
90.29300
90.29500
90.29400
90.29700
90.29800
90.30000
90.30400
90.30300
90.30400
90.30800
90.30800
90.31300
90.31400
90.31300
90.31500
90.31800
90.32000
90.32000
90.31400
90.31500
90.31600
90.31500
90.31800
90.31900
90.31900
90.31900
90.31700
90.31500
90.31500
90.32100
90.31900
90.32100
90.32600
90.32600
90.33100
90.32900
90.33300
90.33300
90.32400
90.32700
90.32900
90.33500
90.33900
90.33700
90.33900
90.33800
90.34300
90.34300
90.34300
90.34500
90.35100
90.34900
90.34800
90.34100
90.33800
90.33600
90.34700
90.34900
90.34900
90.34900
90.35400
90.35700
90.36200
90.36100
90.36100
90.36600
90.37200
90.37500
90.37700
90.37600
90.37700
90.37600
90.37400
90.36900
90.37300
90.37200
90.37300
90.37400
90.37600
90.37600
90.37700
90.37700
90.37500
90.37200
90.37200
90.37300
90.37500
90.37700
90.37800
90.37700
90.37500
90.37800
90.37800
90.37900
90.37700
90.38400
90.38800
90.38900
90.38800
90.39000
90.38900
90.39100
90.39600
90.40100
90.39700
90.39700
90.39800
90.40000
90.40000
90.39900
90.40100
90.39900
90.40300
90.40300
90.40600
90.40300
90.41000
90.40900
90.40600
90.40900
90.41100
90.41600
90.41500
90.41600
90.41700
90.41700
90.41800
90.41400
90.41700
90.41700
90.41800
90.42100
90.42400
90.42700
90.42500
90.42900
90.43300
90.43500
90.43900
90.44300
90.44600
90.44600
90.44300
90.44200
90.44700
90.44900
90.45100
90.45200
90.45700
90.45900
90.47000
90.46400
90.46400
90.46300
90.46500
90.46800
90.47400
90.47700
90.47400
90.46800
90.46700
90.47000
90.46800
90.46900
90.47200
90.47300
90.47400
90.47500
90.47800
90.47600
90.47900
90.47600
90.47700
90.47900
90.48400
90.49200
90.48900
90.49000
90.49000
90.49500
90.49500
90.50000
90.49700
90.49900
90.49700
90.49100
90.49500
90.49900
90.50200
90.50300
90.50600
90.51400
90.51700
90.52000
90.52200
90.52600
90.52800
90.53100
90.53400
90.53800
90.54000
90.54100
90.54600
90.54900
90.54800
90.55100
90.56100
90.56600
90.56800
90.56300
90.56600
90.56800
90.57200
90.57500
90.57500
90.57700
90.59000
90.59000
90.59200
90.58900
90.59100
90.59600
90.59800
90.60400
90.60400
90.60300
90.60700
90.61600
90.61900
90.62200
90.62500
90.62700
90.62700
90.62900
90.63700
90.63700
90.64200
90.64500
90.65000
90.65100
90.64800
90.65200
90.65300
90.65800
90.66300
90.66300
90.66500
90.66500
90.66300
90.66500
90.66800
90.67400
90.68100
90.68300
90.68000
90.68200
90.68400
90.67900
90.68100
90.68800
90.68900
90.69400
90.69600
90.70000
90.70300
90.69900
90.70500
90.70800
90.71000
90.71500
90.71200
90.71200
90.71500
90.71500
90.71200
90.71900
90.72100
90.72400
90.72400
90.72500
90.72400
90.72200
90.72800
90.72700
90.72800
90.73100
90.73000
90.73700
90.74600
90.75300
90.75600
90.75600
90.75600
90.75900
90.76100
90.76700
90.77300
90.77400
90.77300
90.77600
90.78500
90.78600
90.78700
90.79600
90.80000
90.80400
90.80800
90.80600
90.80900
90.81300
90.81500
90.82200
90.82200
90.82300
90.82300
90.82500
90.82700
90.82600
90.82600
90.83000
90.83000
90.83200
90.83500
90.83600
90.83200
90.83600
90.83400
90.83900
90.84200
90.84300
90.84900
90.85200
90.85300
90.85600
90.85800
90.85600
90.86000
90.86000
90.86400
90.86600
90.86600
90.86800
90.87400
90.87100
90.87700
90.87900
90.88300
90.88500
90.88800
90.89300
90.89600
90.89500
90.89800
90.89800
90.90500
90.90100
90.90500
90.90400
90.90900
90.91200
90.91700
90.92300
90.92500
90.92400
90.92600
90.93000
90.92800
90.92800
90.92900
90.92900
90.93200
90.93400
90.93400
90.93400
90.93800
90.94000
90.94600
90.95100
90.95400
90.95400
90.95300
90.94900
90.95100
90.95400
90.95700
90.95800
90.95700
90.95700
90.96200
90.96900
90.97000
90.97500
90.98000
90.98300
90.98100
90.98500
90.98700
90.99000
90.99500
90.99900
91.00200
91.00400
91.00600
91.00900
91.00900
91.01400
91.01600
91.01500
91.01500
91.01800
91.02500
91.02600
91.02500
91.03000
91.02700
91.03200
91.03200
91.03500
91.04100
91.04300
91.04600
91.04400
91.04700
91.04800
91.04400
91.04500
91.04400
91.04900
91.05000
91.05200
91.05400
91.05400
91.05500
91.06200
91.06200
91.06200
91.06400
91.07100
91.07200
91.07600
91.08000
91.07600
91.07600
91.07800
91.07500
91.07600
91.07900
91.08400
91.08600
91.08900
91.08800
91.09000
91.09700
91.09300
91.09200
91.09200
91.09700
91.09700
91.10300
91.10700
91.11200
91.11300
91.11200
91.10700
91.10800
91.11700
91.11800
91.12200
91.11700
91.11700
91.12000
91.12300
91.12500
91.12400
91.12600
91.13200
91.13000
91.13200
91.13200
91.13500
91.13400
91.13400
91.13600
91.13600
91.13900
91.14600
91.14800
91.15200
91.15900
91.16100
91.17000
91.17400
91.17900
91.18300
91.18800
91.18800
91.19100
91.19700
91.20000
91.20100
91.20500
91.20700
91.20800
91.21400
91.21700
91.21900
91.22900
91.23200
91.23500
91.24100
91.24200
91.24800
91.25000
91.25100
91.25900
91.26400
91.26400
91.26900
91.27600
91.27700
91.27900
91.28200
91.28700
91.29100
91.29000
91.29300
91.29400
91.29600
91.30100
91.30700
91.31100
91.31300
91.31400
91.31700
91.32400
91.32800
91.33300
91.33600
91.33800
91.34100
91.34200
91.34400
91.34700
91.35200
91.35600
91.35800
91.36400
91.37200
91.37500
91.38000
91.38300
91.38700
91.39200
91.39500
91.39800
91.40200
91.40500
91.40600
91.41100
91.41700
91.41800
91.42400
91.43100
91.43400
91.43600
91.44000
91.44200
91.44700
91.44800
91.44800
91.45000
91.45300
91.45600
91.46500
91.46800
91.47100
91.47500
91.48000
91.48100
91.48300
91.48500
91.48900
91.49000
91.49700
91.49900
91.50100
91.50100
91.50200
91.50500
91.50600
91.50700
91.50900
91.51000
91.51300
91.51900
91.52200
91.52800
91.53100
91.53500
91.53500
91.53700
91.54200
91.54300
91.54600
91.54900
91.54900
91.55100
91.55200
91.55400
91.55500
91.55800
91.56300
91.56200
91.56400
91.56700
91.56900
91.56800
91.56700
91.56600
91.56900
91.57500
91.57400
91.57400
91.57500
91.57700
91.57800
91.57900
91.58100
91.58100
91.58200
91.58400
91.58600
91.58900
91.59300
91.59300
91.59300
91.59500
91.59800
91.59800
91.59700
91.59700
91.59900
91.60000
91.60200
91.60500
91.61000
91.60900
91.60900
91.61100
91.61300
91.61200
91.61000
91.60900
91.60900
91.61100
91.60900
91.60900
91.61200
91.61200
91.61100
91.61100
91.61200
91.61300
91.61300
91.61500
91.61500
91.61800
91.61700
91.62000
91.62100
91.62200
91.62300
91.62400
91.62500
91.62600
91.62900
91.62900
91.63000
91.62600
91.62400
91.62600
91.62700
91.62800
91.62900
91.62600
91.62600
91.62500
91.62500
91.62500
91.62700
91.62700
91.62700
91.62600
91.62900
91.62800
91.62600
91.62600
91.62700
91.62500
91.62800
91.62900
91.62800
91.62700
91.62500
91.62800
91.62600
91.62500
91.62400
91.62600
91.62500
91.62400
91.62300
91.62400
91.62300
91.62200
91.62400
91.62200
91.62000
91.62200
91.62100
91.62200
91.62200
91.62200
91.62300
91.62300
91.62100
91.61900
91.61800
91.61800
91.62100
91.62200
91.62100
91.62500
91.62500
91.62500
91.62500
91.62500
91.62400
91.62300
91.62200
91.62200
91.62100
91.62400
91.62600
91.62500
91.62400
91.62200
91.62200
91.62100
91.61900
91.61700
91.61600
91.61200
91.61300
91.61200
91.61400
91.61500
91.61600
91.61600
91.61600
91.61600
91.61500
91.61700
91.61700
91.61600
91.61600
91.61300
91.61400
91.61400
91.61200
91.61100
91.61100
91.60900
91.60700
91.60400
91.60200
91.60100
91.60200
91.59800
91.59800
91.59700
91.59500
91.59400
91.59200
91.59200
91.59000
91.58900
91.58800
91.58700
91.58400
91.58800
91.58700
91.58500
91.58700
91.58700
91.58300
91.58200
91.57900
91.57900
91.58200
91.57900
91.58000
91.58000
91.57900
91.57600
91.57900
91.58100
91.57800
91.57600
91.57600
91.57900
91.57900
91.57800
91.57600
91.57900
91.57900
91.57700
91.57500
91.57600
91.57400
91.57400
91.57500
91.57300
91.56900
91.56700
91.56800
91.56500
91.56500
91.56300
91.56100
91.56100
91.56100
91.56000
91.56000
91.55900
91.56000
91.56100
91.56300
91.56200
91.56200
91.56000
91.56300
91.56200
91.55900
91.55800
91.55600
91.55700
91.55800
91.56000
91.55700
91.55900
91.56100
91.56100
91.55900
91.55500
91.55100
91.55100
91.55100
91.55100
91.55200
91.55200
91.55200
91.55200
91.55200
91.55000
91.55100
91.55200
91.54900
91.54500
91.54400
91.54200
91.53900
91.53700
91.53400
91.53700
91.53500
91.53200
91.52900
91.52500
91.52600
91.52300
91.52200
91.52300
91.52300
91.52300
91.52300
91.52300
91.52300
91.52000
91.52000
91.52100
91.52200
91.52500
91.52300
91.52200
91.52100
91.52200
91.51900
91.51800
91.51500
91.51500
91.51200
91.51000
91.50900
91.51000
91.50900
91.50800
91.50700
91.50300
91.50200
91.50200
91.50100
91.49800
91.50000
91.50000
91.50300
91.50000
91.49400
91.49400
91.49200
91.49100
91.49000
91.48800
91.48600
91.48500
91.48400
91.47900
91.47300
91.47200
91.47300
91.46800
91.46400
91.46500
91.46300
91.46300
91.46300
91.46200
91.46100
91.45500
91.45300
91.45200
91.44800
91.44800
91.44300
91.44300
91.43900
91.43700
91.43700
91.43700
91.43400
91.43300
91.42700
91.42800
91.42700
91.42400
91.42600
91.42300
91.42200
91.42300
91.42200
91.42000
91.41900
91.42100
91.42000
91.41500
91.41500
91.41200
91.41100
91.40800
91.40300
91.39900
91.39900
91.40000
91.39100
91.38900
91.39100
91.39000
91.38900
91.38800
91.38600
91.38300
91.38200
91.37900
91.37900
91.37700
91.37800
91.37700
91.37400
91.37000
91.37000
91.36800
91.36600
91.36400
91.36500
91.36500
91.36000
91.36100
91.35900
91.35600
91.35400
91.35400
91.34900
91.34600
91.34400
91.34500
91.34500
91.34600
91.34400
91.34400
91.34200
91.34100
91.34100
91.33800
91.33800
91.33700
91.33500
91.33200
91.33300
91.33000
91.32900
91.32800
91.32800
91.32600
91.32600
91.32400
91.32300
91.32200
91.32100
91.31800
91.31600
91.31200
91.30800
91.30800
91.30900
91.30800
91.30700
91.30500
91.30200
91.30300
91.30300
91.30100
91.30300
91.30100
91.30000
91.29700
91.29600
91.29600
91.29300
91.29200
91.29300
91.29100
91.28900
91.28700
91.28400
91.28200
91.27900
91.27600
91.27600
91.27300
91.27200
91.27000
91.27000
91.26800
91.26400
91.26200
91.26500
91.26500
91.26500
91.26300
91.26200
91.26100
91.26000
91.26000
91.25900
91.25600
91.25800
91.25700
91.25300
91.25100
91.25000
91.24800
91.24500
91.24100
91.24300
91.23900
91.23700
91.23300
91.22900
91.22800
91.22800
91.22800
91.22700
91.23000
91.22700
91.22200
91.22300
91.21900
91.21500
91.21500
91.21600
91.21700
91.21500
91.21100
91.20700
91.20500
91.20300
91.20200
91.20000
91.19700
91.19400
91.19400
91.19300
91.19200
91.19000
91.18800
91.18300
91.18200
91.18400
91.18200
91.18000
91.17700
91.17400
91.17400
91.17200
91.16500
91.16300
91.16200
91.16000
91.16000
91.16000
91.15800
91.15700
91.15500
91.15400
91.14900
91.14500
91.14400
91.14400
91.14300
91.13800
91.13500
91.13400
91.13300
91.13000
91.12600
91.12500
91.12200
91.12100
91.12000
91.11900
91.12000
91.11500
91.11600
91.11600
91.11500
91.11000
91.11000
91.10900
91.10800
91.10500
91.10200
91.10000
91.09700
91.09500
91.09400
91.09400
91.09100
91.08600
91.08600
91.08300
91.08200
91.07900
91.07700
91.07300
91.07300
91.07300
91.07000
91.06800
91.06700
91.06400
91.06400
91.06400
91.06400
91.06600
91.06400
91.06500
91.06300
91.06100
91.05800
91.05700
91.05500
91.05200
91.05100
91.04900
91.04800
91.04600
91.04400
91.04300
91.04000
91.03700
91.03500
91.03100
91.02900
91.02800
91.02400
91.02200
91.01900
91.01900
91.01800
91.01600
91.01500
91.01300
91.01200
91.01600
91.01300
91.01100
91.01100
91.00700
91.00800
91.00600
91.00500
91.00300
91.00300
91.00200
91.00100
90.99700
90.99500
90.99100
90.99000
90.99100
90.98800
90.98500
90.98200
90.98200
90.98300
90.98200
90.98200
90.98100
90.98300
90.98100
90.97900
90.97900
90.97900
90.97700
90.97700
90.97800
90.97700
90.97600
90.97300
90.97200
90.96800
90.96500
90.96300
90.96300
90.96100
90.95800
90.95800
90.95600
90.95600
90.95500
90.95200
90.95200
90.95300
90.95400
90.95200
90.95000
90.94600
90.94600
90.94600
90.94300
90.94000
90.93900
90.93800
90.93900
90.94000
90.93800
90.93700
90.93800
90.93700
90.93700
90.93500
90.93600
90.93700
90.93400
90.93300
90.93200
90.93100
90.93100
90.92900
90.92800
90.92800
90.92700
90.92500
90.92300
90.92800
90.92600
90.92300
90.92200
90.92200
90.92100
90.91800
90.91700
90.91400
90.91700
90.91400
90.91500
90.91500
90.91500
90.91200
90.91200
90.91100
90.91000
90.90700
90.90800
90.90600
90.90700
90.90400
90.90300
90.90000
90.90000
90.90000
90.89800
90.89400
90.89400
90.89300
90.89100
90.89000
90.88700
90.88700
90.88500
90.88500
90.88300
90.88100
90.88100
90.88000
90.88200
90.87800
90.87800
90.87500
90.87300
90.87200
90.87000
90.86800
90.86700
90.86500
90.86300
90.85900
90.85800
90.85400
90.85300
90.85300
90.85000
90.84600
90.84500
90.84400
90.84400
90.84400
90.84300
90.84100
90.84000
90.83600
90.83300
90.83200
90.83100
90.82600
90.82500
90.82500
90.82300
90.82100
90.81900
90.81700
90.81600
90.81500
90.81200
90.81200
90.81200
90.81000
90.80900
90.81100
90.81000
90.80900
90.80500
90.80400
90.80000
90.79800
90.79500
90.79400
90.79100
90.79000
90.79000
90.79000
90.78600
90.78500
90.78400
90.78200
90.78100
90.78100
90.77800
90.77500
90.77500
90.77400
90.77200
90.77000
90.77000
90.76600
90.76500
90.76400
90.76300
90.76200
90.76100
90.75700
90.75600
90.75400
90.75500
90.75300
90.75200
90.75100
90.74900
90.74900
90.74900
90.74600
90.74300
90.74100
90.73800
90.73800
90.73700
90.73700
90.73600
90.73400
90.73200
90.73000
90.72900
90.72800
90.72600
90.72300
90.72300
90.72200
90.71900
90.71700
90.71700
90.71500
90.71400
90.71100
90.71100
90.71000
90.70700
90.70700
90.70400
90.70500
90.70300
90.70000
90.69900
90.69700
90.69600
90.69400
90.69000
90.68900
90.68700
90.68700
90.68700
90.68500
90.68300
90.68400
90.68200
90.68100
90.67900
90.67400
90.67500
90.67300
90.67300
90.67100
90.66800
90.66900
90.66600
90.66400
90.66200
90.66200
90.66200
90.66200
90.65800
90.65500
90.65400
90.65300
90.65000
90.64800
90.64700
90.64500
90.64100
90.64000
90.63900
90.63500
90.63500
90.63400
90.63200
90.63000
90.63000
90.63000
90.62600
90.62600
90.62600
90.62200
90.62200
90.62300
90.62300
90.62000
90.61600
90.61500
90.61400
90.61100
90.60700
90.60800
90.60800
90.60700
90.60700
90.60600
90.60600
90.60600
90.60400
90.60200
90.60000
90.60100
90.60000
90.60200
90.60300
90.60200
90.60200
90.60300
90.60200
90.60100
90.60200
90.60000
90.60000
90.60100
90.60200
90.59900
90.59900
90.59800
90.59800
90.59800
90.59800
90.59800
90.59800
90.59700
90.59700
90.59700
90.59500
90.59300
90.59000
90.59000
90.59000
90.58900
90.59000
90.59000
90.58800
90.58800
90.58600
90.58600
90.58400
90.58400
90.58400
90.58400
90.58200
90.58100
90.58000
90.57900
90.57600
90.57600
90.57500
90.57600
90.57400
90.57300
90.57400
90.57400
90.57400
90.57200
90.57100
90.56900
90.57000
90.57000
90.57000
90.56800
90.56700
90.56600
90.56700
90.56700
90.56600
90.56800
90.56600
90.56600
90.56600
90.56400
90.56400
90.56400
90.56300
90.56200
90.56100
90.56100
90.56000
90.56000
90.56000
90.56000
90.55900
90.55800
90.55800
90.56000
90.55900
90.55900
90.55900
90.55700
90.55500
90.55600
90.55700
90.55700
90.55600
90.55600
90.55500
90.55600
90.55600
90.55600
90.55700
90.55800
90.55900
90.55900
90.55800
90.55900
90.55800
90.55700
90.55500
90.55400
90.55500
90.55500
90.55500
90.55400
90.55400
90.55300
90.55300
90.55300
90.55200
90.55200
90.55200
90.55200
90.55100
90.55100
90.55000
90.55000
90.55000
90.55100
90.55100
90.55100
90.55000
90.54900
90.54900
90.55000
90.54700
90.54700
90.54800
90.54700
90.54800
90.54800
90.54800
90.54800
90.54700
90.54600
90.54600
90.54700
90.54600
90.54600
90.54400
90.54300
90.54200
90.54200
90.54200
90.54200
90.54200
90.54300
90.54300
90.54200
90.54200
90.54200
90.54200
90.54100
90.54100
90.54200
90.54200
90.54400
90.54400
90.54400
90.54300
90.54300
90.54300
90.54300
90.54400
90.54300
90.54200
90.54200
90.54200
90.54200
90.54200
90.54100
90.54000
90.53900
90.54000
90.54000
90.53900
90.53900
90.53800
90.53800
90.53800
90.53800
90.53800
90.53700
90.53900
90.53900
90.54000
90.54000
90.54000
90.53900
90.53800
90.53800
90.53800
90.53700
90.53700
90.53700
90.53700
90.53600
90.53600
90.53700
90.53800
90.53700
90.53700
90.53700
90.53700
90.53700
90.53500
90.53500
90.53600
90.53600
90.53600
90.53600
90.53600
90.53600
90.53600
90.53700
90.53700
90.53700
90.53700
90.53500
90.53500
90.53500
90.53600
90.53600
90.53500
90.53500
90.53600
90.53600
90.53600
90.53500
90.53600
90.53500
90.53500
90.53600
90.53700
90.53700
90.53700
90.53800
90.53800
90.53700
90.53700
90.53800
90.53900
90.53900
90.53800
90.53900
90.53900
90.53900
90.53900
90.53900
90.53900
90.54000
90.53900
90.53900
90.53900
90.53900
90.53900
90.53900
90.54000
90.54000
90.54000
90.54000
90.54000
90.54100
90.54200
90.54200
90.54300
90.54300
90.54300
90.54300
90.54400
90.54500
90.54500
90.54500
90.54500
90.54500
90.54500
90.54600
90.54600
90.54700
90.54700
90.54700
90.54700
90.54900
90.54900
90.55000
90.55000
90.55000
90.55000
90.55000
90.55100
90.55100
90.55100
90.55100
90.55200
90.55200
90.55300
90.55300
90.55300
90.55400
90.55400
90.55500
90.55500
90.55500
90.55600
90.55600
90.55600
90.55600
90.55600
90.55600
90.55600
90.55800
90.55800
90.56000
90.56000
90.56100
90.56100
90.56100
90.56100
90.56100
90.56100
90.56200
90.56200
90.56300
90.56400
90.56400
90.56400
90.56500
90.56500
90.56500
90.56500
90.56600
90.56600
90.56700
90.56700
90.56700
90.56700
90.56700
90.57000
90.57000
90.57000
90.57100
90.57100
90.57100
90.57100
90.57100
90.57200
90.57200
90.57200
90.57200
90.57300
90.57400
90.57500
90.57500
90.57500
90.57500
90.57700
90.57800
90.06778
90.06778
90.06889
90.06889
90.07000
90.07000
90.07000
90.07000
90.07111
90.07111
90.07111
90.07111
90.07111
90.07111
90.07222
90.07222
90.07333
90.07444
90.07444
90.07556
90.07778
90.07778
90.07889
90.07889
90.08000
90.08000
90.08111
90.08111
90.08111
90.08111
90.08111
90.08222
90.08333
90.08333
90.08333
90.08333
90.08444
90.08556
90.08556
90.08556
90.08556
90.08556
90.08667
90.08667
90.08778
90.08778
90.08889
90.09111
90.09111
90.09333
90.09444
90.09444
90.09556
90.09556
90.09667
90.09667
90.09667
90.09667
90.09778
90.09889
90.09889
90.09889
90.09889
90.09889
90.10000
90.10000
90.10000
90.10111
90.10222
90.10222
90.10444
90.10556
90.10556
90.10556
90.10667
90.10667
90.10667
90.10667
90.10778
90.10778
90.10778
90.10778
90.10778
90.10889
90.11000
90.11000
90.11000
90.11111
90.11333
90.11444
90.11444
90.11444
90.11444
90.11556
90.11556
90.11556
90.11556
90.11667
90.11667
90.11667
90.11778
90.12000
90.12000
90.12000
90.12111
88.53714
88.53714
88.53714
88.53857
88.53857
88.53857
88.53857
88.53857
88.54000
88.54000
88.54000
88.54000
88.54000
88.54286
88.54429
88.54429
88.54571
88.54571
88.54714
88.54714
88.54714
88.54714
88.54714
88.54571
88.54571
88.54714
88.54714
88.54857
88.54857
88.54857
88.55000
88.55000
88.55000
88.55000
88.55143
88.55286
88.55286
88.55429
88.55429
88.55571
88.55714
88.55714
88.55714
88.55714
88.55857
88.55857
88.55857
88.56000
88.56000
88.56000
88.56000
88.56000
88.56000
88.56000
88.56000
88.56000
88.56286
88.56429
88.56429
88.56429
88.56429
88.56571
88.56571
88.56857
88.57000
88.57000
88.57000
88.24333
88.24500
88.24500
88.24500
88.24500
88.24500
88.24833
88.24833
87.10600
87.10800
87.10800
87.10800
87.10800
87.11000
87.11000
87.11000
87.11000
87.11000
87.11000
87.11200
87.11200
87.11400
87.11400
87.11600
87.11600
87.11600
87.11600
87.11800
87.11800
87.11800
87.12000
87.12200
87.12400
87.12600
87.12600
87.12600
87.12600
87.12600
87.12600
87.12600
87.12600
87.13000
87.13000
87.13200
87.13200
87.13200
87.13200
87.13200
87.13200
87.13400
87.13400
87.13600
87.13600
87.14200
87.14400
87.14600
87.14600
87.14600
87.14600
87.14600
87.14800
87.14800
87.14800
87.14800
87.14800
87.15000
87.15000
87.15000
87.15200
87.15400
87.15600
87.15600
87.15600
87.15600
87.15600
87.15600
87.15600
87.15800
87.16000
87.16000
87.16200
87.16400
87.16600
87.16600
87.16600
87.16800
87.16800
87.16800
87.17200
87.17200
87.17200
87.17600
87.17600
87.17600
87.17600
87.17600
87.17600
87.17600
87.17600
87.17600
87.17800
87.18200
87.18400
87.18600
87.18800
87.18800
87.18800
87.19000
87.19000
87.19000
87.19000
87.19400
87.19400
87.19800
87.19800
87.20000
87.20000
87.20000
87.20000
87.20000
87.20400
87.20400
87.20400
87.20400
87.20800
87.20800
87.21000
87.21000
87.21200
87.21600
87.21600
87.21800
87.22000
87.22000
87.22000
87.22000
87.22400
87.22400
87.87000
87.87000
87.87000
87.87000
87.87000
87.87000
87.87000
87.87000
87.87250
87.87250
87.87250
87.87250
87.87250
87.87250
87.87500
87.87750
87.87750
87.87750
87.88250
87.88250
87.88250
87.88250
87.88250
87.88250
87.88500
87.88500
86.47667
86.47667
86.47667
86.48000
86.48000
86.48000
86.48000
86.48000
86.48000
86.48333
86.48333
86.48333
86.48333
86.48333
86.48333
86.48333
86.48333
86.48333
86.48333
86.48333
86.48333
86.48333
86.48667
86.48667
86.48667
86.48667
86.48667
86.49000
86.49000
86.49000
86.49000
86.49000
86.49000
86.49000
86.49000
86.49000
86.49000
86.49000
86.49000
86.49000
86.49000
86.49667
86.49667
86.49667
86.49667
86.49667
86.49667
86.49667
86.49667
86.49667
86.50000
86.50000
86.50000
86.50000
86.50000
86.50000
86.50000
86.50000
86.50333
86.50333
86.50333
86.50333
86.50333
86.50333
86.50333
86.50333
86.50333
86.50333
86.50333
86.50333
86.50333
86.50333
86.50333
86.50333
86.50333
86.50333
86.50333
86.50667
86.50667
86.50667
86.50667
86.50667
86.51000
86.51000
86.51000
86.51000
86.51000
86.51000
86.51000
86.51000
86.51000
82.42500
82.42500
82.42500
82.42500
82.43000
82.43000
82.43000
82.43000
82.43000
82.43000
82.43000
82.43000
82.43000
82.43000
82.43000
82.43000
82.42500
82.42500
82.42500
82.42500
82.42500
82.42500
82.42500
82.43000
82.43000
82.42500
82.42500
82.42500
82.42500
82.42500
82.42500
82.42500
82.42500
82.42500
82.42500
82.42500
82.42500
82.42500
82.42500
82.43000
82.43000
82.42500
82.42500
82.42500
82.42500
82.42500
82.42500
82.42500
82.42000
82.42000
82.42000
82.42000
82.42000
82.42000
82.42000
82.42500
82.42500
82.42500
82.42500
82.42500
82.42500
82.42500
82.42500
82.42500
82.42000
82.42000
82.42000
82.42000
82.42000
82.42000
82.42000
82.42000
82.42000
82.42000
82.42000
82.42000
82.42000
82.42000
82.42000
82.42000
82.42000
82.41500
82.42000
82.42000
82.42000
82.42000
82.42000
82.42000
82.42000
82.42000
82.42000
82.42000
81.56000
81.56000
81.56000
81.56000
81.56000
81.56000
81.56000
81.56000
81.56000
81.56000
81.56000
81.56000
81.56000
81.56000
81.56000
81.56000
81.56000
81.56000
81.56000
81.56000
81.56000
81.56000
81.56000
81.56000
81.56000
81.56000
81.56000
81.56000
81.56000
81.56000
81.56000
81.56000
81.56000
81.56000
81.56000
81.56000
81.56000
81.56000
81.56000
81.56000
81.56000
81.56000
81.56000
81.56000
81.56000
81.56000
81.56000
81.56000
81.56000
81.56000
81.56000
81.57000
81.57000
81.57000
81.57000
81.57000
81.57000
81.57000
81.57000
81.57000
81.57000
81.58000
81.58000
81.58000
81.58000
81.58000
81.58000
81.58000
81.58000
81.58000
81.58000
81.58000
81.58000
81.58000
81.58000
81.58000
81.58000
81.57000
81.57000
81.57000
81.57000
81.57000
81.57000
81.57000
81.57000
81.57000
81.57000
81.57000
81.57000
81.57000
81.57000
81.57000
81.57000
81.57000
81.57000
81.56000
81.56000
81.56000
81.56000
81.56000
81.56000
81.56000
81.56000
81.56000
81.56000
81.56000
81.56000
81.55000
81.55000
81.55000
81.55000
81.55000
81.55000
81.55000
81.55000
81.55000
81.55000
81.55000
