0.00000
0.00000
0.00000
0.00000
0.00000
0.00000
0.00000
0.00000
0.00000
0.00000
0.00000
0.00000
0.00000
0.00000
0.00000
0.00000
1.60000
6.40000
8.30000
15.23300
15.43300
15.49200
15.45900
15.50400
15.48700
16.00800
17.62900
17.61100
17.63200
17.72100
17.77700
17.85800
18.28700
18.64600
18.96200
19.25300
19.91500
20.84700
21.48500
22.05700
22.66400
23.04500
23.93000
24.10800
24.45100
25.25600
25.40600
25.76200
25.96700
26.25400
26.30200
26.85500
27.05800
27.15500
27.24400
27.16400
27.74400
27.83500
28.14300
28.37600
28.37300
28.31400
28.48600
28.65200
28.76400
28.97700
29.12200
29.24100
29.43600
29.63400
29.71900
29.84300
30.12700
30.25100
30.43800
30.55500
30.58600
30.69100
30.66300
30.71100
30.78600
30.78400
30.85700
30.94600
30.99800
30.93200
31.03800
31.21800
31.29500
31.32100
31.28300
31.41600
31.54500
31.73300
31.80600
32.00600
32.10500
32.18000
32.27900
32.41300
32.43200
32.47900
32.57800
32.62500
32.61600
32.70000
32.87400
32.95600
33.07400
33.12600
33.33200
33.46600
33.55200
33.77700
33.81000
33.85600
33.93200
34.01800
34.08300
34.05900
34.23200
34.29200
34.28200
34.35000
34.52900
34.57100
34.64200
34.76700
34.97300
34.99100
35.03900
34.98500
35.04600
35.07300
35.11100
35.30800
35.41600
35.49900
35.57600
35.66600
35.69400
35.89800
35.89300
35.96000
35.99700
36.04200
36.08300
36.16300
36.23900
36.34100
36.40500
36.46700
36.55000
36.62800
36.66100
36.77700
36.86400
36.85800
36.88200
36.93500
37.01500
37.08100
37.11000
37.09300
37.22300
37.24000
37.26900
37.29600
37.44900
37.54200
37.61100
37.61600
37.65900
37.70500
37.69100
37.69700
37.69700
37.67200
37.82600
37.79900
37.84300
37.86700
37.94400
37.96600
38.13400
38.12900
38.13700
38.22000
38.32600
38.33500
38.42000
38.53100
38.49700
38.68500
38.73200
38.79600
38.80600
38.83600
38.83000
38.96100
39.00400
39.00600
39.08500
39.13300
39.19800
39.23300
39.31100
39.32300
39.36400
39.45500
39.50000
39.66300
39.75000
39.76800
39.81200
39.82000
39.80800
39.85300
39.94400
40.03000
40.13300
40.21600
40.23500
40.26400
40.29100
40.37200
40.34900
40.45100
40.53500
40.54000
40.61700
40.65500
40.65100
40.74100
40.73700
40.77800
40.82800
40.86800
40.87400
40.93500
41.01600
41.07400
41.13000
41.16300
41.17400
41.17900
41.22300
41.28300
41.28300
41.30000
41.30000
41.34600
41.34300
41.42900
41.46100
41.55100
41.59200
41.59200
41.66100
41.68700
41.78300
41.81800
41.90000
41.97200
41.99200
42.04000
42.09500
42.09200
42.12700
42.22700
42.22800
42.23000
42.27600
42.33800
42.38300
42.38500
42.37500
42.43700
42.52200
42.53900
42.59400
42.65200
42.67700
42.67400
42.78100
42.79400
42.82300
42.84300
42.89700
42.88500
42.97600
43.04200
43.10600
43.18000
43.29900
43.27100
43.28300
43.30300
43.34800
43.35200
43.33800
43.44700
43.50100
43.49300
43.52600
43.57100
43.62900
43.62100
43.65000
43.63700
43.68100
43.69700
43.71500
43.69300
43.71000
43.72100
43.76400
43.76400
43.78300
43.79000
43.87900
43.89800
43.87900
43.88000
43.93500
43.93900
43.93400
44.00200
44.03400
44.03200
44.06700
44.10500
44.13500
44.12500
44.12600
44.15000
44.14500
44.16300
44.21200
44.27000
44.24900
44.28400
44.31400
44.30700
44.32500
44.33500
44.39400
44.51500
44.54500
44.57500
44.58300
44.57600
44.61400
44.72300
44.74500
44.76700
44.83300
44.83200
44.83800
44.91600
44.92700
44.94400
44.94400
44.97400
44.98800
45.07800
45.09600
45.10700
45.19600
45.22500
45.19200
45.22300
45.27200
45.25500
45.26700
45.31800
45.33600
45.36400
45.35900
45.37600
45.39200
45.45600
45.47500
45.53500
45.54200
45.54100
45.56400
45.62700
45.66300
45.67300
45.66300
45.67500
45.69800
45.73100
45.71400
45.80300
45.80100
45.82500
45.88900
45.86800
45.89300
45.93600
45.93400
45.92300
45.96900
46.00000
46.00900
46.04000
46.04200
46.08800
46.14500
46.20000
46.24600
46.24400
46.25300
46.34700
46.39400
46.40800
46.38500
46.41600
46.41000
46.45300
46.44600
46.47300
46.53500
46.60400
46.63800
46.67100
46.69400
46.73600
46.76700
46.76200
46.81700
46.86000
46.90300
46.93600
46.95500
46.95900
46.99500
47.04400
47.11700
47.12200
47.16700
47.26200
47.25100
47.28400
47.26800
47.28100
47.37000
47.35900
47.38500
47.46400
47.47900
47.49800
47.49300
47.49900
47.54900
47.59200
47.60600
47.65700
47.69300
47.72900
47.74000
47.75700
47.79400
47.78800
47.84300
47.87700
47.87500
47.95300
47.98300
48.00900
48.03900
48.04900
48.09200
48.11300
48.12700
48.17300
48.21600
48.23700
48.23100
48.26800
48.30600
48.34500
48.35700
48.37300
48.39000
48.39700
48.45200
48.46400
48.48000
48.52900
48.57100
48.57200
48.56200
48.61600
48.63100
48.68900
48.70000
48.71700
48.72900
48.75200
48.74100
48.75400
48.80300
48.80300
48.87200
48.89300
48.92500
48.92200
48.93700
48.99400
48.99100
49.04500
49.06000
49.06700
49.09300
49.11100
49.12300
49.17300
49.19800
49.22400
49.25800
49.27400
49.31200
49.33000
49.34200
49.35700
49.40900
49.43300
49.44400
49.45600
49.44200
49.47400
49.51500
49.53400
49.53500
49.61000
49.62300
49.61400
49.64600
49.66500
49.68100
49.69000
49.72700
49.66500
49.65500
49.71000
49.71700
49.71000
49.72600
49.76200
49.80900
49.82200
49.80300
49.80800
49.83000
49.88300
49.89100
49.89000
49.92000
49.92500
49.95300
50.00500
49.98800
50.01300
50.03000
50.07200
50.09000
50.10100
50.12000
50.11700
50.14900
50.15300
50.20200
50.21000
50.24800
50.25400
50.24400
50.26100
50.27700
50.29500
50.31100
50.30500
50.35600
50.41700
50.42500
50.45100
50.47300
50.49800
50.49100
50.53500
50.53600
50.56600
50.55000
50.54800
50.56300
50.59200
50.58600
50.57300
50.57700
50.62200
50.63600
50.62600
50.64400
50.64800
50.64500
50.65400
50.69400
50.72800
50.75300
50.73800
50.74100
50.75100
50.78200
50.78200
50.81500
50.83900
50.87300
50.87200
50.87100
50.87500
50.90600
50.93500
50.91900
50.98500
50.97700
50.96900
50.99400
51.02400
51.03800
51.03100
51.06600
51.02900
51.01700
51.05500
51.04400
51.09000
51.09100
51.10500
51.12600
51.13200
51.15700
51.20700
51.24400
51.23200
51.20300
51.22700
51.23200
51.27000
51.27200
51.30100
51.32300
51.34500
51.36800
51.37100
51.37100
51.36800
51.39900
51.38800
51.38000
51.38600
51.37700
51.36800
51.36900
51.38600
51.37100
51.41300
51.42000
51.43400
51.44400
51.44500
51.42900
51.44000
51.45500
51.47500
51.47300
51.43400
51.41700
51.44500
51.45500
51.46000
51.44600
51.44400
51.45600
51.41500
51.44200
51.44700
51.46100
51.46200
51.50700
51.55900
51.53800
51.54100
51.53800
51.53300
51.54200
51.54100
51.57100
51.60000
51.58500
51.59700
51.60800
51.61800
51.63100
51.67400
51.68500
51.68100
51.71400
51.71100
51.73600
51.73600
51.71600
51.72000
51.73500
51.78000
51.77400
51.77900
51.80900
51.84100
51.85900
51.84500
51.86100
51.86600
51.88800
51.92000
51.94300
51.98000
52.02100
52.05600
52.06700
52.07300
52.07500
52.07100
52.11400
52.16700
52.22400
52.23500
52.24100
52.24400
52.28000
52.31000
52.31100
52.31400
52.31400
52.30600
52.35100
52.36500
52.35100
52.37700
52.41200
52.44000
52.45500
52.44700
52.48600
52.47800
52.52300
52.52700
52.57000
52.58100
52.60600
52.62400
52.64600
52.67000
52.69300
52.73400
52.71400
52.72400
52.72300
52.72000
52.74800
52.76900
52.74200
52.75000
52.74700
52.77200
52.80800
52.80100
52.82200
52.85200
52.84400
52.84900
52.86400
52.89300
52.91500
52.94900
52.93700
52.94600
52.97300
52.98700
53.00900
53.01800
53.00000
53.04200
53.07100
53.08100
53.06100
53.07400
53.11400
53.10100
53.10500
53.15600
53.13600
53.17600
53.16000
53.17100
53.18900
53.21100
53.21800
53.22600
53.23300
53.24000
53.27900
53.33600
53.34300
53.35000
53.34100
53.34700
53.35200
53.35400
53.36200
53.39600
53.41400
53.43000
53.44400
53.46300
53.47000
53.47700
53.50500
53.53800
53.53600
53.57000
53.59000
53.59400
53.57600
53.57100
53.58400
53.59000
53.58300
53.58300
53.55700
53.59300
53.61000
53.62700
53.64800
53.65100
53.68400
53.67800
53.68600
53.69800
53.70900
53.71700
53.71500
53.73300
53.73700
53.75400
53.76300
53.76700
53.77000
53.79300
53.80000
53.79600
53.80700
53.81500
53.82600
53.84100
53.83100
53.84400
53.85200
53.86700
53.85100
53.84600
53.85800
53.88700
53.88800
53.91900
53.91400
53.90400
53.89800
53.90700
53.90700
53.88400
53.91000
53.90300
53.91300
53.90800
53.94700
53.94400
53.94700
53.94400
53.95600
53.93000
53.94400
53.96000
53.98700
53.98200
53.99600
53.99600
53.99100
54.01000
54.00500
54.00200
54.05300
54.05000
54.03700
54.04500
54.06500
54.06600
54.05200
54.05800
54.04600
54.08500
54.08400
54.09200
54.08800
54.08200
54.07000
54.04800
54.06700
54.08200
54.07100
54.07600
54.07400
54.05800
54.09200
54.08900
54.08500
54.07500
54.07000
54.10400
54.10500
54.09900
54.09300
54.11200
54.11300
54.09600
54.08000
54.09300
54.08800
54.07900
54.09700
54.08900
54.09200
54.08800
54.10200
54.10900
54.10900
54.10000
54.12100
54.12700
54.11000
54.10600
54.10200
54.11900
54.10800
54.10400
54.08700
54.10400
54.10400
54.11500
54.10700
54.09300
54.09400
54.11600
54.10900
54.12600
54.12200
54.14100
54.13000
54.12300
54.10900
54.12800
54.11100
54.10100
54.09300
54.09800
54.08600
54.07600
54.12800
54.12500
54.12000
54.12900
54.12500
54.13400
54.14200
54.14600
54.12700
54.13300
54.12900
54.12300
54.12700
54.13300
54.13600
54.14900
54.14800
54.13500
54.13900
54.14100
54.15000
54.15000
54.15700
54.14800
54.16000
54.17200
54.18500
54.21400
54.21900
54.20800
54.18400
54.17900
54.17200
54.19200
54.20100
54.19200
54.19100
54.20700
54.18700
54.20300
54.19100
54.21800
54.22400
54.23300
54.25000
54.24500
54.22600
54.23800
54.23700
54.24500
54.23100
54.24400
54.23300
54.23500
54.22800
54.22800
54.23000
54.25600
54.25900
54.26800
54.25500
54.25200
54.26300
54.25500
54.26800
54.27600
54.27200
54.27900
54.28800
54.28300
54.30500
54.30200
54.29200
54.29700
54.30200
54.30300
54.31300
54.34300
54.33500
54.34300
54.37200
54.37200
54.36800
54.39000
54.40200
54.40300
54.41700
54.40700
54.41900
54.41100
54.40900
54.43800
54.45500
54.44500
54.44200
54.44700
54.45200
54.46200
54.46000
54.46000
54.47600
54.47300
54.45400
54.46600
54.47600
54.46800
54.48300
54.50500
54.49500
54.49000
54.48100
54.48000
54.47200
54.49000
54.49300
54.50400
54.48900
54.48000
54.49500
54.51800
54.51100
54.49500
54.49700
54.50100
54.49000
54.48500
54.51400
54.52900
54.53400
54.52500
54.53400
54.53300
54.53800
54.51900
54.52800
54.52100
54.52100
54.54500
54.53800
54.52900
54.55300
54.55300
54.55300
54.54800
54.53900
54.53900
54.56900
54.56300
54.56300
54.57800
54.59300
54.57900
54.57300
54.55600
54.56600
54.56100
54.58300
54.58100
54.57300
54.57300
54.56900
54.58700
54.57500
54.56800
54.55800
54.53900
54.53900
54.56400
54.56900
54.58000
54.59600
54.58900
54.59100
54.59700
54.59100
54.57700
54.58100
54.59000
54.59700
54.59300
54.59500
54.59300
54.59300
54.58500
54.58300
54.58600
54.57800
54.58200
54.59500
54.59800
54.60000
54.60900
54.61800
54.60800
54.60400
54.60500
54.61900
54.63800
54.64800
54.64300
54.64800
54.65500
54.64800
54.66400
54.65400
54.65900
54.65000
54.64200
54.64400
54.64000
54.63500
54.64100
54.64100
54.63700
54.65500
54.65000
54.64100
54.63900
54.64600
54.64800
54.64000
54.62800
54.63300
54.62600
54.62400
54.63000
54.63200
54.62900
54.63300
54.63600
54.63600
54.62800
54.61600
54.62200
54.63000
54.64300
54.63400
54.62400
54.63000
54.62200
54.62800
54.61600
54.64200
54.64000
54.65000
54.65000
54.65400
54.64800
54.67000
54.66500
54.67200
54.68900
54.68900
54.67300
54.69300
54.69400
54.69400
54.71400
54.72100
54.71700
54.71500
54.71000
54.73300
54.73200
54.73300
54.72500
54.72200
54.72900
54.74000
54.75800
54.75900
54.75200
54.75900
54.75600
54.75300
54.77700
54.75800
54.74700
54.74500
54.74500
54.75600
54.75100
54.76100
54.75400
54.76400
54.76700
54.77900
54.77400
54.76600
54.76300
54.76000
54.76200
54.76300
54.75500
54.77100
54.77200
54.77600
54.76700
54.77000
54.76800
54.76300
54.76700
54.76900
54.77800
54.77000
54.77300
54.78700
54.77800
54.76700
54.76600
54.78800
54.80700
54.80600
54.81000
54.81700
54.83700
54.84200
54.85900
54.85100
54.85700
54.86200
54.86200
54.85200
54.85400
54.84500
54.84200
54.84900
54.85500
54.86200
54.86000
54.86400
54.86700
54.87000
54.87100
54.87800
54.88300
54.87300
54.89300
54.88500
54.89100
54.88800
54.88900
54.89200
54.88400
54.88500
54.89300
54.90600
54.89200
54.88800
54.88700
54.89000
54.88900
54.88600
54.89400
54.89200
54.88700
54.88300
54.90700
54.91700
54.91600
54.93300
54.92300
54.91700
54.91600
54.92100
54.92100
54.92800
54.93900
54.94400
54.92900
54.93900
54.93500
54.93900
54.94000
54.93500
54.95000
54.93700
54.93900
54.93900
54.93400
54.95800
54.95500
54.96900
54.97900
54.96900
54.96000
54.97100
54.97300
54.98500
54.98700
54.98300
54.97600
54.98100
54.98400
55.02300
55.02000
55.01800
55.01200
55.00600
55.02200
55.02900
55.02200
55.01700
55.02900
55.01700
55.03300
55.03500
55.03400
55.04300
55.05200
55.04700
55.05400
55.06300
55.06600
55.07600
55.08000
55.07900
55.07700
55.07800
55.07400
55.07000
55.07200
55.07100
55.07800
55.08000
55.09300
55.09200
55.08500
55.09200
55.09700
55.10700
55.12200
55.11600
55.12200
55.13300
55.14500
55.14800
55.13700
55.14500
55.15600
55.17100
55.17200
55.17900
55.17900
55.18300
55.18200
55.18300
55.19400
55.18800
55.19000
55.19600
55.20900
55.21100
55.20200
55.20100
55.19500
55.20500
55.21900
55.21700
55.23300
55.22900
55.24000
55.25300
55.25000
55.25700
55.24100
55.23500
55.24500
55.24000
55.25100
55.25700
55.25500
55.26800
55.26400
55.26000
55.26000
55.26400
55.26400
55.27000
55.27500
55.28000
55.28400
55.29300
55.29000
55.29800
55.30100
55.30600
55.30600
55.31900
55.33500
55.34600
55.34100
55.35400
55.35900
55.36700
55.36300
55.37200
55.37700
55.37000
55.37400
55.36300
55.37100
55.37200
55.37200
55.36700
55.37900
55.38700
55.38400
55.39200
55.38700
55.39000
55.39400
55.40900
55.41700
55.42500
55.42800
55.42200
55.43700
55.44000
55.44000
55.43900
55.45700
55.45000
55.46500
55.46200
55.46700
55.46700
55.46900
55.47700
55.47500
55.47000
55.47300
55.47200
55.48100
55.48800
55.49300
55.49700
55.49400
55.49900
55.50500
55.50400
55.50400
55.50100
55.49600
55.49600
55.50200
55.50400
55.51300
55.52300
55.52900
55.52800
55.52400
55.53600
55.54400
55.54400
55.54000
55.54800
55.54500
55.56100
55.56800
55.57200
55.57400
55.58600
55.58300
55.58100
55.59100
55.58300
55.59000
55.60000
55.61200
55.60900
55.62200
55.62400
55.62400
55.62100
55.62600
55.64200
55.64200
55.64300
55.65100
55.65500
55.65900
55.66100
55.66000
55.67500
55.68400
55.68000
55.68800
55.69800
55.70000
55.72300
55.72000
55.72000
55.71600
55.70900
55.72400
55.74100
55.74400
55.73500
55.73600
55.73100
55.73100
55.74100
55.75100
55.76400
55.76300
55.76900
55.77200
55.77500
55.78300
55.78500
55.78700
55.80600
55.79900
55.80500
55.80400
55.81400
55.83000
55.82300
55.81500
55.84000
55.83500
55.83600
55.84100
55.83900
55.83500
55.82900
55.85000
55.86700
55.86700
55.86800
55.88200
55.88400
55.88600
55.87900
55.90200
55.91600
55.91400
55.91200
55.91900
55.91000
55.90200
55.90900
55.92500
55.92800
55.92700
55.93900
55.94300
55.94900
55.96300
55.97200
55.98200
55.98800
56.00200
56.01700
56.01800
56.04300
56.05200
56.06400
56.06500
56.07400
56.08200
56.11400
56.11800
56.12800
56.13000
56.14000
56.14600
56.15300
56.15400
56.16200
56.17200
56.19000
56.19800
56.20200
56.20300
56.20200
56.20000
56.20400
56.20900
56.20100
56.19800
56.21000
56.22000
56.21300
56.22000
56.22000
56.22600
56.23000
56.23400
56.23400
56.22700
56.23600
56.25000
56.24600
56.24200
56.25700
56.26000
56.26900
56.26400
56.26900
56.27000
56.27300
56.28400
56.29200
56.30700
56.30700
56.30700
56.29900
56.30600
56.31600
56.32100
56.33000
56.33400
56.33600
56.34300
56.36500
56.37000
56.36600
56.37500
56.38000
56.37600
56.38000
56.41200
56.40600
56.41400
56.40700
56.41200
56.41500
56.41600
56.42300
56.41900
56.42300
56.43400
56.45000
56.45500
56.45000
56.44800
56.44300
56.43700
56.43600
56.45900
56.47000
56.47100
56.47800
56.48500
56.50100
56.50600
56.50600
56.51100
56.52700
56.52500
56.52300
56.53500
56.54200
56.53600
56.54100
56.54800
56.54000
56.55100
56.55100
56.56900
56.57100
56.58500
56.57700
56.59400
56.59900
56.60200
56.59000
56.58800
56.59300
56.59500
56.58800
56.59200
56.61100
56.62200
56.61900
56.62100
56.62600
56.62000
56.62200
56.63500
56.62400
56.62000
56.63200
56.64000
56.64000
56.64100
56.64800
56.66600
56.66700
56.66300
56.66000
56.65500
56.65500
56.67400
56.66900
56.66700
56.67600
56.67800
56.68700
56.69700
56.69900
56.69900
56.70700
56.71600
56.73100
56.73800
56.74900
56.74700
56.75100
56.74900
56.76100
56.78100
56.78900
56.78600
56.78700
56.78700
56.79900
56.81300
56.81100
56.80800
56.80900
56.81800
56.82800
56.82900
56.82500
56.83100
56.83900
56.83800
56.84600
56.85300
56.85400
56.86100
56.86000
56.85600
56.85000
56.86200
56.86200
56.87200
56.88300
56.87900
56.87600
56.87400
56.89900
56.89500
56.90000
56.91200
56.91500
56.93100
56.92600
56.92600
56.92700
56.93600
56.93300
56.93500
56.95300
56.94900
56.94500
56.94700
56.95200
56.95900
56.95300
56.96100
56.96700
56.97500
56.97900
56.99300
57.00000
57.00400
56.99800
57.00200
57.01100
57.02300
57.02300
57.03400
57.03300
57.03100
57.02700
57.02500
57.02600
57.02600
57.03400
57.03000
57.03000
57.03100
57.04400
57.04800
57.05000
57.04300
57.05500
57.05600
57.06300
57.06100
57.06700
57.06700
57.05700
57.06300
57.07100
57.06100
57.06300
57.06100
57.06000
57.05900
57.05800
57.05400
57.05700
57.06100
57.06900
57.07100
57.07300
57.06600
57.06700
57.07400
57.08700
57.08700
57.08600
57.09200
57.09000
57.09700
57.09500
57.10100
57.11300
57.10900
57.11000
57.12100
57.11600
57.12300
57.12300
57.11900
57.13100
57.12800
57.13200
57.12900
57.13200
57.14000
57.14300
57.14500
57.14100
57.14000
57.14900
57.15600
57.15700
57.16600
57.17000
57.16700
57.16300
57.16000
57.18000
57.17300
57.18000
57.18700
57.19500
57.20600
57.20300
57.21200
57.21500
57.22000
57.22800
57.23000
57.23200
57.24300
57.24500
57.23900
57.25100
57.25800
57.26100
57.27100
57.25900
57.26500
57.27600
57.28100
57.29100
57.30100
57.30800
57.32200
57.32200
57.32600
57.32900
57.33000
57.33700
57.34300
57.35500
57.36700
57.36400
57.36400
57.37100
57.37500
57.37600
57.37100
57.37300
57.37900
57.38600
57.38400
57.38300
57.38300
57.39200
57.38900
57.39700
57.41000
57.41600
57.42400
57.42200
57.41500
57.43000
57.42800
57.44800
57.44600
57.44900
57.45700
57.45200
57.45000
57.46500
57.46800
57.45900
57.46800
57.47500
57.46700
57.46500
57.48100
57.48000
57.49000
57.49200
57.49600
57.50000
57.50400
57.50400
57.51200
57.52000
57.51400
57.51500
57.51900
57.53700
57.54500
57.54100
57.53400
57.53100
57.53500
57.53800
57.54300
57.54300
57.55300
57.55700
57.56700
57.56300
57.56700
57.58100
57.57900
57.58300
57.58200
57.58000
57.58200
57.58600
57.60900
57.60500
57.60600
57.60600
57.60900
57.60100
57.60600
57.60100
57.60500
57.59700
57.60000
57.60600
57.60800
57.61300
57.61800
57.61600
57.62600
57.62200
57.63400
57.62800
57.62900
57.63300
57.64900
57.64200
57.64600
57.64800
57.64000
57.64100
57.65000
57.66100
57.66200
57.66100
57.66600
57.67900
57.67600
57.68300
57.68300
57.67900
57.68200
57.68200
57.68500
57.68000
57.68700
57.69100
57.69900
57.70500
57.71000
57.71200
57.71100
57.72000
57.72300
57.72300
57.72700
57.74400
57.74000
57.74400
57.74900
57.74800
57.75600
57.75900
57.76000
57.76400
57.76700
57.77100
57.77000
57.78200
57.78500
57.78500
57.77700
57.78400
57.79500
57.80100
57.80000
57.79900
57.80900
57.79700
57.79500
57.80100
57.80600
57.80500
57.81200
57.81400
57.82100
57.82200
57.83300
57.83300
57.83400
57.82800
57.82600
57.83300
57.82900
57.82800
57.83400
57.84000
57.84800
57.85400
57.85700
57.86600
57.85800
57.86600
57.86400
57.87200
57.87400
57.87200
57.88200
57.88100
57.88900
57.88800
57.89100
57.88800
57.88400
57.88700
57.89000
57.89400
57.90700
57.90700
57.90600
57.91200
57.91300
57.91400
57.91300
57.90600
57.90700
57.91500
57.92000
57.92300
57.93300
57.93000
57.92600
57.93100
57.93800
57.94100
57.93200
57.93300
57.92600
57.92900
57.92400
57.94100
57.94400
57.94500
57.94800
57.95000
57.95000
57.96400
57.96700
57.97100
57.97300
57.97300
57.97400
57.97700
57.97700
57.97900
57.98200
57.99000
57.98900
57.99200
57.99700
58.00600
58.00300
58.00400
58.01400
58.01300
58.02000
58.02300
58.03500
58.03200
58.03700
58.03600
58.04300
58.03500
58.04300
58.05400
58.05800
58.06500
58.06000
58.06300
58.06400
58.06000
58.06600
58.07500
58.07600
58.08300
58.08800
58.08500
58.07900
58.08400
58.08100
58.08900
58.08400
58.09400
58.09100
58.09200
58.09200
58.09300
58.09500
58.09600
58.09800
58.09500
58.10100
58.10000
58.10400
58.10300
58.09600
58.09900
58.10100
58.10200
58.10100
58.10200
58.10000
58.10300
58.09800
58.09900
58.10300
58.10500
58.11200
58.10900
58.11900
58.11200
58.10700
58.10900
58.11500
58.10900
58.11200
58.11700
58.13100
58.13700
58.13300
58.13300
58.14100
58.13600
58.14300
58.13900
58.14200
58.13600
58.13400
58.13600
58.13700
58.14000
58.13700
58.13800
58.14500
58.13900
58.13500
58.13000
58.13800
58.13600
58.15000
58.16000
58.15700
58.16200
58.17300
58.18100
58.17700
58.18000
58.18800
58.19600
58.20500
58.21000
58.21200
58.21200
58.21000
58.22100
58.22400
58.23100
58.23800
58.23800
58.23600
58.24000
58.24100
58.23600
58.23500
58.24500
58.24400
58.24300
58.24300
58.24100
58.23700
58.24800
58.24400
58.24500
58.25100
58.25000
58.25500
58.26000
58.26800
58.27500
58.27400
58.27900
58.27700
58.28200
58.28700
58.28900
58.28800
58.29200
58.29400
58.31400
58.31200
58.31800
58.31100
58.30800
58.31000
58.31100
58.31700
58.31200
58.31100
58.31400
58.31500
58.31700
58.32800
58.32700
58.33600
58.33700
58.33500
58.33400
58.34100
58.34800
58.35500
58.35000
58.35500
58.35100
58.34800
58.35900
58.36600
58.37100
58.37300
58.37500
58.37500
58.37600
58.37700
58.37700
58.37900
58.38500
58.38500
58.39200
58.40100
58.41200
58.41200
58.41000
58.41100
58.42300
58.42900
58.42800
58.42900
58.42300
58.42700
58.42700
58.44200
58.45000
58.45000
58.45500
58.45200
58.46100
58.45900
58.45700
58.45600
58.45800
58.45900
58.45800
58.45400
58.45800
58.45800
58.46200
58.46000
58.46900
58.46600
58.46700
58.47000
58.47600
58.47600
58.48300
58.48900
58.48900
58.49600
58.49200
58.48700
58.48900
58.49000
58.50100
58.50200
58.50600
58.50500
58.50400
58.51500
58.51000
58.50900
58.50900
58.51100
58.51500
58.51600
58.52100
58.52200
58.52300
58.52600
58.52800
58.52700
58.53200
58.53300
58.53100
58.52700
58.53000
58.53400
58.53400
58.53400
58.53900
58.53800
58.53800
58.54300
58.54300
58.54300
58.54100
58.54200
58.54900
58.56300
58.57400
58.57800
58.57600
58.57000
58.56000
58.56500
58.57100
58.57300
58.58400
58.58500
58.59900
58.59600
58.59000
58.59200
58.59000
58.58900
58.59300
58.59700
58.59700
58.60100
58.61200
58.62100
58.62100
58.63000
58.63100
58.62900
58.62300
58.63000
58.64200
58.65100
58.64900
58.65400
58.65600
58.65400
58.66400
58.66800
58.67200
58.67100
58.67300
58.67900
58.68200
58.68300
58.68400
58.68400
58.68600
58.68700
58.68000
58.69300
58.69700
58.69400
58.69200
58.68600
58.69400
58.68700
58.69100
58.69700
58.70300
58.71000
58.70800
58.71400
58.71300
58.71000
58.71200
58.71800
58.71700
58.70800
58.70500
58.71500
58.71400
58.71100
58.70700
58.71600
58.71100
58.71100
58.71700
58.71800
58.71900
58.71200
58.71000
58.72400
58.72700
58.72700
58.72500
58.73100
58.73200
58.73600
58.73200
58.73100
58.72900
58.72900
58.73200
58.73500
58.73400
58.73800
58.73000
58.73000
58.73300
58.73200
58.73500
58.73200
58.73100
58.73500
58.72500
58.72900
58.73400
58.74000
58.73500
58.73200
58.72700
58.72900
58.73500
58.73600
58.73800
58.74400
58.73900
58.74500
58.74500
58.75700
58.75800
58.75700
58.75900
58.75400
58.75300
58.76500
58.77200
58.78100
58.78400
58.78700
58.78600
58.78400
58.78900
58.78700
58.78200
58.78300
58.78900
58.78900
58.79600
58.80100
58.79900
58.79200
58.80300
58.79900
58.80100
58.80500
58.79900
58.79300
58.79500
58.79800
58.80200
58.80900
58.81400
58.82000
58.81900
58.81600
58.83100
58.82700
58.82800
58.83100
58.83700
58.83400
58.83500
58.82300
58.82300
58.83100
58.83700
58.83000
58.83300
58.83600
58.83800
58.83800
58.84600
58.85200
58.85400
58.85200
58.85500
58.85400
58.85000
58.85400
58.85900
58.86800
58.86900
58.87100
58.88100
58.88100
58.89200
58.89300
58.89600
58.90200
58.90300
58.90100
58.90400
58.90000
58.90700
58.90900
58.90900
58.90900
58.91400
58.91700
58.91700
58.91600
58.91500
58.92000
58.91900
58.92700
58.93200
58.93700
58.94200
58.93800
58.94300
58.94300
58.94100
58.94100
58.95600
58.95300
58.96500
58.95600
58.95600
58.95400
58.96200
58.96100
58.96700
58.96800
58.97400
58.97200
58.97700
58.98400
58.98600
58.99200
59.00400
59.00500
59.00600
59.00900
59.00300
59.01100
59.00600
59.00100
59.00900
59.00900
59.01700
59.01300
59.02800
59.02400
59.02700
59.03100
59.04500
59.04000
59.04100
59.03800
59.03100
59.03400
59.04900
59.05000
59.05200
59.05700
59.05700
59.05900
59.06300
59.06300
59.06600
59.06700
59.06600
59.07400
59.06700
59.07000
59.07300
59.07300
59.06900
59.07200
59.07600
59.08000
59.08000
59.07800
59.08200
59.09500
59.09500
59.08800
59.09400
59.08700
59.09200
59.09000
59.09500
59.09700
59.10300
59.10500
59.11200
59.11800
59.11500
59.11900
59.11600
59.11800
59.12300
59.11900
59.11800
59.11900
59.12200
59.12400
59.12800
59.13000
59.13300
59.13400
59.13200
59.14100
59.14300
59.14000
59.14200
59.14300
59.14300
59.13900
59.14400
59.14800
59.15100
59.14400
59.14500
59.14200
59.14400
59.14900
59.14200
59.13900
59.14500
59.15000
59.14900
59.14800
59.14700
59.15500
59.15500
59.16400
59.16200
59.16000
59.15900
59.16900
59.17100
59.17000
59.16800
59.16900
59.16800
59.16600
59.17000
59.18000
59.18300
59.18600
59.19200
59.19200
59.19500
59.19100
59.19200
59.19300
59.19100
59.20000
59.19700
59.20200
59.20800
59.20900
59.20800
59.21000
59.20700
59.21000
59.21000
59.21700
59.21200
59.21200
59.21500
59.21500
59.21400
59.21400
59.21500
59.21700
59.22600
59.22900
59.22600
59.23100
59.23400
59.23600
59.23200
59.23400
59.24700
59.25400
59.25300
59.25700
59.25800
59.25100
59.26700
59.26600
59.27200
59.27000
59.26200
59.26800
59.28100
59.28500
59.28800
59.28200
59.28200
59.28500
59.28900
59.29000
59.29600
59.29900
59.30400
59.30600
59.30200
59.30200
59.30300
59.30400
59.31100
59.31700
59.32100
59.32800
59.32900
59.32900
59.33500
59.33700
59.33600
59.33300
59.33400
59.33500
59.34100
59.33800
59.34100
59.34300
59.34100
59.34100
59.33800
59.33900
59.34000
59.34500
59.34900
59.35400
59.35400
59.35000
59.35300
59.35300
59.35600
59.36000
59.35800
59.36600
59.37400
59.37100
59.36500
59.36900
59.37700
59.37700
59.37900
59.38000
59.38100
59.38600
59.39500
59.40100
59.40400
59.40500
59.41100
59.41800
59.41900
59.42500
59.42500
59.42200
59.42800
59.42600
59.43000
59.43400
59.43900
59.44700
59.45300
59.45300
59.46300
59.46300
59.46400
59.47000
59.46800
59.46500
59.48000
59.48000
59.48200
59.48300
59.49000
59.49200
59.49600
59.50600
59.50600
59.51100
59.51400
59.51700
59.52200
59.52400
59.52000
59.51500
59.51900
59.52200
59.53100
59.53200
59.53200
59.52700
59.52900
59.53700
59.54600
59.54200
59.53900
59.54600
59.55700
59.56500
59.56500
59.56200
59.56300
59.56300
59.57100
59.57100
59.57600
59.57800
59.57800
59.58100
59.58500
59.58700
59.59400
59.59500
59.59400
59.59100
59.59300
59.59200
59.59300
59.58800
59.60600
59.60800
59.61000
59.61300
59.61600
59.61500
59.62300
59.62800
59.62800
59.62900
59.62900
59.64000
59.65000
59.64400
59.64100
59.63700
59.63700
59.64300
59.64900
59.65700
59.65900
59.65800
59.65800
59.66200
59.66000
59.66700
59.66500
59.67100
59.67600
59.68200
59.68700
59.68600
59.69300
59.70000
59.70100
59.70000
59.70000
59.70700
59.71500
59.72200
59.72300
59.73100
59.72800
59.72800
59.73600
59.73800
59.74600
59.74500
59.75400
59.75800
59.76000
59.76600
59.77200
59.76600
59.76500
59.76800
59.77100
59.76900
59.77300
59.77800
59.77600
59.77600
59.77900
59.77800
59.78100
59.78300
59.78400
59.78700
59.77900
59.78100
59.78000
59.78800
59.78600
59.78900
59.79200
59.79100
59.80300
59.80500
59.81200
59.81200
59.81400
59.81900
59.82200
59.82600
59.83400
59.83500
59.82800
59.82700
59.83000
59.83700
59.84000
59.84300
59.84700
59.85400
59.85900
59.85500
59.85900
59.85800
59.85800
59.85800
59.85700
59.85400
59.85500
59.85700
59.87000
59.86700
59.86400
59.87100
59.87200
59.87800
59.87600
59.87200
59.87400
59.87400
59.87300
59.87100
59.87400
59.87500
59.87600
59.87800
59.88600
59.89200
59.89300
59.89400
59.90100
59.90200
59.90300
59.90800
59.90900
59.91400
59.91500
59.91900
59.92500
59.92600
59.93000
59.93200
59.93700
59.93800
59.93600
59.93600
59.93300
59.93800
59.94200
59.94300
59.94600
59.94900
59.94800
59.95000
59.95500
59.95800
59.96600
59.96700
59.97500
59.97800
59.97400
59.98500
59.98500
59.98700
59.98800
59.99600
60.00000
60.00900
60.00600
60.01400
60.02400
60.02500
60.02600
60.02600
60.02900
60.02600
60.03200
60.03900
60.03500
60.04500
60.04700
60.05600
60.06100
60.06800
60.07200
60.07900
60.08000
60.08100
60.08600
60.08800
60.09500
60.09300
60.09400
60.09800
60.09800
60.09600
60.10100
60.10400
60.10800
60.10700
60.11300
60.11700
60.12300
60.12400
60.13800
60.13900
60.14100
60.14300
60.14700
60.14900
60.15000
60.15200
60.15900
60.15800
60.15500
60.16100
60.17100
60.17500
60.18600
60.18700
60.19100
60.19600
60.20200
60.20300
60.21300
60.21500
60.21800
60.22500
60.22700
60.22900
60.23500
60.23400
60.23500
60.24800
60.25000
60.25600
60.25700
60.25800
60.26100
60.26600
60.27700
60.27400
60.27800
60.28300
60.28300
60.29500
60.29600
60.29200
60.29600
60.29800
60.30000
60.30300
60.30800
60.31700
60.32500
60.33200
60.33000
60.33600
60.34400
60.34100
60.34000
60.34200
60.34600
60.35300
60.35800
60.36300
60.38300
60.38000
60.38100
60.38400
60.39200
60.39800
60.39900
60.40200
60.41300
60.41600
60.42600
60.42700
60.42600
60.42700
60.43100
60.44500
60.45000
60.45300
60.46200
60.46800
60.47600
60.47200
60.47900
60.48100
60.48700
60.49400
60.49700
60.49800
60.50200
60.50700
60.51500
60.52200
60.53600
60.53700
60.54200
60.54800
60.55000
60.56100
60.56000
60.56600
60.57100
60.57500
60.57300
60.57800
60.57400
60.57800
60.58500
60.59200
60.59900
60.60100
60.60800
60.61300
60.61300
60.61600
60.62500
60.62900
60.63400
60.64400
60.64400
60.64300
60.64700
60.65400
60.65800
60.66600
60.67300
60.67700
60.68100
60.68400
60.68700
60.70000
60.70400
60.70400
60.71300
60.71500
60.71600
60.73600
60.73700
60.74100
60.74500
60.75100
60.75800
60.76500
60.76700
60.77800
60.79200
60.79000
60.79100
60.80200
60.81000
60.81300
60.82200
60.82600
60.82800
60.83000
60.84000
60.84700
60.85200
60.86400
60.87100
60.87700
60.88900
60.89700
60.90000
60.90600
60.91000
60.92100
60.93100
60.93600
60.93900
60.94200
60.94600
60.94400
60.95900
60.96200
60.96600
60.97100
60.97000
60.97600
60.97700
60.98300
60.99100
60.99700
60.99400
61.00200
61.00700
61.02100
61.02100
61.01900
61.03000
61.03700
61.04300
61.04800
61.05200
61.06400
61.07200
61.07500
61.08300
61.08900
61.09400
61.09500
61.10600
61.11400
61.11700
61.12400
61.13100
61.13000
61.13400
61.13600
61.14800
61.15500
61.15600
61.16000
61.16700
61.16900
61.17900
61.18200
61.18200
61.18400
61.18400
61.19100
61.19100
61.19900
61.20300
61.21300
61.21700
61.22400
61.23200
61.23600
61.24100
61.24800
61.25200
61.25900
61.26300
61.26100
61.26600
61.26900
61.27400
61.28300
61.29300
61.29500
61.30100
61.30500
61.30700
61.30800
61.32100
61.32000
61.32100
61.34100
61.33800
61.35000
61.35700
61.36100
61.36600
61.38000
61.39000
61.38900
61.39800
61.39200
61.39400
61.39200
61.40100
61.40300
61.41100
61.41600
61.41900
61.42700
61.42500
61.43000
61.43400
61.44100
61.44100
61.44700
61.45300
61.45900
61.46200
61.46700
61.47100
61.48100
61.48000
61.49200
61.49900
61.50300
61.50500
61.50900
61.51800
61.51700
61.52600
61.53600
61.54200
61.54100
61.54800
61.55000
61.56100
61.56500
61.57400
61.58100
61.58000
61.58400
61.60000
61.60500
61.60700
61.61500
61.62200
61.62800
61.63600
61.64000
61.64800
61.64900
61.66000
61.66700
61.67400
61.67800
61.67700
61.69200
61.69400
61.70500
61.71600
61.71600
61.71500
61.72100
61.73300
61.74700
61.74600
61.75700
61.76200
61.76100
61.77000
61.77500
61.78500
61.79400
61.80400
61.81000
61.81400
61.82000
61.82200
61.82300
61.83000
61.83900
61.85400
61.86200
61.86700
61.87500
61.87400
61.87100
61.88500
61.88500
61.89000
61.89800
61.89700
61.90500
61.92200
61.93100
61.93300
61.93200
61.93300
61.93700
61.94400
61.95000
61.95200
61.96300
61.96500
61.97300
61.98800
62.00000
62.00600
62.01100
62.01700
62.02600
62.03000
62.03400
62.04500
62.05000
62.05400
62.05600
62.07200
62.07400
62.08400
62.09100
62.09200
62.09700
62.10600
62.10900
62.12200
62.12500
62.12800
62.13100
62.13300
62.14200
62.14100
62.14500
62.14800
62.14600
62.14900
62.14900
62.15900
62.16600
62.17300
62.18400
62.18900
62.19400
62.19900
62.19200
62.19700
62.20200
62.21000
62.21800
62.22700
62.23300
62.24400
62.25400
62.25500
62.26000
62.26100
62.26800
62.27300
62.27700
62.28500
62.29500
62.29600
62.30000
62.30600
62.32000
62.33100
62.33400
62.33200
62.34300
62.34500
62.35700
62.36400
62.37600
62.37700
62.38500
62.39100
62.39400
62.40100
62.41100
62.41500
62.42600
62.42900
62.43300
62.43100
62.44000
62.44100
62.45000
62.45800
62.46200
62.47100
62.47600
62.47600
62.47900
62.48600
62.48400
62.48800
62.50500
62.51000
62.51500
62.52500
62.53700
62.53500
62.53800
62.54500
62.55000
62.55600
62.55800
62.56500
62.57100
62.57100
62.57600
62.57700
62.58100
62.58600
62.58800
62.59100
62.59500
62.60600
62.61700
62.62100
62.63100
62.63500
62.63900
62.64100
62.65400
62.65700
62.66700
62.67300
62.67400
62.67700
62.67600
62.68800
62.69500
62.70300
62.70600
62.70900
62.71200
62.71800
62.72200
62.72900
62.73400
62.74100
62.74800
62.75300
62.76200
62.76400
62.77200
62.77700
62.78300
62.78300
62.78300
62.78400
62.78900
62.80000
62.80900
62.81700
62.82300
62.82600
62.83100
62.83500
62.83500
62.83600
62.84200
62.84300
62.84900
62.85400
62.85700
62.85900
62.86600
62.87100
62.88100
62.88800
62.89300
62.89300
62.89600
62.90200
62.90600
62.91500
62.92100
62.93700
62.93900
62.93900
62.94400
62.95300
62.96300
62.96700
62.97000
62.97500
62.97800
62.98900
62.99000
62.99200
63.00000
63.00400
63.01600
63.01600
63.01900
63.02400
63.03100
63.03100
63.03800
63.04000
63.04900
63.05400
63.05500
63.06200
63.06000
63.07600
63.08500
63.10300
63.11100
63.11500
63.11400
63.12200
63.12300
63.13000
63.13900
63.14000
63.15200
63.16000
63.16900
63.17200
63.17700
63.18000
63.18700
63.19400
63.19500
63.20300
63.20000
63.21000
63.21100
63.21500
63.22000
63.23300
63.23600
63.24600
63.25300
63.25700
63.26400
63.26500
63.27300
63.27600
63.28200
63.28900
63.30000
63.30900
63.31600
63.32500
63.33800
63.33800
63.35300
63.35800
63.35600
63.36600
63.38300
63.38400
63.39400
63.39400
63.40300
63.41000
63.41200
63.41300
63.42300
63.42500
63.43200
63.43700
63.44400
63.45400
63.45700
63.47000
63.47300
63.48400
63.48500
63.48800
63.49700
63.49800
63.50200
63.51300
63.51700
63.51900
63.52100
63.52500
63.53100
63.53400
63.55200
63.56200
63.56900
63.57700
63.57200
63.57100
63.57900
63.58900
63.58500
63.59300
63.59600
63.60100
63.60600
63.60700
63.61300
63.61600
63.62300
63.62700
63.64000
63.64500
63.64500
63.65000
63.65600
63.65800
63.66200
63.66800
63.67200
63.67700
63.68600
63.69400
63.69300
63.70400
63.71100
63.71600
63.72600
63.73100
63.74200
63.75000
63.75500
63.75800
63.76600
63.77400
63.77400
63.78600
63.78600
63.78800
63.79100
63.79800
63.79900
63.81000
63.81300
63.81400
63.81600
63.82300
63.83000
63.83500
63.83700
63.83600
63.83600
63.83900
63.83800
63.84300
63.85100
63.85400
63.85500
63.85800
63.85900
63.87100
63.87400
63.88200
63.89200
63.89300
63.89700
63.90200
63.90300
63.90500
63.90600
63.91100
63.92000
63.92000
63.92700
63.92400
63.92200
63.92200
63.92700
63.93500
63.93400
63.93400
63.94700
63.95900
63.95900
63.96000
63.96700
63.96900
63.97300
63.97100
63.98400
63.99000
63.99100
63.99200
63.99500
64.00300
64.00900
64.01400
64.01400
64.01900
64.02800
64.03000
64.02700
64.03200
64.03700
64.04200
64.04400
64.05000
64.06000
64.06500
64.06800
64.07200
64.07500
64.07900
64.08100
64.08200
64.08100
64.08900
64.09200
64.09600
64.10400
64.10900
64.11400
64.11800
64.12400
64.12600
64.13400
64.13900
64.14600
64.14800
64.15300
64.16200
64.16500
64.17000
64.17300
64.18000
64.18300
64.19100
64.18800
64.19500
64.19800
64.20400
64.20800
64.21000
64.21800
64.21800
64.22400
64.23800
64.23900
64.24600
64.24300
64.25300
64.25700
64.26600
64.26900
64.26800
64.26900
64.27700
64.27800
64.28100
64.28200
64.27900
64.27800
64.28100
64.28700
64.29100
64.30200
64.30500
64.30700
64.30700
64.30400
64.31200
64.31400
64.31500
64.31900
64.32600
64.32200
64.32400
64.33300
64.33400
64.34000
64.34300
64.34700
64.34800
64.35700
64.36000
64.35800
64.35900
64.36600
64.37100
64.37300
64.36900
64.37400
64.38200
64.38500
64.38600
64.39000
64.39100
64.40300
64.40500
64.39900
64.39700
64.41100
64.41200
64.41200
64.42200
64.43100
64.43200
64.43600
64.44500
64.44800
64.45700
64.45300
64.45800
64.46100
64.46100
64.45900
64.46900
64.47400
64.47300
64.48200
64.49000
64.49000
64.50000
64.50400
64.50200
64.51400
64.51400
64.51600
64.52600
64.52800
64.53300
64.53600
64.53600
64.53200
64.53700
64.53800
64.53800
64.54000
64.54200
64.54600
64.54700
64.55200
64.55500
64.55400
64.56200
64.56700
64.57100
64.57500
64.57500
64.58100
64.58800
64.58800
64.59100
64.59600
64.60000
64.60500
64.60700
64.61300
64.61700
64.61800
64.62500
64.62800
64.63500
64.64000
64.65100
64.65500
64.65400
64.66000
64.66000
64.66600
64.67600
64.68100
64.68700
64.69300
64.69400
64.69300
64.69800
64.70400
64.71300
64.71500
64.71900
64.72900
64.73200
64.73600
64.73900
64.74200
64.74700
64.74900
64.75200
64.75700
64.75800
64.75900
64.76600
64.76900
64.77000
64.77000
64.77500
64.77400
64.77700
64.78400
64.77800
64.78400
64.78300
64.78200
64.79200
64.80100
64.80200
64.80100
64.80500
64.80300
64.81100
64.81000
64.82200
64.82200
64.82200
64.82600
64.82500
64.82700
64.82500
64.82400
64.83800
64.83900
64.84400
64.84800
64.85300
64.86000
64.85900
64.86100
64.86400
64.86300
64.86700
64.86500
64.86900
64.86700
64.87000
64.87900
64.88900
64.88900
64.89600
64.89700
64.90200
64.90800
64.91000
64.91100
64.90800
64.91100
64.91600
64.91900
64.92500
64.92900
64.93400
64.93700
64.93800
64.93900
64.94400
64.95000
64.94900
64.95300
64.95200
64.95500
64.96400
64.96200
64.96800
64.97300
64.97400
64.97900
64.98400
64.98600
64.99200
64.99000
64.99400
65.00100
65.00400
65.00900
65.01600
65.02400
65.02600
65.02800
65.03300
65.03700
65.04100
65.04200
65.04000
65.04400
65.05200
65.05800
65.06900
65.06900
65.07300
65.07600
65.07700
65.08400
65.08600
65.08900
65.09300
65.09400
65.09900
65.09600
65.09700
65.10400
65.10400
65.11000
65.10900
65.11200
65.11800
65.11900
65.12100
65.13800
65.13500
65.14400
65.14900
65.15000
65.15200
65.15700
65.16200
65.16500
65.16900
65.17100
65.17700
65.18600
65.19000
65.19300
65.19700
65.20200
65.21100
65.22500
65.22600
65.22600
65.22300
65.22300
65.22600
65.22900
65.23800
65.24100
65.24000
65.24300
65.24900
65.25500
65.25500
65.25900
65.25700
65.26300
65.26500
65.26800
65.27700
65.27800
65.28200
65.28600
65.28600
65.29100
65.29100
65.29500
65.30000
65.30200
65.30600
65.30400
65.30500
65.30600
65.31100
65.31500
65.32400
65.32700
65.33100
65.33400
65.34600
65.35000
65.35300
65.35700
65.36200
65.37100
65.37200
65.37400
65.37800
65.38100
65.38300
65.39000
65.38900
65.38800
65.39200
65.39700
65.40000
65.40800
65.41200
65.42000
65.42100
65.42500
65.42700
65.43500
65.43400
65.43800
65.43700
65.44300
65.44500
65.45200
65.45300
65.45800
65.46500
65.46500
65.46400
65.47600
65.47500
65.47900
65.48400
65.48700
65.48600
65.48700
65.48500
65.48800
65.49000
65.49700
65.50000
65.51200
65.51200
65.51700
65.52000
65.52600
65.52900
65.53500
65.53700
65.54100
65.54100
65.54300
65.54700
65.54900
65.55300
65.55700
65.56400
65.56800
65.57500
65.58400
65.58300
65.58100
65.59300
65.59700
65.60600
65.60900
65.61000
65.61400
65.62300
65.62900
65.63000
65.62700
65.63200
65.63700
65.64700
65.65400
65.65300
65.66100
65.67200
65.67400
65.68200
65.68300
65.68400
65.69400
65.69500
65.69700
65.69800
65.70500
65.70800
65.71200
65.72200
65.72400
65.72600
65.72800
65.73500
65.73900
65.74500
65.75200
65.75600
65.75900
65.76300
65.76700
65.77300
65.77900
65.78600
65.78900
65.79200
65.79600
65.79700
65.79800
65.80300
65.80700
65.81400
65.81500
65.81900
65.83100
65.83600
65.84100
65.84000
65.84600
65.84700
65.84600
65.85500
65.85700
65.85600
65.85800
65.86200
65.86500
65.87300
65.87400
65.87400
65.87700
65.88300
65.88800
65.88700
65.89600
65.89500
65.89700
65.90600
65.91900
65.91800
65.92000
65.92500
65.93100
65.93200
65.93600
65.94200
65.94000
65.94200
65.95100
65.95300
65.96200
65.96900
65.97500
65.97800
65.98500
65.99500
66.00100
66.00600
66.00900
66.01000
66.01900
66.02300
66.02600
66.02900
66.03400
66.03600
66.04000
66.04800
66.04700
66.05500
66.05800
66.06000
66.06700
66.07600
66.08200
66.08600
66.08200
66.08600
66.09500
66.09500
66.10300
66.10900
66.11400
66.11900
66.12200
66.12100
66.13100
66.13900
66.14700
66.14900
66.15200
66.15600
66.15400
66.15800
66.16600
66.17400
66.17900
66.18200
66.18600
66.19100
66.19100
66.20000
66.21000
66.21400
66.21900
66.22100
66.22600
66.22300
66.22300
66.22300
66.23600
66.23600
66.24200
66.24400
66.24700
66.24700
66.25100
66.25100
66.25400
66.25200
66.25500
66.26800
66.27100
66.27300
66.27700
66.28100
66.28300
66.28400
66.28400
66.28900
66.29400
66.30100
66.30700
66.30800
66.31400
66.31200
66.31400
66.31800
66.32800
66.32900
66.33000
66.33400
66.33600
66.33800
66.34200
66.34100
66.34800
66.34900
66.35200
66.35600
66.35600
66.35600
66.36100
66.36500
66.37100
66.37900
66.37400
66.37500
66.38900
66.39100
66.38800
66.39200
66.39400
66.39700
66.39700
66.40000
66.40100
66.40700
66.41100
66.42000
66.42400
66.42600
66.43100
66.43200
66.43300
66.43700
66.44000
66.44700
66.45300
66.45600
66.45700
66.46000
66.46400
66.46400
66.47000
66.47400
66.47200
66.47700
66.47600
66.47500
66.48300
66.48000
66.48500
66.49000
66.49800
66.49600
66.50100
66.50300
66.50200
66.50700
66.51200
66.51100
66.51300
66.52000
66.51600
66.51800
66.51500
66.51700
66.52300
66.52200
66.53100
66.53000
66.53400
66.53800
66.53900
66.54100
66.54500
66.54900
66.55400
66.56100
66.56300
66.56300
66.56400
66.56100
66.57200
66.57400
66.57500
66.57500
66.57300
66.57800
66.58600
66.58600
66.58600
66.58500
66.58700
66.58800
66.59000
66.59800
66.59900
66.60400
66.61400
66.61500
66.61600
66.62000
66.61900
66.62200
66.62200
66.62700
66.63200
66.63000
66.62800
66.62800
66.63200
66.63200
66.63500
66.63900
66.64300
66.64700
66.64500
66.64600
66.64900
66.65100
66.65400
66.65600
66.65900
66.66300
66.67100
66.66800
66.67100
66.68000
66.68200
66.68700
66.69000
66.69300
66.69600
66.69200
66.69300
66.69600
66.70000
66.70000
66.69600
66.69900
66.71000
66.71300
66.71800
66.71700
66.72200
66.72300
66.72900
66.72900
66.73100
66.73400
66.73400
66.73800
66.74200
66.73800
66.74300
66.75100
66.75400
66.75500
66.76000
66.76700
66.76900
66.77000
66.77600
66.78200
66.78400
66.78500
66.78700
66.78900
66.79300
66.79100
66.79300
66.79500
66.80000
66.80300
66.80600
66.81200
66.81600
66.82200
66.82300
66.82500
66.82900
66.83200
66.83500
66.83600
66.83700
66.84200
66.84700
66.84800
66.84800
66.85200
66.85400
66.85700
66.85800
66.86900
66.86900
66.87000
66.86700
66.87300
66.87900
66.88200
66.89000
66.88600
66.88700
66.88600
66.88800
66.89100
66.89700
66.90400
66.90600
66.90200
66.90800
66.91500
66.91300
66.92100
66.92100
66.92400
66.92500
66.92400
66.92500
66.92700
66.92900
66.93400
66.94000
66.94400
66.95000
66.95100
66.95000
66.95800
66.96300
66.96300
66.96300
66.96900
66.97300
66.97800
66.98200
66.98200
66.98900
66.99800
66.99800
66.99800
67.00000
67.00500
67.00900
67.01400
67.01500
67.01800
67.02100
67.02500
67.03600
67.03800
67.03800
67.04300
67.04500
67.04600
67.05000
67.05600
67.06100
67.06400
67.06700
67.06900
67.07300
67.08000
67.08100
67.09000
67.09100
67.09400
67.09700
67.10400
67.10000
67.10500
67.10600
67.10700
67.11000
67.11200
67.12100
67.12500
67.12500
67.12300
67.12100
67.12500
67.12800
67.13200
67.13500
67.13600
67.14100
67.14100
67.14000
67.14400
67.15500
67.15100
67.15900
67.16200
67.16800
67.17200
67.17800
67.18000
67.18400
67.18500
67.18700
67.19100
67.19900
67.20200
67.20700
67.20600
67.21000
67.21300
67.22000
67.22200
67.23200
67.23600
67.23700
67.23900
67.24000
67.24500
67.25000
67.25500
67.26000
67.26100
67.26500
67.26700
67.26700
67.27200
67.27500
67.27900
67.28700
67.29200
67.29600
67.30100
67.30200
67.30700
67.30900
67.31800
67.32100
67.32500
67.32400
67.33100
67.33500
67.33800
67.33900
67.33900
67.34200
67.35100
67.35100
67.35400
67.35500
67.36700
67.37000
67.36700
67.36900
67.36900
67.37000
67.37200
67.38300
67.38100
67.38100
67.38400
67.38900
67.39200
67.39500
67.39800
67.40000
67.40300
67.40800
67.41300
67.42100
67.42300
67.42900
67.43200
67.43300
67.43200
67.43400
67.43800
67.44100
67.44100
67.44700
67.44800
67.45100
67.45900
67.46200
67.46900
67.47100
67.47300
67.47600
67.47800
67.48300
67.48400
67.48700
67.48900
67.49500
67.49900
67.50800
67.50700
67.50900
67.51100
67.52000
67.52300
67.52300
67.52900
67.53400
67.54400
67.54300
67.54700
67.55900
67.56700
67.56900
67.57500
67.57500
67.57600
67.57700
67.58000
67.58400
67.59000
67.59400
67.59400
67.59900
67.60200
67.60600
67.61300
67.61800
67.62200
67.62600
67.62500
67.62500
67.62900
67.63200
67.63900
67.64000
67.64400
67.64500
67.64800
67.65200
67.65400
67.66000
67.66200
67.66100
67.66200
67.66400
67.66900
67.66800
67.67000
67.67600
67.67600
67.68100
67.68400
67.68700
67.68800
67.69400
67.69400
67.70100
67.70700
67.70800
67.71200
67.71000
67.71700
67.71800
67.72700
67.72900
67.73400
67.73900
67.73800
67.73900
67.74300
67.74500
67.75400
67.75800
67.76400
67.76500
67.76600
67.76500
67.76500
67.77300
67.77700
67.78400
67.78400
67.78600
67.78300
67.78600
67.79100
67.79700
67.80000
67.80500
67.81100
67.80900
67.81500
67.81400
67.81800
67.81700
67.82500
67.83200
67.83500
67.83500
67.83500
67.83500
67.83500
67.84200
67.84100
67.84700
67.84900
67.84700
67.85100
67.86100
67.86400
67.86500
67.86900
67.87000
67.87900
67.88300
67.88200
67.88200
67.88300
67.88800
67.89400
67.90100
67.90500
67.90300
67.90600
67.90500
67.90700
67.90700
67.91700
67.91300
67.91600
67.92300
67.92900
67.93000
67.94000
67.93800
67.93900
67.94300
67.94200
67.94700
67.94900
67.95200
67.95500
67.95800
67.95900
67.96200
67.96400
67.96500
67.97300
67.97900
67.97800
67.98800
67.99100
67.99700
68.00200
68.00000
67.99700
68.00200
68.00100
68.00300
68.00600
68.00800
68.01200
68.01500
68.02300
68.02700
68.03400
68.03400
68.03900
68.04600
68.05000
68.05400
68.05400
68.05500
68.05500
68.05300
68.06200
68.06200
68.06600
68.06800
68.06900
68.07000
68.07700
68.08100
68.08600
68.09700
68.09700
68.09900
68.10600
68.11000
68.11100
68.11100
68.11600
68.11700
68.11900
68.12200
68.12600
68.13000
68.13800
68.14400
68.14600
68.14900
68.15200
68.15000
68.15000
68.15500
68.15900
68.16200
68.16200
68.16600
68.16700
68.17200
68.18100
68.18800
68.18800
68.19000
68.19200
68.19400
68.20200
68.20700
68.20500
68.20700
68.21000
68.21200
68.21400
68.21600
68.22200
68.22500
68.23700
68.23900
68.24300
68.24700
68.25400
68.26000
68.26100
68.27000
68.27400
68.27500
68.27800
68.27600
68.27500
68.28100
68.28700
68.28900
68.29000
68.29100
68.29500
68.29800
68.30300
68.30100
68.31200
68.31500
68.31900
68.32000
68.32500
68.33300
68.33400
68.33700
68.34100
68.34400
68.34600
68.35100
68.35400
68.35400
68.36600
68.36500
68.36700
68.37200
68.37300
68.37800
68.38300
68.38400
68.38900
68.39100
68.39300
68.39500
68.39900
68.40400
68.40200
68.40300
68.40200
68.40400
68.40800
68.41300
68.41300
68.41500
68.41300
68.41200
68.42100
68.42200
68.42700
68.43500
68.43700
68.44100
68.44100
68.44300
68.44500
68.44800
68.45000
68.45200
68.45400
68.45700
68.46000
68.45800
68.46300
68.46700
68.47300
68.47800
68.48200
68.48200
68.48300
68.48000
68.48300
68.48600
68.49100
68.49200
68.49400
68.49100
68.49400
68.49600
68.49400
68.49600
68.49800
68.50000
68.50100
68.50200
68.50300
68.51000
68.51000
68.51100
68.51200
68.51600
68.51700
68.52400
68.52400
68.52200
68.52700
68.52600
68.52500
68.52800
68.52700
68.53100
68.53200
68.53200
68.53500
68.53700
68.53900
68.54300
68.54600
68.54800
68.54700
68.54700
68.54700
68.55000
68.55200
68.55500
68.55300
68.55800
68.56300
68.56200
68.56600
68.57200
68.57100
68.57400
68.57100
68.57700
68.57600
68.57600
68.57400
68.57900
68.58200
68.58300
68.58900
68.59100
68.59300
68.59700
68.59600
68.60400
68.60300
68.60400
68.61100
68.61300
68.61200
68.61500
68.61100
68.61000
68.61200
68.61700
68.62100
68.62600
68.62400
68.63000
68.63300
68.63700
68.64000
68.64200
68.64100
68.64400
68.64500
68.64900
68.64900
68.64900
68.65000
68.65400
68.65400
68.66000
68.66400
68.66800
68.67300
68.68100
68.68300
68.68700
68.69000
68.69300
68.69200
68.69700
68.69900
68.70400
68.70600
68.70800
68.71200
68.71000
68.71400
68.72100
68.72400
68.72700
68.72700
68.72800
68.72900
68.72900
68.73200
68.72900
68.73100
68.73100
68.73000
68.73300
68.73500
68.73800
68.74300
68.74400
68.74700
68.75100
68.75000
68.75200
68.75300
68.75900
68.76100
68.76700
68.76900
68.76800
68.77300
68.77300
68.77200
68.78000
68.78500
68.78600
68.78700
68.79200
68.79600
68.79700
68.80000
68.80200
68.80700
68.81000
68.81300
68.82000
68.82100
68.82400
68.82400
68.82400
68.83100
68.83600
68.84000
68.84300
68.84500
68.84900
68.84800
68.85000
68.85400
68.85600
68.85900
68.86100
68.85800
68.85800
68.86200
68.87100
68.87000
68.87400
68.87500
68.88100
68.88100
68.88800
68.89100
68.89400
68.89300
68.89700
68.90100
68.90500
68.90700
68.90800
68.90800
68.90800
68.91100
68.91600
68.91600
68.91800
68.92100
68.92200
68.92700
68.92600
68.92900
68.93300
68.93600
68.94100
68.94500
68.94900
68.95100
68.95300
68.95900
68.96600
68.96900
68.97000
68.97300
68.97900
68.98400
68.99100
68.99100
68.99300
68.99400
69.00000
69.00600
69.01000
69.01000
69.01500
69.01900
69.02700
69.03400
69.03500
69.04000
69.04300
69.04900
69.05400
69.05600
69.05800
69.06400
69.07000
69.07300
69.08000
69.08800
69.09200
69.09700
69.10100
69.10100
69.10700
69.11600
69.12000
69.12700
69.13500
69.13800
69.14000
69.14300
69.15000
69.15500
69.15900
69.16400
69.16700
69.17300
69.17500
69.17700
69.18400
69.18900
69.19400
69.20200
69.20400
69.20800
69.21200
69.21700
69.22100
69.22600
69.22800
69.22900
69.23200
69.23700
69.23800
69.24400
69.25000
69.25200
69.25400
69.25900
69.26500
69.26800
69.26900
69.27000
69.27800
69.27800
69.27900
69.28500
69.28800
69.29400
69.30000
69.30200
69.30500
69.30600
69.30800
69.30900
69.31000
69.31600
69.32000
69.32600
69.32800
69.33000
69.33300
69.33300
69.33700
69.33900
69.34300
69.34700
69.34700
69.35100
69.35300
69.35600
69.36000
69.36000
69.36100
69.36400
69.36400
69.37000
69.37200
69.37600
69.37800
69.38400
69.38700
69.38900
69.39000
69.39100
69.39200
69.39600
69.40000
69.40200
69.40600
69.40800
69.40800
69.41200
69.41400
69.41700
69.41800
69.42100
69.42400
69.42600
69.42800
69.42900
69.43300
69.43500
69.43600
69.43800
69.44200
69.44400
69.44400
69.44700
69.44800
69.44900
69.45000
69.45300
69.45700
69.45600
69.45900
69.46000
69.46400
69.46500
69.46800
69.46900
69.47200
69.47400
69.47600
69.47800
69.48100
69.48400
69.48600
69.48700
69.48800
69.49000
69.49300
69.49300
69.49400
69.49400
69.49700
69.50100
69.50400
69.50400
69.50600
69.50700
69.50800
69.50900
69.51000
69.51000
69.51300
69.51300
69.51700
69.51700
69.52100
69.52200
69.52200
69.52400
69.52600
69.52900
69.53000
69.53100
69.53100
69.53400
69.53700
69.53700
69.53700
69.53800
69.54000
69.54000
69.54300
69.54600
69.54700
69.54700
69.54800
69.55100
69.55100
69.55200
69.55200
69.55500
69.56000
69.56100
69.56200
69.56200
69.56200
69.56400
69.56500
69.56800
69.56800
69.56600
69.57000
69.57200
69.57400
69.57500
69.57500
69.57800
69.57800
69.57800
69.57600
69.57800
69.57700
69.57500
69.57900
69.57900
69.58300
69.58300
69.58500
69.58300
69.58400
69.58400
69.58300
69.58500
69.58600
69.58500
69.58500
69.58400
69.58600
69.58300
69.58300
69.58300
69.58400
69.58400
69.58100
69.58400
69.58800
69.58700
69.58600
69.58400
69.58500
69.58500
69.58500
69.58500
69.58600
69.58700
69.58900
69.59000
69.59100
69.59100
69.59000
69.59100
69.59400
69.59500
69.59600
69.59600
69.59400
69.59300
69.59400
69.59500
69.59400
69.59400
69.59400
69.59600
69.59600
69.59400
69.59600
69.59600
69.59600
69.59600
69.59700
69.59700
69.59800
69.59900
69.60000
69.59900
69.60400
69.60200
69.60400
69.60500
69.60500
69.60300
69.60300
69.60500
69.60600
69.60900
69.61100
69.61200
69.61100
69.61200
69.61300
69.61200
69.61100
69.61100
69.61100
69.61300
69.61300
69.61300
69.61300
69.61100
69.61000
69.61100
69.61100
69.61100
69.61000
69.60900
69.61100
69.61300
69.61400
69.61300
69.61000
69.61100
69.61100
69.61000
69.61200
69.61100
69.60800
69.60800
69.60900
69.60900
69.60800
69.60900
69.61000
69.60700
69.60600
69.60600
69.60600
69.60500
69.60500
69.60500
69.60600
69.60600
69.60400
69.60400
69.60500
69.60300
69.60300
69.60300
69.60200
69.60300
69.60200
69.60100
69.60000
69.60000
69.59900
69.59900
69.59700
69.59600
69.59600
69.59700
69.59700
69.59700
69.59500
69.59400
69.59300
69.59200
69.59100
69.59200
69.58900
69.58900
69.58800
69.58900
69.58700
69.58800
69.58900
69.58900
69.58900
69.59000
69.58900
69.59000
69.58900
69.58600
69.58400
69.58400
69.58300
69.58200
69.58100
69.57800
69.57900
69.57800
69.57600
69.57500
69.57300
69.57400
69.57500
69.57600
69.57400
69.57400
69.57300
69.57400
69.57300
69.57100
69.57100
69.57000
69.57100
69.57300
69.57300
69.57100
69.57000
69.57100
69.56800
69.56900
69.57100
69.57100
69.57200
69.56900
69.57100
69.56900
69.56900
69.56900
69.57000
69.57100
69.57100
69.57000
69.57000
69.57100
69.56900
69.56900
69.57000
69.57100
69.57000
69.57000
69.57100
69.57000
69.56800
69.56900
69.56800
69.56800
69.56800
69.56700
69.56700
69.56700
69.56600
69.56700
69.56800
69.56600
69.56500
69.56700
69.56800
69.56900
69.56800
69.56800
69.56700
69.56800
69.56900
69.57100
69.56900
69.56900
69.56900
69.56600
69.56800
69.56800
69.56700
69.56700
69.56700
69.56800
69.56800
69.56800
69.56700
69.56500
69.56500
69.56700
69.57000
69.57100
69.56900
69.57100
69.56900
69.56700
69.56700
69.56600
69.56700
69.56500
69.56600
69.56800
69.56800
69.56800
69.56900
69.57100
69.57000
69.57200
69.57200
69.57100
69.57000
69.57100
69.57200
69.57300
69.57200
69.57200
69.57200
69.57300
69.57200
69.57100
69.57100
69.57100
69.57200
69.57200
69.57200
69.57300
69.57500
69.57600
69.57600
69.57400
69.57500
69.57600
69.57600
69.58000
69.58100
69.58100
69.58000
69.58000
69.58000
69.58200
69.58100
69.57900
69.57800
69.57800
69.58000
69.58000
69.58200
69.58200
69.58100
69.58200
69.58300
69.58500
69.58300
69.58200
69.58200
69.58200
69.58200
69.58000
69.58200
69.58100
69.58000
69.58100
69.58200
69.58200
69.58300
69.58300
69.58400
69.58500
69.58600
69.58600
69.58500
69.58500
69.58400
69.58600
69.58600
69.58500
69.58700
69.58600
69.58700
69.58900
69.59000
69.59000
69.59200
69.59300
69.59200
69.59200
69.59100
69.59100
69.59200
69.59100
69.59100
69.59300
69.59200
69.59200
69.59300
69.59400
69.59300
69.59200
69.59200
69.59300
69.59400
69.59400
69.59400
69.59500
69.59700
69.59800
69.59800
69.60100
69.60100
69.60100
69.60100
69.60100
69.60300
69.60300
69.60300
69.60400
69.60500
69.60500
69.60800
69.60800
69.60600
69.60600
69.60600
69.60600
69.60900
69.60800
69.60900
69.60900
69.60900
69.61100
69.61200
69.61200
69.61100
69.61000
69.61000
69.60900
69.60900
69.60900
69.60900
69.61000
69.61200
69.61300
69.61400
69.61500
69.61500
69.61400
69.61400
69.61500
69.61400
69.61500
69.61600
69.61600
69.61600
69.61600
69.61600
69.61700
69.61700
69.62000
69.61900
69.61900
69.61800
69.61700
69.61700
69.61700
69.61800
69.61900
69.61800
69.61800
69.61900
69.61900
69.62000
69.62000
69.62100
69.62200
69.62200
69.62400
69.62400
69.62500
69.62400
69.62400
69.62200
69.62200
69.62300
69.62400
69.62400
69.62500
69.62700
69.62700
69.63000
69.63000
69.62900
69.62900
69.63000
69.63100
69.63300
69.63400
69.63600
69.63600
69.63600
69.63700
69.63800
69.63900
69.64000
69.64100
69.64100
69.64300
69.64400
69.64600
69.64600
69.64800
69.64900
69.65100
69.65300
69.65400
69.65400
69.65500
69.65500
69.65600
69.65600
69.66000
69.66000
69.66200
69.66300
69.66300
69.66300
69.66600
69.66600
69.67000
69.67200
69.67200
69.67200
69.67200
69.67200
69.67200
69.67400
69.67400
69.67500
69.68000
69.68000
69.68300
69.68400
69.68500
69.68600
69.68600
69.68800
69.68900
69.68900
69.68900
69.68900
69.68900
69.69000
69.69100
69.69200
69.69200
69.69300
69.69400
69.69500
69.69500
69.69700
69.69700
69.69900
69.70100
69.70100
69.70100
69.70100
69.70200
69.70400
69.70500
69.70600
69.70800
69.70800
69.70900
69.71100
69.71200
69.71300
69.71400
69.71400
69.71500
69.71700
69.71700
69.71800
69.72000
69.72100
69.72100
69.72200
69.72200
69.72400
69.72500
69.72600
69.72600
69.72800
69.72900
69.72800
69.72900
69.72900
69.72900
69.73200
69.73300
69.73400
69.73400
69.73500
69.73500
69.73500
69.73700
69.73800
69.73900
69.73900
69.73900
69.74100
69.74200
69.74300
69.74300
69.74600
69.74700
69.74700
69.74800
69.74800
69.74900
69.75000
69.75100
69.75200
69.75300
69.75500
69.75500
69.75600
69.75700
69.76000
69.76000
69.76100
69.76100
69.76300
69.76300
69.76400
69.76600
69.76600
69.76900
69.77000
69.76900
69.76900
69.76900
69.77000
69.77200
69.77300
69.77400
69.77600
69.77600
69.77700
69.77800
69.77800
69.78000
69.78100
69.78200
69.78400
69.78400
69.78500
69.78500
69.78500
69.78500
69.78500
69.78600
69.78700
69.79000
69.79100
69.79200
69.79200
69.79400
69.79600
69.79600
69.79600
69.79600
69.79800
69.79800
69.80100
69.80100
69.80100
69.80100
69.80200
69.80300
69.80400
69.80500
69.80600
69.80600
69.80600
69.80700
69.80700
69.80800
69.81000
69.81200
69.81200
69.81200
69.81400
69.81700
69.81700
69.81800
69.81800
69.81800
69.81900
69.82000
69.82100
69.82100
69.82200
69.82500
69.82500
69.82500
69.82500
69.82600
69.82700
69.82700
69.82900
69.83200
69.83200
69.83300
69.83400
69.83400
69.83600
69.83600
69.83700
69.83700
69.83900
69.84000
69.84000
69.84000
69.84100
69.84400
69.84500
69.84600
69.84600
69.84700
69.84800
69.84800
69.84900
69.84900
69.85100
69.85200
69.85200
69.85300
69.85400
69.85600
69.85600
69.85600
69.85700
69.85700
69.85900
69.86000
69.86100
69.86200
69.86300
69.86300
69.86500
69.86500
69.86500
69.86600
69.86700
69.86800
69.87000
69.87200
69.87200
69.87200
69.87300
69.87300
69.87300
69.87400
69.87500
69.87600
69.87600
69.87700
69.87700
69.87800
69.88100
69.88100
69.88200
69.88300
69.88500
69.88500
69.88600
69.88600
69.88600
69.88700
69.88700
69.88800
69.88900
69.89100
69.89200
69.89200
69.89300
69.89300
69.89400
69.89500
69.89500
69.89500
69.89800
69.89900
69.90000
69.90100
69.90200
69.90200
69.90200
69.90300
69.90400
69.90500
69.90500
69.90600
69.90800
69.90900
69.90900
69.90900
69.91100
69.91200
69.91300
69.91500
69.91600
69.91700
69.91700
69.91700
69.92000
69.92100
69.92300
69.92300
69.92400
69.92400
69.92600
69.92600
69.92600
69.92600
69.92700
69.92900
69.92900
69.92900
69.93000
69.93300
69.93400
69.93600
69.93600
69.93800
69.93900
69.94000
69.94200
69.94300
69.94500
69.94600
69.94600
69.94700
69.94700
69.94800
69.94800
69.94800
69.95200
69.95300
69.95300
69.95600
69.95700
69.95700
69.95700
69.95700
69.95700
69.95800
69.95900
69.95900
69.96100
69.96200
69.96200
69.96400
69.96400
69.96600
69.96800
69.96800
69.96800
69.96900
69.96900
69.97000
69.97100
69.97000
69.97100
69.97200
69.97100
69.97100
69.97300
69.97300
69.97300
69.97300
69.97300
69.97500
69.97600
69.97700
69.97900
69.98000
69.98000
69.98000
69.98000
69.98000
69.98100
69.98100
69.98100
69.98300
69.98400
69.98400
69.98300
69.98300
69.98400
69.98500
69.98500
69.98600
69.98900
69.98900
69.99000
69.99000
69.99000
69.99100
69.99100
69.99100
69.99100
69.99300
69.99400
69.99400
69.99500
69.99600
69.99800
69.99800
69.99900
70.00100
70.00300
70.00300
70.00300
70.00300
70.00400
70.00500
70.00600
70.00700
70.00700
70.00700
70.00800
70.00800
70.00800
70.00900
70.00900
70.01100
70.01300
70.01300
70.01300
70.01400
70.01500
70.01600
70.01600
70.01600
70.01700
70.01800
70.01900
70.02000
70.02000
70.02000
70.02000
70.02100
70.02100
70.02200
70.02300
70.02400
70.02400
70.02400
70.02500
70.02600
70.02800
70.02700
70.02800
70.02800
70.02800
70.02900
70.03000
70.03100
70.03200
70.03400
70.03500
70.03600
70.03600
70.03600
70.03600
70.03800
70.03900
70.04000
70.04000
70.04100
70.04100
70.04100
70.04300
70.04500
70.04500
70.04500
70.04400
70.04400
70.04700
70.04700
70.04900
70.04900
70.04900
70.05000
70.05000
70.05100
70.05100
70.05200
70.05200
70.05400
70.05500
70.05500
70.05600
70.05700
70.05700
70.05800
70.06000
70.06000
70.06200
70.06400
70.06400
70.06500
70.06500
70.06500
70.06600
70.06600
70.06700
70.06600
70.06800
70.06800
70.07000
70.07000
70.07100
70.07200
70.07300
70.07400
70.07500
70.07600
70.07600
70.07600
70.07500
70.07600
70.07600
70.07700
70.07700
70.07800
70.08000
70.08100
70.08300
70.08300
70.08500
70.08400
70.08500
70.08600
70.08600
70.08700
70.08900
70.08800
70.08900
70.08900
70.08900
70.09000
70.09000
70.08900
70.09000
70.09200
70.09300
70.09300
70.09300
70.09400
70.09500
70.09700
70.09600
70.09700
70.09600
70.09600
70.09800
70.09900
70.09900
70.09900
70.10000
70.09900
70.10100
70.10200
70.10200
70.10100
70.10300
70.10400
70.10500
70.10800
70.10800
70.10700
70.10800
70.10800
70.10800
70.10800
70.10800
70.11000
70.11000
70.11000
70.11300
70.11400
70.11400
70.11500
70.11400
70.11600
70.11700
70.11700
70.11700
70.11700
70.11900
70.11900
70.12100
70.12200
70.12200
70.12200
70.12200
70.12500
70.12600
70.12600
70.12600
70.12700
70.12800
70.13000
70.13100
70.13100
70.13000
70.13100
70.13200
70.13200
70.13100
70.13100
70.13200
70.13100
70.13100
70.13300
70.13400
70.13500
70.13600
70.13500
70.13600
70.13800
70.13800
70.13800
70.13700
70.13700
70.13800
70.14000
70.14000
70.14000
70.14100
70.14300
70.14300
70.14400
70.14600
70.14500
70.14500
70.14700
70.14700
70.14600
70.14500
70.14700
70.14700
70.14600
70.14700
70.14700
70.14900
70.14900
70.14800
70.14900
70.14900
70.15000
70.15000
70.15100
70.15200
70.15300
70.15200
70.15300
70.15400
70.15400
70.15400
70.15300
70.15300
70.15400
70.15200
70.15400
70.15400
70.15600
70.15600
70.15600
70.15500
70.15500
70.15500
70.15700
70.15900
70.15800
70.15900
70.16000
70.15800
70.15700
70.15700
70.15600
70.15800
70.15700
70.15800
70.15700
70.15700
70.15700
70.15900
70.15800
70.15700
70.15800
70.15800
70.15900
70.15800
70.15800
70.15700
70.15700
70.15500
70.15600
70.15700
70.15700
70.15700
70.15800
70.15800
70.15800
70.16000
70.15900
70.16000
70.16000
70.16100
70.16100
70.16200
70.16100
69.68667
69.68667
69.68556
69.68556
69.58375
69.58375
69.58375
69.58500
69.58500
69.58500
69.58625
69.58750
69.58750
69.58875
69.58750
69.58750
69.58875
69.58875
69.58750
69.58875
69.58750
69.58750
69.58875
69.59000
69.78286
69.78429
69.78429
69.78429
69.78429
69.78286
69.78286
69.78429
69.78571
69.78571
69.78714
69.78857
69.78857
69.79000
69.79143
69.79000
69.79000
69.79000
69.79000
69.79000
69.79000
69.79143
69.79429
69.79571
69.79571
69.79571
69.79571
69.79714
69.79714
69.79857
69.79714
69.79714
69.79857
69.79857
69.80143
69.80286
69.80286
69.80429
69.80571
69.80571
69.80857
69.80857
69.80857
69.81000
69.81000
69.81000
69.81000
69.81000
69.81000
69.81000
69.81000
69.81143
69.81143
69.81429
69.81429
69.81571
69.81714
69.81714
69.81857
69.82000
69.82000
69.82143
69.82143
69.82286
69.82286
69.82429
69.82429
69.82571
69.82571
69.82714
69.82714
69.82714
69.83143
69.83143
69.83143
69.83286
69.83429
69.83714
69.83857
69.83857
69.83857
69.84000
69.84000
69.84000
69.84143
69.84143
69.84143
69.84286
69.84286
69.84571
69.84714
69.84857
69.85000
69.85143
69.85143
69.85286
69.85286
69.85429
69.85429
69.85429
69.85429
69.85571
69.85571
69.85571
69.85571
69.85571
69.85571
69.85714
69.85714
69.85857
69.86143
69.86286
69.86429
69.86571
69.86714
69.86714
69.86714
69.86714
69.87286
69.87429
69.87429
69.97500
69.97500
69.97667
69.97667
69.97667
69.97667
69.97833
69.98000
69.98167
69.98500
69.98500
69.98500
69.98500
69.98500
69.98667
69.98667
69.98667
69.98667
69.98667
69.98667
69.98333
69.98333
69.98500
69.98667
69.99000
69.99167
69.99167
69.99167
69.99333
69.99333
69.99333
69.99333
69.99333
69.99167
69.99167
69.99167
69.99333
69.99333
69.99333
69.99500
69.99500
69.99500
69.99667
69.99833
69.99833
69.99833
69.99833
70.00000
70.00000
70.00000
70.00167
71.62000
71.62000
71.62400
71.62400
71.62400
71.62400
71.62400
71.62200
71.62200
71.62200
71.62200
71.62200
71.62400
71.62400
71.62600
71.62600
71.57000
71.56750
71.57000
71.57000
71.57000
71.57000
72.05333
72.05667
72.05333
72.05333
72.05333
72.05333
72.05333
72.05333
72.05333
72.05333
72.05000
72.05000
72.05333
72.05333
72.05333
72.05333
72.05333
72.05667
72.05333
72.05333
72.05333
72.05333
72.05333
72.05333
72.05333
72.04667
72.04667
72.05000
72.05000
72.05000
72.05000
72.05000
72.04667
72.04667
72.04667
72.04667
72.04667
72.04667
72.04667
72.05000
72.05000
72.04667
72.04667
72.04667
72.04667
72.04333
72.04333
72.04333
72.04333
72.04333
72.04333
72.04333
72.04333
72.04333
72.04333
72.04333
72.04667
72.04667
72.04667
72.04667
72.04333
72.04333
72.04333
72.04000
72.04000
72.04000
72.04000
72.03333
72.03333
72.03333
72.03333
72.03000
72.03000
72.02667
72.02667
70.56000
70.56000
70.56000
70.56000
70.56000
70.56000
70.56000
68.91000
68.92000
68.92000
68.92000
68.92000
68.92000
68.93000
68.93000
68.93000
68.93000
68.93000
68.93000
68.93000
68.93000
68.93000
68.93000
68.93000
68.93000
68.93000
68.94000
68.94000
68.94000
68.94000
68.94000
68.94000
68.94000
68.94000
68.94000
68.94000
68.94000
68.94000
68.95000
68.95000
68.95000
68.95000
68.95000
68.95000
68.95000
68.95000
68.95000
68.95000
68.95000
68.95000
68.96000
68.96000
68.96000
68.96000
68.96000
68.96000
68.96000
68.96000
68.96000
68.96000
68.96000
68.97000
68.97000
68.97000
68.97000
68.97000
68.97000
68.98000
68.98000
68.98000
68.98000
68.98000
68.98000
68.98000
68.98000
68.98000
68.98000
68.98000
68.98000
68.99000
68.99000
69.00000
69.00000
69.00000
69.00000
69.00000
69.00000
69.00000
69.00000
69.00000
69.00000
69.00000
69.00000
69.00000
69.00000
69.00000
69.01000
69.01000
69.01000
69.01000
69.02000
69.02000
69.02000
69.02000
69.02000
69.02000
69.02000
69.02000
69.02000
69.03000
69.03000
69.03000
69.03000
69.03000
69.03000
69.03000
69.03000
69.03000
69.03000
69.03000
69.03000
69.04000
69.04000
69.04000
69.04000
69.05000
69.05000
69.05000
69.05000
69.05000
69.05000
69.05000
69.05000
69.05000
69.05000
69.06000
69.06000
69.06000
69.07000
69.07000
69.07000
69.07000
69.07000
69.07000
69.07000
69.08000
69.08000
69.08000
69.08000
69.08000
69.08000
69.08000
69.08000
69.08000
69.08000
69.08000
69.08000
69.08000
69.08000
69.08000
69.08000
69.09000
69.09000
69.09000
69.09000
69.09000
69.09000
69.09000
69.09000
69.09000
69.09000
69.09000
69.09000
69.10000
69.10000
69.10000
69.10000
69.10000
69.11000
69.11000
69.11000
69.11000
69.11000
69.11000
69.11000
69.12000
69.12000
69.12000
69.12000
69.12000
69.12000
69.12000
69.12000
69.12000
69.12000
69.12000
69.12000
69.12000
69.12000
69.13000
69.13000
69.13000
69.13000
69.13000
69.13000
69.13000
69.13000
69.13000
69.13000
69.13000
69.13000
69.14000
69.14000
69.14000
69.14000
69.14000
69.14000
69.14000
69.14000
69.14000
69.14000
69.14000
69.14000
69.14000
69.15000
69.15000
69.15000
69.15000
69.15000
69.15000
69.15000
69.15000
69.15000
69.15000
69.15000
69.15000
69.15000
69.15000
69.15000
69.15000
69.15000
69.15000
69.15000
69.15000
69.15000
69.15000
69.16000
69.16000
69.16000
69.16000
69.16000
69.16000
69.16000
69.16000
69.16000
69.16000
69.16000
69.16000
69.16000
69.16000
69.17000
69.17000
69.17000
69.17000
69.17000
69.17000
69.17000
69.18000
69.18000
69.18000
69.19000
69.19000
69.19000
69.19000
69.19000
69.19000
69.19000
69.19000
69.19000
69.19000
69.19000
69.20000
69.20000
69.20000
69.20000
69.20000
69.20000
69.20000
69.20000
69.20000
69.20000
69.20000
69.21000
69.21000
