0.00000
0.00000
0.00000
0.00000
0.00000
0.00000
0.00000
0.00000
0.00000
0.00000
0.00000
0.00000
0.00000
0.00000
0.00000
0.00000
0.00000
0.00000
3.40000
8.95000
8.95000
8.95000
8.95000
10.45000
10.50000
10.50000
10.43300
14.25000
14.25000
16.15000
16.41700
16.41700
17.47500
18.51700
22.69200
23.00900
23.51000
24.01600
24.43300
24.49700
24.17900
24.33000
25.40200
25.75200
25.68600
26.06400
26.08000
25.91800
25.92700
25.98800
26.31200
26.19500
26.38600
26.36500
26.46100
26.76400
27.18800
27.18200
27.21300
27.15800
27.20200
27.59600
27.60800
27.75500
27.61200
27.68900
27.74900
28.06600
28.32600
28.33600
28.41300
28.56100
28.66000
28.81300
28.87100
29.12600
29.10900
29.15200
29.33200
29.34400
29.31300
29.45600
29.47900
29.47700
29.59000
29.53800
29.44100
29.47000
29.48500
29.54300
29.55000
29.58700
29.62100
29.63700
29.64200
29.60900
29.66400
29.73500
29.75900
29.75800
29.81500
29.78100
29.89700
29.90900
29.90600
30.11100
30.12800
30.14800
30.08000
30.06600
30.12700
30.16600
30.15200
30.19300
30.23800
30.12100
30.09800
30.09800
30.07500
30.17800
30.15600
30.10600
30.11700
30.14400
30.16900
30.11400
30.16900
30.18500
30.25900
30.28100
30.24200
30.32800
30.27800
30.34000
30.39000
30.39000
30.44300
30.47500
30.46300
30.54400
30.53400
30.54700
30.54500
30.55500
30.53200
30.54000
30.53500
30.52900
30.53000
30.55200
30.59400
30.66200
30.65600
30.67300
30.70200
30.69300
30.67100
30.64500
30.64400
30.67100
30.75700
30.70100
30.70600
30.71100
30.70600
30.67000
30.66400
30.63300
30.60000
30.60700
30.60600
30.58800
30.61600
30.62900
30.63000
30.57700
30.59300
30.60500
30.65800
30.68000
30.69400
30.68000
30.73400
30.74900
30.74200
30.75100
30.77400
30.79500
30.79700
30.83100
30.81600
30.82000
30.77000
30.70000
30.67800
30.62900
30.66100
30.68900
30.68700
30.68600
30.71300
30.73700
30.78300
30.76800
30.75900
30.74400
30.74000
30.74700
30.77500
30.76900
30.80200
30.79500
30.79800
30.79600
30.80800
30.83600
30.82300
30.80500
30.84300
30.84900
30.83200
30.89300
30.84400
30.84700
30.84600
30.84300
30.81600
30.81200
30.79400
30.79300
30.83200
30.84800
30.87500
30.88200
30.93500
30.98500
30.96500
30.97000
30.96700
30.95900
30.96600
30.97900
30.98700
30.97100
30.97100
30.97900
31.03100
31.06100
31.02700
31.03200
31.02400
31.01400
31.04100
31.06000
31.08900
31.10900
31.08800
31.13100
31.14000
31.15800
31.20400
31.19300
31.21000
31.21500
31.23600
31.26800
31.24100
31.24000
31.23700
31.22200
31.25500
31.26200
31.25800
31.25000
31.26100
31.25200
31.24800
31.24600
31.22800
31.21900
31.22100
31.21500
31.22300
31.24000
31.26300
31.25300
31.22900
31.20900
31.19700
31.19700
31.20400
31.18500
31.17200
31.16300
31.16200
31.17400
31.13700
31.13800
31.14300
31.14100
31.13800
31.14600
31.12100
31.10600
31.11200
31.13200
31.12600
31.15000
31.14400
31.14700
31.13100
31.14000
31.13200
31.12300
31.11900
31.11100
31.11200
31.10500
31.09800
31.12200
31.12700
31.09900
31.13800
31.12900
31.11500
31.13000
31.09200
31.08500
31.08400
31.08400
31.07600
31.08100
31.08500
31.10900
31.11300
31.12200
31.12400
31.12100
31.12500
31.13100
31.11600
31.11000
31.10200
31.10700
31.11400
31.09100
31.07500
31.05300
31.04200
31.01900
30.99700
30.99800
31.00500
31.02500
31.03500
31.03200
31.05100
31.02900
31.02200
31.03100
31.01400
31.00100
31.02300
31.00800
31.02200
31.00600
31.00100
30.99500
30.96800
30.97000
30.97400
30.95000
30.96800
30.95000
30.96000
30.95300
30.97400
30.96700
30.95900
30.94000
30.92200
30.93900
30.95200
30.94800
30.93300
30.92500
30.92500
30.92900
30.92300
30.91600
30.91400
30.92500
30.91000
30.90800
30.89500
30.88000
30.87600
30.89300
30.87900
30.87800
30.89700
30.89900
30.90300
30.92700
30.94600
30.91300
30.90700
30.89800
30.89100
30.92900
30.96100
30.98000
30.97200
30.97100
30.97000
30.97000
31.00300
31.00400
30.99700
30.98900
31.00300
31.00200
30.99600
31.00300
30.99000
31.00200
31.00500
31.00200
30.98000
30.97400
30.98200
30.98700
30.98400
30.97600
30.99300
31.00600
31.01400
31.01600
31.00600
31.01200
31.03900
31.03800
31.04400
31.05900
31.06200
31.07700
31.08100
31.07500
31.06700
31.07700
31.08800
31.07900
31.08800
31.10100
31.10100
31.11500
31.12100
31.12500
31.12600
31.14100
31.13700
31.13200
31.13500
31.14300
31.15000
31.13800
31.13100
31.13900
31.13300
31.12200
31.12100
31.12100
31.11700
31.12500
31.13200
31.13300
31.12400
31.11500
31.12500
31.12600
31.13200
31.13500
31.14500
31.16300
31.17600
31.15200
31.15000
31.15000
31.14100
31.15300
31.14900
31.13900
31.12600
31.12300
31.14100
31.15000
31.14100
31.17600
31.15900
31.16100
31.15200
31.15500
31.15200
31.16400
31.17200
31.17700
31.18400
31.19600
31.19900
31.19500
31.20400
31.20600
31.20100
31.19600
31.20600
31.19900
31.19000
31.19600
31.18800
31.19800
31.21100
31.21000
31.20600
31.21200
31.21900
31.22200
31.23300
31.24300
31.25300
31.25800
31.26900
31.27300
31.27200
31.27500
31.27800
31.28500
31.28700
31.29000
31.29700
31.28900
31.28600
31.29300
31.30400
31.32200
31.32800
31.32000
31.32100
31.32200
31.32600
31.33200
31.33000
31.33400
31.33500
31.31900
31.31300
31.33700
31.33300
31.32800
31.32800
31.32500
31.32100
31.34300
31.33500
31.32600
31.32500
31.33300
31.33000
31.33600
31.33200
31.34900
31.36800
31.36400
31.35300
31.34400
31.35200
31.34900
31.36100
31.35000
31.35900
31.36700
31.35300
31.34900
31.34500
31.34000
31.35400
31.34900
31.35200
31.33600
31.34600
31.35600
31.35800
31.36400
31.36600
31.36500
31.37100
31.37700
31.38000
31.37700
31.37200
31.37000
31.36700
31.36800
31.37000
31.36600
31.35900
31.37200
31.37500
31.38100
31.38900
31.38500
31.39400
31.38300
31.38900
31.39000
31.40200
31.40900
31.41000
31.42300
31.43300
31.43800
31.42200
31.43000
31.41900
31.41100
31.41900
31.41100
31.40600
31.41300
31.41800
31.41300
31.41300
31.39700
31.39600
31.40400
31.40200
31.40600
31.40800
31.40100
31.40200
31.41200
31.41400
31.41700
31.42400
31.41700
31.41600
31.42200
31.42400
31.42400
31.43500
31.43300
31.43000
31.43400
31.43200
31.43400
31.44000
31.43400
31.44700
31.44500
31.45500
31.45500
31.45400
31.44300
31.44100
31.43900
31.44000
31.44100
31.46000
31.45100
31.44500
31.44300
31.44500
31.44400
31.45100
31.46000
31.46600
31.45700
31.47500
31.48600
31.50200
31.51600
31.52200
31.53100
31.53200
31.54600
31.55100
31.54700
31.54800
31.56400
31.56000
31.56100
31.58200
31.59300
31.60500
31.60600
31.60200
31.59700
31.60400
31.60500
31.61300
31.61000
31.60400
31.58700
31.60400
31.60000
31.59200
31.57900
31.58200
31.58100
31.58100
31.59200
31.58100
31.57800
31.58000
31.58100
31.57800
31.57100
31.57900
31.58400
31.59100
31.59800
31.59200
31.59500
31.58600
31.60300
31.60400
31.60700
31.61600
31.60700
31.61200
31.61200
31.62400
31.62700
31.63200
31.63400
31.64200
31.64800
31.64800
31.64000
31.64800
31.65900
31.65300
31.65000
31.65400
31.64600
31.63900
31.63000
31.63000
31.63700
31.63500
31.63500
31.63800
31.63700
31.64100
31.65400
31.64600
31.64300
31.64500
31.65100
31.65100
31.64500
31.65100
31.63900
31.64200
31.64300
31.63900
31.64300
31.65800
31.65600
31.66400
31.65200
31.65400
31.64800
31.66000
31.64800
31.65700
31.66200
31.66900
31.67300
31.67900
31.68000
31.67500
31.67100
31.67300
31.66500
31.66800
31.66100
31.66200
31.67000
31.66500
31.66500
31.67000
31.67000
31.67700
31.67300
31.66600
31.67500
31.67700
31.66900
31.66500
31.66800
31.66900
31.67600
31.67800
31.66600
31.67400
31.67100
31.66200
31.65700
31.65800
31.65100
31.66300
31.65900
31.66100
31.66200
31.67800
31.67200
31.67900
31.67600
31.66900
31.66600
31.66200
31.66300
31.65800
31.65900
31.65800
31.65600
31.65600
31.64700
31.64900
31.64000
31.63800
31.63600
31.63700
31.63500
31.64000
31.64300
31.64400
31.63400
31.63600
31.63600
31.64300
31.65000
31.65300
31.64800
31.65900
31.65800
31.66000
31.66000
31.65700
31.66000
31.65200
31.65400
31.64900
31.65500
31.65800
31.65500
31.64900
31.64700
31.65400
31.66900
31.67600
31.68100
31.68700
31.68900
31.68900
31.69200
31.68800
31.68400
31.68700
31.68600
31.69900
31.69200
31.69700
31.69000
31.69100
31.69400
31.68800
31.70300
31.70700
31.71400
31.71700
31.72300
31.73100
31.72700
31.72800
31.73100
31.73400
31.73500
31.72700
31.72500
31.71500
31.71700
31.71100
31.71800
31.72400
31.71700
31.71700
31.71500
31.71100
31.70700
31.71000
31.70900
31.71300
31.71200
31.71700
31.71400
31.70900
31.70200
31.70000
31.70400
31.70800
31.71300
31.70700
31.71100
31.70400
31.70800
31.71100
31.71100
31.71000
31.71100
31.71600
31.71600
31.71000
31.70800
31.71400
31.71000
31.70700
31.71000
31.70700
31.70800
31.70000
31.69500
31.69700
31.68900
31.69200
31.69400
31.69300
31.69200
31.68800
31.69200
31.68500
31.67700
31.67600
31.67900
31.67800
31.67700
31.67500
31.67500
31.67200
31.66900
31.67000
31.66900
31.66500
31.66800
31.67600
31.68700
31.68500
31.67400
31.67900
31.68000
31.67700
31.68100
31.68800
31.68500
31.68500
31.68700
31.67800
31.68100
31.68000
31.67200
31.68100
31.67700
31.67000
31.66200
31.66100
31.66700
31.67100
31.67100
31.66500
31.66900
31.66100
31.66000
31.66300
31.66100
31.65400
31.66000
31.66200
31.66800
31.67400
31.67200
31.67200
31.67600
31.67800
31.67600
31.67600
31.67900
31.67700
31.67100
31.67200
31.67400
31.67400
31.67600
31.67400
31.67500
31.68000
31.67600
31.68000
31.67900
31.68000
31.67700
31.67400
31.67400
31.67300
31.67100
31.68400
31.69100
31.68400
31.68800
31.69100
31.69300
31.69500
31.69700
31.70200
31.70700
31.71000
31.71600
31.72000
31.71600
31.71900
31.71900
31.71000
31.71200
31.71600
31.72100
31.72100
31.72400
31.72100
31.72000
31.71500
31.72100
31.71900
31.71500
31.71100
31.70900
31.71300
31.71400
31.71600
31.71700
31.71100
31.71000
31.70700
31.71500
31.71900
31.71600
31.71800
31.71700
31.71700
31.72200
31.72900
31.72500
31.72000
31.72700
31.72600
31.72300
31.71900
31.72100
31.72500
31.72000
31.71800
31.71700
31.71800
31.71400
31.72100
31.72100
31.72200
31.72300
31.72000
31.72100
31.73500
31.73200
31.73200
31.72900
31.73000
31.72400
31.72500
31.72300
31.72200
31.73000
31.72800
31.72900
31.73300
31.73600
31.73300
31.73100
31.72800
31.73000
31.74300
31.74100
31.74800
31.75400
31.75300
31.75400
31.75200
31.74900
31.75900
31.75600
31.76400
31.76700
31.76500
31.75800
31.75900
31.75300
31.75600
31.75000
31.75500
31.76200
31.76300
31.76900
31.76700
31.77200
31.76700
31.77400
31.77300
31.77600
31.77700
31.77400
31.77700
31.77200
31.77100
31.76600
31.76800
31.77800
31.76300
31.76800
31.76800
31.76400
31.75700
31.75900
31.75200
31.75200
31.75000
31.75500
31.75800
31.75100
31.74900
31.74900
31.75100
31.75400
31.75200
31.75100
31.74200
31.74000
31.73900
31.73400
31.73300
31.73300
31.73500
31.73300
31.74100
31.74900
31.75100
31.74900
31.74000
31.74600
31.74700
31.73900
31.73800
31.73600
31.73700
31.73600
31.73500
31.73400
31.73100
31.73300
31.73100
31.73000
31.72900
31.73500
31.73400
31.73700
31.74100
31.74500
31.74500
31.74800
31.74800
31.74900
31.74500
31.74600
31.74500
31.74900
31.73900
31.74000
31.74100
31.73500
31.73700
31.73500
31.73400
31.73200
31.72800
31.73300
31.73200
31.73400
31.73600
31.73400
31.73300
31.73000
31.72700
31.73100
31.72500
31.72300
31.72600
31.71900
31.71900
31.71900
31.71800
31.71700
31.72000
31.71900
31.71100
31.71200
31.70400
31.70100
31.70700
31.70200
31.70700
31.71100
31.71400
31.71100
31.70700
31.70800
31.70300
31.69900
31.70000
31.69300
31.69500
31.69500
31.69400
31.68900
31.69300
31.68900
31.68900
31.69100
31.69200
31.70200
31.70000
31.70400
31.70700
31.70900
31.71000
31.70300
31.71100
31.71100
31.71000
31.70300
31.70200
31.70800
31.71000
31.70800
31.71300
31.71400
31.71700
31.71500
31.71500
31.71300
31.71100
31.71100
31.70800
31.70600
31.71000
31.70200
31.69300
31.69500
31.69100
31.69300
31.69200
31.69100
31.69400
31.68800
31.67900
31.67800
31.67400
31.67800
31.67600
31.67700
31.67400
31.67100
31.66900
31.67200
31.67900
31.67600
31.67400
31.67500
31.66900
31.66800
31.65700
31.66100
31.65800
31.65900
31.66500
31.66200
31.66500
31.66600
31.66700
31.66700
31.67200
31.67200
31.67200
31.67600
31.67100
31.67000
31.67000
31.67000
31.66600
31.66900
31.67100
31.67000
31.67100
31.66100
31.65900
31.65900
31.66100
31.65600
31.65600
31.65200
31.65300
31.65500
31.65300
31.65300
31.64600
31.64400
31.64200
31.64200
31.64400
31.64700
31.64900
31.64600
31.64700
31.64600
31.65100
31.65300
31.65700
31.65900
31.65800
31.65700
31.65800
31.66200
31.66500
31.66800
31.66700
31.66900
31.66600
31.66700
31.66300
31.66500
31.66900
31.67100
31.66700
31.66600
31.66000
31.66000
31.66000
31.66100
31.66400
31.66200
31.66200
31.66300
31.66200
31.66900
31.66200
31.66200
31.66300
31.67100
31.67100
31.67000
31.67000
31.67100
31.67400
31.67600
31.67500
31.67600
31.68100
31.68000
31.69000
31.68600
31.67700
31.68100
31.68300
31.68200
31.68800
31.68900
31.69100
31.69500
31.69700
31.69900
31.70000
31.69700
31.69400
31.70300
31.70800
31.71200
31.71100
31.71300
31.70900
31.71100
31.71200
31.71000
31.70300
31.70500
31.70400
31.70900
31.70300
31.70700
31.70400
31.70100
31.70200
31.70800
31.70800
31.70600
31.70800
31.70600
31.70500
31.70400
31.70200
31.70000
31.69600
31.70000
31.70500
31.71000
31.71200
31.70900
31.70500
31.70000
31.70100
31.70200
31.70400
31.70600
31.70900
31.71100
31.71200
31.71400
31.71900
31.72400
31.72000
31.72100
31.71300
31.71500
31.71500
31.71500
31.71200
31.71100
31.70800
31.71200
31.71200
31.70900
31.70400
31.70600
31.70300
31.70100
31.70000
31.69100
31.68800
31.68400
31.68500
31.68100
31.68100
31.67300
31.67100
31.67300
31.67200
31.67100
31.67300
31.67400
31.67300
31.67500
31.67300
31.66800
31.66800
31.66500
31.66700
31.67000
31.67100
31.67300
31.67100
31.67000
31.66700
31.67200
31.66600
31.66900
31.66800
31.67100
31.67800
31.67100
31.66700
31.66500
31.66000
31.66000
31.66100
31.66200
31.65800
31.65900
31.65900
31.66200
31.66200
31.65900
31.65100
31.64900
31.65700
31.65800
31.65600
31.65800
31.65800
31.66100
31.66000
31.65800
31.65700
31.65900
31.65600
31.65700
31.65700
31.65800
31.65200
31.64800
31.64500
31.63800
31.64500
31.64400
31.64300
31.64000
31.63900
31.63200
31.63200
31.63400
31.63700
31.64300
31.64100
31.63900
31.63600
31.63700
31.63700
31.63600
31.63800
31.64100
31.64200
31.63900
31.63900
31.64200
31.64200
31.64400
31.64700
31.64600
31.64500
31.64800
31.64200
31.64400
31.63800
31.63800
31.63600
31.63700
31.63600
31.63300
31.63000
31.62700
31.62800
31.62900
31.62600
31.62900
31.63100
31.63400
31.63200
31.62800
31.62700
31.62900
31.63100
31.63400
31.63400
31.63600
31.64100
31.64000
31.64100
31.64700
31.64400
31.64700
31.65000
31.64800
31.64600
31.64300
31.63900
31.64000
31.64100
31.64100
31.64200
31.64100
31.63800
31.64400
31.63800
31.63700
31.63900
31.64100
31.63800
31.63200
31.63300
31.63600
31.63500
31.63000
31.63000
31.62700
31.62500
31.62800
31.62900
31.62700
31.62600
31.62400
31.62500
31.62500
31.62500
31.62200
31.61900
31.61700
31.61600
31.61200
31.61200
31.60800
31.60900
31.61100
31.61300
31.61300
31.61200
31.60900
31.60700
31.60500
31.60600
31.60300
31.60500
31.60600
31.60500
31.60400
31.61000
31.61300
31.61300
31.61400
31.61400
31.61100
31.61200
31.61100
31.60900
31.61000
31.60000
31.60700
31.60600
31.60500
31.60400
31.60400
31.60300
31.60500
31.60100
31.59400
31.58600
31.58500
31.58700
31.58400
31.58400
31.57900
31.58300
31.58200
31.57600
31.57500
31.57900
31.58200
31.58400
31.58400
31.58000
31.57500
31.57600
31.57300
31.57300
31.57700
31.57700
31.57800
31.57400
31.57200
31.57400
31.57100
31.57600
31.57700
31.58100
31.57400
31.57400
31.57000
31.57300
31.57000
31.56900
31.56900
31.56600
31.57000
31.57100
31.56900
31.57000
31.56900
31.56900
31.56700
31.56500
31.56400
31.56000
31.56000
31.56400
31.56500
31.55700
31.56300
31.56100
31.56300
31.56600
31.56500
31.56600
31.57000
31.56500
31.56100
31.55500
31.55400
31.55300
31.55300
31.55600
31.55900
31.56400
31.56500
31.56400
31.56500
31.56300
31.56500
31.56700
31.56300
31.56300
31.56300
31.56700
31.56400
31.56900
31.56900
31.56800
31.57000
31.57000
31.57000
31.57000
31.57000
31.57000
31.56800
31.56700
31.56800
31.56500
31.56200
31.56100
31.56300
31.56200
31.56000
31.56100
31.55900
31.55800
31.56000
31.56100
31.56200
31.56400
31.56700
31.56700
31.56700
31.56700
31.57000
31.56900
31.57400
31.57500
31.57400
31.57200
31.56600
31.56600
31.56600
31.56600
31.56700
31.56800
31.56800
31.56600
31.57000
31.56700
31.57100
31.57000
31.57000
31.57000
31.57000
31.56500
31.56400
31.56600
31.56800
31.56700
31.56700
31.56100
31.55800
31.55600
31.55800
31.56000
31.55800
31.55600
31.55000
31.54600
31.54500
31.53900
31.54200
31.54400
31.54400
31.54800
31.55200
31.54900
31.54300
31.54500
31.54500
31.54600
31.54700
31.54700
31.54600
31.54800
31.54600
31.54700
31.54600
31.54800
31.55000
31.55000
31.54600
31.54600
31.53600
31.53400
31.53300
31.53200
31.53100
31.53000
31.52700
31.52700
31.52400
31.51900
31.51800
31.51800
31.52000
31.52000
31.51900
31.51900
31.51900
31.51800
31.51800
31.51400
31.51400
31.51000
31.51000
31.51000
31.51000
31.51100
31.51100
31.51200
31.51300
31.51700
31.52000
31.51800
31.52200
31.51800
31.51700
31.52200
31.52400
31.52200
31.52700
31.52800
31.52600
31.52700
31.52500
31.52400
31.52100
31.52000
31.52300
31.52200
31.52200
31.52300
31.52300
31.52800
31.52300
31.52300
31.52500
31.52400
31.52100
31.52100
31.51900
31.52000
31.52000
31.51500
31.51500
31.51300
31.51500
31.51700
31.51600
31.51700
31.51600
31.51700
31.51400
31.51600
31.51500
31.51400
31.51300
31.50900
31.51300
31.51400
31.51400
31.51100
31.51200
31.51100
31.51300
31.51400
31.51100
31.51400
31.50900
31.50700
31.50300
31.50200
31.50300
31.50300
31.50500
31.51200
31.50900
31.50800
31.50900
31.50700
31.50900
31.51300
31.51100
31.51500
31.51500
31.51200
31.51400
31.51800
31.51700
31.51600
31.51400
31.51600
31.51700
31.51500
31.51500
31.51400
31.51200
31.51300
31.51400
31.51100
31.51200
31.51700
31.51300
31.51300
31.51300
31.51100
31.51100
31.50900
31.50900
31.51100
31.51200
31.51400
31.51600
31.51900
31.51900
31.51800
31.51800
31.51800
31.51600
31.51600
31.51500
31.51700
31.51600
31.52100
31.52100
31.52000
31.51900
31.51800
31.51800
31.51700
31.51800
31.51800
31.52300
31.51900
31.52300
31.52100
31.51900
31.51900
31.51900
31.51800
31.51800
31.51800
31.52000
31.52100
31.52000
31.52100
31.52000
31.52000
31.51600
31.51400
31.51600
31.51200
31.51200
31.51300
31.51200
31.51500
31.51600
31.51500
31.51500
31.51500
31.51400
31.51500
31.51700
31.51600
31.51400
31.51600
31.51500
31.51600
31.51500
31.51600
31.51500
31.51200
31.51100
31.51100
31.51400
31.51300
31.51500
31.51700
31.51700
31.51700
31.51500
31.51700
31.51800
31.52400
31.51800
31.51900
31.51900
31.52200
31.52000
31.52200
31.52100
31.52200
31.52300
31.52300
31.52400
31.52900
31.53000
31.53200
31.53400
31.53000
31.53000
31.52900
31.52900
31.52800
31.52800
31.53000
31.52500
31.52700
31.53200
31.53600
31.53700
31.53400
31.54100
31.54100
31.54300
31.54000
31.54100
31.54100
31.54000
31.54100
31.53600
31.53700
31.53600
31.53600
31.53600
31.53600
31.53800
31.54000
31.53900
31.54000
31.54200
31.53900
31.53700
31.53800
31.53900
31.54000
31.54000
31.54400
31.54500
31.54500
31.54500
31.54600
31.54600
31.54500
31.54800
31.54600
31.54800
31.55200
31.55200
31.55300
31.55300
31.55300
31.54900
31.55000
31.54900
31.55300
31.55500
31.55700
31.55300
31.55400
31.55000
31.55000
31.55200
31.55600
31.55600
31.55600
31.55500
31.55300
31.55300
31.55200
31.55400
31.55600
31.55800
31.55600
31.55200
31.55200
31.55300
31.55200
31.55300
31.55400
31.55000
31.54700
31.54500
31.54800
31.55100
31.55500
31.55400
31.55300
31.55600
31.55600
31.55500
31.55500
31.55200
31.55300
31.55100
31.55300
31.55300
31.55400
31.55300
31.55600
31.55500
31.55300
31.55500
31.55700
31.55600
31.55600
31.55400
31.55300
31.55300
31.55600
31.55800
31.55800
31.55200
31.55000
31.55000
31.55100
31.55300
31.55100
31.55200
31.55200
31.55500
31.55400
31.55400
31.55500
31.55400
31.55400
31.55300
31.55800
31.55600
31.55800
31.55600
31.55300
31.55500
31.55300
31.55100
31.55200
31.55000
31.54800
31.54900
31.55100
31.54800
31.54900
31.54600
31.54600
31.54600
31.54300
31.54500
31.55100
31.55200
31.55800
31.56000
31.56200
31.56500
31.56300
31.56500
31.56100
31.56400
31.56500
31.56300
31.56200
31.56400
31.56800
31.57100
31.57400
31.57100
31.57200
31.57500
31.57900
31.57900
31.57700
31.57800
31.57800
31.57800
31.57800
31.57900
31.57700
31.57800
31.57800
31.57900
31.58500
31.58500
31.58500
31.58600
31.58600
31.58600
31.58100
31.58100
31.58200
31.58200
31.58000
31.58400
31.58500
31.58700
31.58300
31.58300
31.58100
31.58000
31.57800
31.57900
31.58200
31.58200
31.58100
31.58500
31.58400
31.58200
31.58300
31.58400
31.58900
31.58500
31.58500
31.58500
31.58500
31.58800
31.58900
31.58500
31.58200
31.58400
31.58300
31.58500
31.58900
31.58900
31.58700
31.58500
31.58200
31.58500
31.58300
31.58500
31.58400
31.58600
31.58500
31.58100
31.58200
31.58500
31.58300
31.58200
31.58000
31.58200
31.58300
31.58200
31.58300
31.58600
31.58700
31.58700
31.58500
31.58800
31.58600
31.58500
31.58500
31.58600
31.58900
31.58400
31.58400
31.58000
31.57900
31.57900
31.58000
31.57800
31.57700
31.57800
31.57700
31.57600
31.57700
31.57700
31.58200
31.58200
31.58400
31.58500
31.58200
31.58100
31.58300
31.58300
31.58600
31.58400
31.58200
31.57800
31.57400
31.57500
31.57500
31.57500
31.57300
31.57600
31.58100
31.58200
31.58100
31.58500
31.59000
31.58800
31.58800
31.58800
31.58500
31.58300
31.58300
31.58300
31.58400
31.58100
31.58000
31.58000
31.57900
31.57900
31.58600
31.58500
31.58800
31.59100
31.59300
31.59100
31.58800
31.58800
31.58900
31.58600
31.58600
31.59100
31.59000
31.59100
31.59100
31.59000
31.59100
31.59000
31.58500
31.58500
31.58300
31.58700
31.58900
31.59000
31.59400
31.59600
31.59500
31.58900
31.58900
31.58500
31.58300
31.58400
31.58500
31.58800
31.59100
31.59200
31.59300
31.59300
31.59100
31.59100
31.59300
31.59300
31.59400
31.59300
31.59100
31.58800
31.58500
31.58600
31.58700
31.58700
31.58700
31.59300
31.59700
31.59700
31.59400
31.59800
31.59700
31.60000
31.59900
31.60300
31.60300
31.60200
31.59800
31.59800
31.60000
31.59900
31.60100
31.60300
31.60200
31.60400
31.60100
31.60100
31.60300
31.60200
31.60000
31.60000
31.60200
31.60100
31.60300
31.60400
31.59800
31.60000
31.59900
31.60100
31.60300
31.60400
31.60400
31.60300
31.60500
31.60500
31.60100
31.60300
31.60300
31.60500
31.60800
31.60500
31.60400
31.60400
31.60600
31.61100
31.61000
31.60800
31.61000
31.61100
31.60700
31.60600
31.60900
31.60300
31.60500
31.60700
31.60800
31.60700
31.60700
31.60600
31.60500
31.61000
31.60900
31.61000
31.60900
31.60500
31.60500
31.60800
31.60800
31.60900
31.60900
31.60600
31.60700
31.60600
31.60800
31.60500
31.60600
31.60700
31.60700
31.60700
31.60800
31.61100
31.61100
31.61200
31.61200
31.61300
31.61500
31.61900
31.61900
31.61900
31.62000
31.61900
31.61700
31.61900
31.62100
31.62500
31.62300
31.62300
31.62400
31.62600
31.62300
31.62200
31.62600
31.62600
31.62400
31.62100
31.62000
31.62000
31.61800
31.62000
31.62000
31.61900
31.61800
31.62000
31.62000
31.62000
31.62100
31.61900
31.61800
31.62100
31.61800
31.61800
31.61900
31.62100
31.62200
31.62300
31.62200
31.62300
31.62200
31.62000
31.62000
31.62000
31.61800
31.61600
31.61500
31.61300
31.61400
31.61400
31.61400
31.61700
31.61900
31.61800
31.61900
31.61800
31.61600
31.61500
31.61500
31.61400
31.61500
31.61400
31.61300
31.61400
31.61100
31.61100
31.61000
31.61000
31.61200
31.61600
31.61600
31.61500
31.61400
31.61700
31.61700
31.61500
31.61900
31.61800
31.61800
31.61400
31.61300
31.61300
31.61100
31.60900
31.60700
31.60800
31.60300
31.60400
31.60400
31.60300
31.60200
31.60300
31.60100
31.60000
31.59800
31.59800
31.59800
31.59600
31.59500
31.59600
31.59600
31.59700
31.60100
31.60000
31.60200
31.60700
31.60700
31.60600
31.60800
31.60800
31.60600
31.60600
31.60500
31.60400
31.60200
31.60200
31.60300
31.60300
31.60100
31.60000
31.59900
31.59700
31.59600
31.59700
31.59500
31.59300
31.59100
31.59300
31.59200
31.59300
31.59400
31.59400
31.59200
31.59500
31.59400
31.59300
31.59400
31.59400
31.59500
31.59400
31.59500
31.59400
31.59700
31.59800
31.59800
31.59900
31.59900
31.59900
31.60000
31.59800
31.59900
31.59900
31.59500
31.59200
31.59400
31.59500
31.59500
31.59600
31.59800
31.59800
31.59600
31.59700
31.59900
31.60200
31.59900
31.60100
31.59900
31.60000
31.59900
31.59800
31.59700
31.59800
31.59600
31.59600
31.59500
31.59500
31.59300
31.59000
31.59200
31.59200
31.59100
31.59100
31.59200
31.59000
31.59000
31.59000
31.59100
31.59100
31.59100
31.58900
31.59000
31.58700
31.58900
31.58800
31.58900
31.58900
31.58800
31.58800
31.58800
31.58800
31.58800
31.58800
31.58700
31.58600
31.58300
31.58100
31.57900
31.58000
31.58200
31.58100
31.58200
31.58600
31.58600
31.58900
31.59100
31.59300
31.59200
31.59100
31.59400
31.59400
31.59300
31.59100
31.58800
31.58500
31.58500
31.58400
31.58100
31.58000
31.57900
31.57700
31.57600
31.57900
31.58100
31.57900
31.57800
31.58000
31.57800
31.57700
31.57600
31.57800
31.57600
31.57800
31.57700
31.57500
31.57500
31.57300
31.57300
31.57200
31.57200
31.56800
31.56800
31.57000
31.57100
31.57100
31.56900
31.56900
31.56800
31.56700
31.56700
31.56800
31.57000
31.57100
31.56900
31.56800
31.56700
31.56800
31.56800
31.56800
31.56900
31.56800
31.56900
31.56800
31.56600
31.56600
31.56800
31.56800
31.56600
31.56600
31.56500
31.56400
31.56500
31.56500
31.56400
31.56300
31.55900
31.55700
31.55400
31.55300
31.55200
31.55200
31.55400
31.55600
31.55700
31.55900
31.56200
31.56300
31.56300
31.56400
31.56500
31.56500
31.56800
31.57000
31.56800
31.56500
31.56500
31.56600
31.56400
31.56500
31.56400
31.56400
31.56500
31.56600
31.56200
31.56100
31.56200
31.56300
31.56000
31.56200
31.56200
31.56100
31.56000
31.56000
31.55800
31.55900
31.56000
31.56000
31.56200
31.55900
31.55800
31.55800
31.55900
31.55700
31.55700
31.55500
31.55500
31.55500
31.55700
31.55600
31.55600
31.55500
31.55200
31.55500
31.55800
31.55700
31.55800
31.56200
31.56000
31.55800
31.55700
31.55600
31.55500
31.55200
31.55400
31.55600
31.55600
31.56100
31.56000
31.56000
31.56000
31.56000
31.55800
31.55800
31.55800
31.56100
31.55900
31.56000
31.56000
31.55800
31.55600
31.55600
31.55700
31.55700
31.55800
31.56300
31.56100
31.56200
31.56200
31.56400
31.56100
31.55900
31.55900
31.56100
31.56100
31.56000
31.55900
31.56100
31.56000
31.56000
31.56200
31.56400
31.56100
31.55900
31.55800
31.56000
31.56100
31.56000
31.55900
31.55900
31.56000
31.56100
31.56100
31.55800
31.55800
31.56000
31.56000
31.55900
31.56000
31.55600
31.55200
31.55500
31.55800
31.55900
31.55800
31.55900
31.55900
31.56000
31.56000
31.56000
31.55900
31.56000
31.56000
31.55600
31.55700
31.55700
31.55500
31.55600
31.55800
31.55500
31.55500
31.55400
31.55600
31.55500
31.55700
31.56000
31.55900
31.55700
31.55500
31.55700
31.55600
31.55200
31.55300
31.55200
31.54900
31.55000
31.55200
31.55100
31.55200
31.55300
31.55400
31.55600
31.55100
31.55000
31.55000
31.54800
31.54500
31.54700
31.54700
31.54700
31.54600
31.54600
31.54500
31.54200
31.54000
31.53900
31.54300
31.54100
31.54100
31.54100
31.53900
31.54000
31.53900
31.53700
31.53700
31.53800
31.53700
31.53900
31.53500
31.53500
31.53700
31.53800
31.53900
31.53500
31.53500
31.53200
31.53000
31.53000
31.53000
31.53100
31.53200
31.53200
31.53500
31.53500
31.53600
31.53500
31.53400
31.53700
31.53700
31.53800
31.54000
31.53800
31.53900
31.54100
31.54000
31.54200
31.54200
31.54200
31.54300
31.54200
31.54300
31.54400
31.54100
31.54400
31.54700
31.54700
31.54400
31.54600
31.54500
31.54300
31.54300
31.54300
31.54200
31.54300
31.54400
31.54400
31.54400
31.54300
31.54300
31.54400
31.54500
31.54600
31.54500
31.54500
31.54600
31.54600
31.54700
31.54600
31.55000
31.55000
31.55000
31.55100
31.55100
31.55100
31.55200
31.55200
31.55300
31.55300
31.55300
31.55200
31.55300
31.55400
31.55200
31.55300
31.55000
31.55000
31.55200
31.55100
31.55100
31.55300
31.55400
31.55300
31.55500
31.55600
31.55700
31.55600
31.55500
31.55700
31.55500
31.55300
31.55200
31.55100
31.54900
31.54800
31.54600
31.54800
31.54600
31.54400
31.54300
31.54300
31.54400
31.54400
31.54500
31.54600
31.54800
31.54900
31.55000
31.55000
31.54900
31.55000
31.55000
31.54900
31.55300
31.55300
31.55300
31.55200
31.55300
31.55300
31.55400
31.55300
31.55100
31.55100
31.55300
31.55000
31.55000
31.55100
31.55100
31.55400
31.55400
31.55400
31.55300
31.55400
31.55400
31.55400
31.55500
31.55400
31.55300
31.55500
31.55300
31.55500
31.55400
31.55300
31.55300
31.55300
31.55300
31.55700
31.55600
31.56000
31.55900
31.55900
31.55600
31.55600
31.55600
31.55600
31.55800
31.55900
31.56000
31.56200
31.55900
31.55900
31.56200
31.55900
31.55600
31.55400
31.55300
31.55200
31.55200
31.55200
31.55400
31.55500
31.55700
31.56000
31.56000
31.56100
31.55900
31.56000
31.55900
31.56100
31.56600
31.56700
31.56700
31.56700
31.56500
31.56400
31.56400
31.56400
31.56300
31.56400
31.56500
31.56700
31.57200
31.57100
31.57000
31.57200
31.57200
31.57200
31.57400
31.57200
31.57400
31.57200
31.57100
31.57000
31.57100
31.56900
31.56800
31.56700
31.56600
31.56500
31.56600
31.56500
31.56500
31.56500
31.56800
31.56600
31.56700
31.56700
31.56700
31.56600
31.56400
31.56500
31.56400
31.56200
31.56100
31.56100
31.56200
31.56300
31.56400
31.56100
31.56300
31.56400
31.56300
31.56400
31.56100
31.56000
31.56100
31.56300
31.56600
31.56700
31.56500
31.56500
31.56500
31.56500
31.56400
31.56600
31.56400
31.56100
31.56100
31.56300
31.56200
31.56100
31.56200
31.56100
31.56100
31.56300
31.56300
31.56300
31.56200
31.56100
31.56100
31.56000
31.55900
31.55800
31.55900
31.55900
31.55800
31.55500
31.55400
31.55400
31.55400
31.55700
31.55900
31.56000
31.55900
31.56200
31.56300
31.56100
31.55900
31.55900
31.55800
31.55900
31.55900
31.55900
31.55900
31.55800
31.55900
31.55900
31.56000
31.56600
31.56700
31.56700
31.56700
31.56600
31.56500
31.56700
31.56700
31.56700
31.56800
31.56800
31.56700
31.56500
31.56600
31.56600
31.56600
31.56700
31.56500
31.56600
31.56400
31.56400
31.56600
31.56500
31.56300
31.56400
31.56200
31.56300
31.56400
31.56200
31.56200
31.56400
31.56500
31.56400
31.56300
31.56400
31.56200
31.56100
31.56200
31.56300
31.56400
31.56400
31.56400
31.56900
31.56900
31.57000
31.56800
31.56600
31.56500
31.56400
31.56400
31.56400
31.56200
31.56200
31.56200
31.56300
31.56300
31.56200
31.56600
31.56800
31.56800
31.56800
31.56900
31.56800
31.57200
31.57000
31.57000
31.56800
31.56700
31.56700
31.56700
31.56800
31.56600
31.56500
31.56700
31.56600
31.56500
31.56600
31.56700
31.56300
31.56400
31.56400
31.56300
31.56700
31.56600
31.56500
31.56500
31.56500
31.56300
31.56200
31.56300
31.56500
31.56800
31.56700
31.57000
31.57100
31.57300
31.57300
31.57300
31.57100
31.57300
31.57700
31.57600
31.57800
31.57900
31.58000
31.58200
31.58200
31.58100
31.58400
31.58600
31.58700
31.58700
31.58600
31.58400
31.58500
31.58400
31.58100
31.58000
31.58200
31.58300
31.58400
31.58500
31.58300
31.58800
31.58800
31.58700
31.58800
31.58600
31.58700
31.58700
31.58700
31.58700
31.58700
31.58800
31.59100
31.59200
31.59000
31.58900
31.58800
31.58700
31.58600
31.58800
31.58900
31.58700
31.58600
31.58600
31.58500
31.58500
31.58600
31.58300
31.58300
31.58500
31.58600
31.58700
31.58800
31.58800
31.58900
31.58900
31.58800
31.58900
31.58900
31.58900
31.58900
31.58800
31.58600
31.58700
31.58600
31.58800
31.59000
31.58800
31.58800
31.58800
31.58900
31.58900
31.58600
31.58500
31.58500
31.58600
31.58700
31.58600
31.58800
31.59100
31.58900
31.58800
31.58900
31.58900
31.59100
31.59300
31.59200
31.59400
31.59500
31.59500
31.59500
31.59700
31.59700
31.59800
31.60200
31.60100
31.59900
31.60100
31.60100
31.60200
31.60200
31.60400
31.60800
31.60700
31.60700
31.60600
31.60800
31.60700
31.60600
31.60500
31.60400
31.60400
31.60200
31.60300
31.60600
31.60800
31.61000
31.61000
31.61200
31.61400
31.61200
31.61300
31.61200
31.61300
31.61400
31.61500
31.61500
31.61500
31.61600
31.61700
31.61900
31.61600
31.61900
31.61800
31.61800
31.62000
31.62100
31.62100
31.62000
31.62100
31.62100
31.61900
31.61900
31.61900
31.62100
31.62200
31.62200
31.62300
31.62400
31.62300
31.62400
31.62700
31.62700
31.62800
31.62900
31.62900
31.62700
31.62800
31.62800
31.62700
31.62600
31.62600
31.62800
31.62600
31.62600
31.62700
31.62500
31.62500
31.62700
31.62700
31.62700
31.62600
31.62700
31.62700
31.62800
31.62800
31.62700
31.63100
31.63200
31.63100
31.63200
31.63500
31.63300
31.63000
31.63100
31.63400
31.63400
31.63400
31.63400
31.63400
31.63500
31.63400
31.63500
31.63500
31.63600
31.63500
31.63400
31.63400
31.63300
31.63400
31.63500
31.63400
31.63300
31.63300
31.63300
31.63300
31.63100
31.63300
31.63200
31.63100
31.63100
31.63100
31.63100
31.63000
31.63000
31.62900
31.62900
31.62800
31.62800
31.62900
31.63000
31.62900
31.62600
31.62700
31.62700
31.62700
31.62700
31.62600
31.62700
31.62600
31.62700
31.62600
31.62500
31.62600
31.62700
31.62800
31.62700
31.62800
31.62400
31.62400
31.62400
31.62500
31.62600
31.62800
31.62700
31.62900
31.62800
31.63000
31.63100
31.62900
31.63200
31.63100
31.63200
31.63200
31.63000
31.63000
31.62900
31.62900
31.63000
31.63200
31.63500
31.63600
31.63800
31.63600
31.63700
31.63600
31.63600
31.63400
31.63500
31.63200
31.63100
31.63200
31.63300
31.63400
31.63700
31.63700
31.63700
31.63900
31.64100
31.64200
31.64200
31.64000
31.63500
31.63400
31.63400
31.63500
31.63800
31.63700
31.63800
31.63800
31.63700
31.63700
31.63600
31.63500
31.63600
31.63600
31.63300
31.63300
31.63300
31.63300
31.63600
31.63500
31.63300
31.63300
31.63500
31.63500
31.63200
31.63100
31.63100
31.63000
31.63200
31.63200
31.63200
31.63200
31.63300
31.63200
31.63300
31.63200
31.63000
31.62900
31.63100
31.62900
31.63000
31.63000
31.63100
31.63400
31.63300
31.63300
31.63300
31.62900
31.62700
31.63100
31.63100
31.63100
31.63500
31.63500
31.63300
31.63400
31.63500
31.63500
31.63700
31.63700
31.63700
31.64100
31.64100
31.64200
31.64200
31.64100
31.63900
31.64000
31.64100
31.63700
31.63700
31.63700
31.63800
31.63600
31.63600
31.63600
31.63600
31.63600
31.63700
31.64000
31.64000
31.64000
31.64200
31.64100
31.64000
31.64300
31.64200
31.63800
31.63800
31.63700
31.63800
31.63800
31.63800
31.63800
31.63700
31.63800
31.63700
31.63600
31.63900
31.63900
31.63900
31.63800
31.63900
31.64100
31.63900
31.63700
31.63600
31.63600
31.63600
31.63300
31.63600
31.63700
31.63400
31.63600
31.63700
31.63800
31.63800
31.63700
31.63700
31.63700
31.63900
31.63400
31.63200
31.63200
31.63400
31.63400
31.63300
31.63200
31.63200
31.63400
31.63300
31.62900
31.62800
31.62500
31.62700
31.62700
31.62700
31.62700
31.62600
31.62600
31.62500
31.62600
31.62500
31.62500
31.62600
31.62700
31.62800
31.62800
31.62800
31.62900
31.62900
31.62800
31.62700
31.62700
31.62700
31.62800
31.62800
31.62600
31.62600
31.62400
31.62100
31.62200
31.62300
31.62400
31.62500
31.62500
31.62600
31.62600
31.62500
31.62600
31.62700
31.62800
31.62700
31.62800
31.62700
31.62500
31.62500
31.62300
31.62100
31.62000
31.61800
31.61800
31.61600
31.61600
31.61700
31.61600
31.61500
31.61500
31.61500
31.61600
31.61700
31.61600
31.61600
31.61700
31.61500
31.61500
31.61600
31.61600
31.61400
31.61100
31.61000
31.61100
31.61000
31.61000
31.61000
31.61400
31.61500
31.61600
31.61700
31.61700
31.61800
31.61600
31.61600
31.62000
31.61900
31.61600
31.61800
31.61900
31.62200
31.61900
31.61800
31.61600
31.61600
31.61700
31.61900
31.61900
31.61800
31.61700
31.61800
31.62000
31.62100
31.61900
31.61800
31.62000
31.62000
31.62000
31.62100
31.62100
31.62100
31.62200
31.62500
31.62500
31.62600
31.62600
31.62500
31.62700
31.62500
31.62600
31.62800
31.63000
31.63000
31.63000
31.62900
31.62900
31.62900
31.62900
31.63100
31.63300
31.63100
31.63000
31.63100
31.63200
31.63000
31.63000
31.62900
31.63000
31.63100
31.63300
31.63500
31.63400
31.63500
31.63500
31.63500
31.63600
31.63600
31.63600
31.63600
31.63700
31.63800
31.63800
31.63800
31.64100
31.63900
31.63900
31.63900
31.63900
31.63900
31.63900
31.64100
31.63900
31.63900
31.64200
31.64200
31.64300
31.64400
31.64200
31.64200
31.64000
31.63900
31.64000
31.64000
31.63900
31.64200
31.64200
31.64200
31.64300
31.64300
31.64300
31.64400
31.64500
31.64500
31.64600
31.64900
31.64900
31.64800
31.64900
31.64800
31.64700
31.64700
31.64600
31.64400
31.64600
31.64600
31.64500
31.64500
31.64400
31.64300
31.64000
31.64000
31.64200
31.64100
31.64000
31.64100
31.64200
31.64100
31.64100
31.64000
31.64000
31.64000
31.63900
31.63800
31.64000
31.63900
31.63800
31.63800
31.64000
31.64000
31.63800
31.63700
31.63600
31.63700
31.63900
31.63700
31.63500
31.63400
31.63500
31.63600
31.63500
31.63600
31.63600
31.63300
31.63400
31.63400
31.63200
31.63200
31.63200
31.63200
31.62900
31.63100
31.63100
31.63100
31.63100
31.63200
31.63300
31.63300
31.63300
31.63200
31.63100
31.62900
31.62800
31.62900
31.62900
31.62900
31.62500
31.62600
31.62900
31.63000
31.62900
31.63000
31.62600
31.62700
31.62800
31.62700
31.62500
31.62700
31.62700
31.62600
31.62600
31.62500
31.62500
31.62400
31.62400
31.62300
31.62100
31.62100
31.62100
31.61900
31.62200
31.62100
31.62200
31.62100
31.62000
31.62000
31.61900
31.61800
31.61700
31.62100
31.62100
31.62200
31.62300
31.62400
31.62300
31.62200
31.62200
31.62000
31.62200
31.62200
31.62200
31.62100
31.62000
31.62100
31.62100
31.61800
31.61800
31.61900
31.62200
31.62100
31.62200
31.62300
31.62300
31.62200
31.62200
31.62400
31.62400
31.62500
31.62500
31.62400
31.62200
31.62100
31.62400
31.62300
31.62300
31.62400
31.62300
31.62300
31.62100
31.62200
31.62200
31.62200
31.62300
31.62400
31.62500
31.62600
31.62700
31.62600
31.62600
31.62500
31.62700
31.62500
31.62600
31.62800
31.62900
31.62800
31.62700
31.62600
31.62700
31.62700
31.62900
31.63100
31.63300
31.63400
31.63400
31.63300
31.63200
31.63100
31.63000
31.63200
31.63100
31.63200
31.63400
31.63300
31.63200
31.63200
31.63300
31.63300
31.63300
31.63000
31.63100
31.63000
31.63000
31.63100
31.63100
31.63000
31.63000
31.63000
31.63000
31.63200
31.63200
31.62900
31.62700
31.62800
31.62800
31.62600
31.62500
31.62500
31.62600
31.62700
31.62600
31.62700
31.62600
31.62600
31.62700
31.62800
31.62900
31.62700
31.63000
31.63100
31.63000
31.62800
31.62900
31.62800
31.62600
31.62800
31.63000
31.63000
31.63100
31.63100
31.63300
31.63400
31.63200
31.63100
31.63100
31.63100
31.63200
31.63100
31.63100
31.63400
31.63300
31.63300
31.63500
31.63300
31.63200
31.63300
31.63400
31.63500
31.63600
31.63200
31.63300
31.63300
31.63400
31.63400
31.63400
31.63300
31.63300
31.63300
31.63200
31.63200
31.63000
31.63000
31.62900
31.63000
31.63200
31.63300
31.63200
31.63200
31.63200
31.63100
31.63000
31.63100
31.63200
31.62900
31.62900
31.62900
31.62600
31.62600
31.62600
31.62700
31.62500
31.62300
31.62100
31.62000
31.62300
31.62400
31.62300
31.62300
31.62400
31.62300
31.62300
31.62300
31.62400
31.62400
31.62400
31.62500
31.62600
31.62700
31.62100
31.62100
31.62100
31.62200
31.62400
31.62200
31.62400
31.62400
31.62300
31.62400
31.62300
31.62700
31.62600
31.62600
31.62600
31.62700
31.62500
31.62500
31.62400
31.62600
31.62700
31.62600
31.62800
31.62900
31.62800
31.62600
31.62600
31.62700
31.62700
31.62600
31.62600
31.62800
31.62800
31.62800
31.62800
31.62900
31.62900
31.62900
31.62900
31.63100
31.63000
31.63000
31.62900
31.62800
31.63000
31.62900
31.62900
31.63100
31.63100
31.63100
31.63000
31.63000
31.63100
31.63300
31.63200
31.63100
31.62900
31.62800
31.63000
31.63100
31.63200
31.63300
31.63200
31.63200
31.63300
31.63200
31.63200
31.63100
31.63200
31.63200
31.63200
31.63100
31.63100
31.63200
31.63100
31.62900
31.63000
31.63000
31.63000
31.63000
31.62900
31.63300
31.63000
31.62900
31.62800
31.62900
31.62900
31.62900
31.63200
31.63000
31.63300
31.63400
31.63400
31.63400
31.63300
31.63200
31.63400
31.63600
31.63600
31.63500
31.63200
31.63200
31.63200
31.63100
31.63100
31.63200
31.63200
31.63300
31.63600
31.63600
31.63700
31.63700
31.63900
31.63600
31.63600
31.63400
31.63700
31.63700
31.63700
31.63700
31.63700
31.63600
31.63600
31.63700
31.63700
31.63600
31.63500
31.63300
31.63400
31.63400
31.63300
31.63400
31.63400
31.63300
31.63200
31.63200
31.63300
31.63400
31.63300
31.63200
31.63200
31.63100
31.63100
31.63100
31.63200
31.63200
31.63200
31.63600
31.63700
31.63700
31.63700
31.63500
31.63600
31.63700
31.63600
31.63800
31.63800
31.63500
31.63500
31.63800
31.64100
31.64600
31.64400
31.64500
31.64800
31.64800
31.65000
31.64900
31.64900
31.64800
31.64800
31.65100
31.65300
31.65400
31.65300
31.65200
31.65200
31.65300
31.65400
31.65400
31.65600
31.65700
31.65500
31.65300
31.65600
31.65500
31.65500
31.65400
31.65400
31.65500
31.65500
31.65400
31.65400
31.65300
31.65200
31.65200
31.65100
31.65100
31.65100
31.65000
31.65100
31.65500
31.65400
31.65700
31.65500
31.65400
31.65200
31.65200
31.65400
31.65300
31.65200
31.65100
31.65100
31.65300
31.65200
31.65000
31.65100
31.65000
31.65200
31.65200
31.65100
31.65100
31.65100
31.65000
31.64900
31.64700
31.64800
31.64800
31.64800
31.65000
31.65200
31.65300
31.65200
31.65300
31.65300
31.65200
31.65000
31.65100
31.65100
31.65000
31.65000
31.64700
31.64900
31.64700
31.64700
31.64700
31.64600
31.64800
31.64900
31.64800
31.64900
31.64900
31.65200
31.65200
31.65100
31.65100
31.65100
31.65000
31.65000
31.65100
31.65200
31.65200
31.65200
31.65300
31.65400
31.65200
31.65200
31.65300
31.65400
31.65500
31.65400
31.65400
31.65300
31.65200
31.65000
31.65000
31.64800
31.64900
31.65000
31.64900
31.64900
31.64900
31.65000
31.64800
31.64800
31.64700
31.64600
31.64700
31.64800
31.64900
31.64900
31.64700
31.64700
31.64700
31.64800
31.64500
31.64600
31.64600
31.64600
31.64800
31.65000
31.64700
31.64500
31.64800
31.64700
31.65200
31.65100
31.65100
31.65100
31.65100
31.65100
31.65100
31.65200
31.65300
31.65500
31.65400
31.65400
31.65200
31.65100
31.65100
31.65100
31.65100
31.65100
31.65200
31.65000
31.65000
31.65100
31.65200
31.65200
31.65200
31.65300
31.65300
31.65200
31.65100
31.65200
31.65400
31.65300
31.65300
31.65200
31.65300
31.65600
31.65600
31.65600
31.65600
31.65600
31.65700
31.65400
31.65600
31.65700
31.65600
31.65700
31.66000
31.65900
31.65900
31.66400
31.66400
31.66500
31.66700
31.66700
31.66700
31.66800
31.66800
31.66900
31.66900
31.67100
31.67200
31.67300
31.67400
31.67200
31.67400
31.67300
31.67400
31.67200
31.67300
31.67200
31.67900
31.68100
31.68100
31.68200
31.68200
31.68200
31.68200
31.68100
31.68400
31.68400
31.68500
31.68300
31.68500
31.68500
31.68500
31.68500
31.68400
31.68600
31.68600
31.68700
31.68600
31.68700
31.68700
31.68800
31.68900
31.69000
31.69000
31.68800
31.68700
31.68700
31.68800
31.68800
31.68800
31.68800
31.68800
31.68800
31.68600
31.68600
31.68600
31.68700
31.68700
31.68400
31.68400
31.68400
31.68500
31.68500
31.68400
31.68600
31.68500
31.68500
31.68400
31.68600
31.68600
31.68500
31.68500
31.68500
31.68700
31.68700
31.68700
31.68600
31.68600
31.68600
31.68600
31.68800
31.68600
31.68500
31.68500
31.68600
31.68600
31.68500
31.68500
31.68300
31.68300
31.68400
31.68500
31.68600
31.68800
31.68800
31.68800
31.69000
31.69000
31.69200
31.69100
31.69200
31.69200
31.69100
31.69200
31.69000
31.69100
31.69000
31.68800
31.68800
31.68600
31.68600
31.68500
31.68500
31.68400
31.68600
31.68500
31.68600
31.68800
31.68800
31.68800
31.69000
31.69000
31.69300
31.69300
31.69200
31.69100
31.69100
31.69200
31.69100
31.69000
31.69000
31.69100
31.69100
31.69200
31.69300
31.69600
31.69600
31.69500
31.69500
31.69400
31.69500
31.69400
31.69500
31.69700
31.69700
31.69500
31.69500
31.69500
31.69400
31.69200
31.69400
31.69600
31.69700
31.69800
31.69800
31.69900
31.69900
31.69800
31.69900
31.69900
31.69800
31.69800
31.70100
31.70100
31.70000
31.70100
31.70200
31.70300
31.70200
31.70200
31.70200
31.70200
31.70200
31.70200
31.70200
31.70100
31.70100
31.70100
31.70100
31.69900
31.70000
31.69900
31.69800
31.69700
31.69800
31.70100
31.70100
31.70200
31.70200
31.70300
31.70200
31.70200
31.70100
31.69900
31.69800
31.70000
31.70100
31.69900
31.69700
31.69700
31.69700
31.69600
31.69800
31.69700
31.69600
31.69600
31.69700
31.69900
31.69800
31.69800
31.69900
31.69900
31.69800
31.69800
31.69800
31.69700
31.69700
31.69800
31.69800
31.69800
31.69800
31.69800
31.69700
31.69700
31.69800
31.69800
31.70200
31.70000
31.70100
31.70000
31.69900
31.69800
31.69900
31.69800
31.69900
31.70100
31.70200
31.70300
31.70300
31.70200
31.70200
31.70100
31.70100
31.70500
31.70400
31.70600
31.70700
31.70700
31.70600
31.70800
31.70700
31.70700
31.70700
31.70500
31.70400
31.70400
31.70200
31.70400
31.70300
31.70300
31.70400
31.70400
31.70500
31.70500
31.70400
31.70400
31.70500
31.70600
31.70600
31.70900
31.70900
31.71100
31.70900
31.71000
31.70900
31.71000
31.71100
31.71000
31.71100
31.71100
31.71200
31.71200
31.71300
31.71300
31.71600
31.71900
31.71800
31.71700
31.71600
31.71900
31.71900
31.72000
31.72000
31.72200
31.72300
31.72100
31.72100
31.72200
31.72200
31.72400
31.72200
31.72100
31.72200
31.72400
31.72500
31.72400
31.72400
31.72400
31.72400
31.72500
31.72600
31.72700
31.72900
31.73200
31.73100
31.73100
31.73100
31.72900
31.73000
31.73000
31.73100
31.73200
31.73100
31.73000
31.73200
31.73200
31.73200
31.73200
31.73400
31.73500
31.73600
31.73800
31.73800
31.73900
31.74000
31.73800
31.73900
31.73900
31.73800
31.73600
31.73500
31.73500
31.73600
31.73800
31.73800
31.73800
31.73600
31.73600
31.73500
31.73600
31.73700
31.73700
31.73700
31.73500
31.73600
31.73600
31.73500
31.73700
31.73800
31.74000
31.74100
31.74200
31.74100
31.73900
31.73900
31.74200
31.74200
31.74300
31.74300
31.74300
31.74500
31.74700
31.74700
31.74900
31.74900
31.74900
31.74900
31.74700
31.74600
31.74500
31.74400
31.74600
31.74900
31.75000
31.74900
31.74700
31.74600
31.74500
31.74500
31.74700
31.74500
31.74600
31.74500
31.74800
31.74500
31.74400
31.74100
31.74300
31.74400
31.74400
31.74500
31.74500
31.74700
31.74600
31.74500
31.74400
31.74400
31.74500
31.74500
31.74500
31.74500
31.74700
31.74600
31.74600
31.74900
31.74800
31.75000
31.74900
31.74900
31.75000
31.74900
31.74900
31.74800
31.74800
31.74900
31.75000
31.75000
31.75200
31.75200
31.75300
31.75500
31.75400
31.75500
31.75500
31.75300
31.75400
31.75200
31.75200
31.75200
31.75300
31.75400
31.75400
31.75500
31.75500
31.75500
31.75600
31.75500
31.75400
31.75300
31.75200
31.75400
31.75500
31.75700
31.75700
31.75600
31.75800
31.76000
31.75800
31.75900
31.75900
31.75700
31.75800
31.75700
31.75900
31.76000
31.75900
31.75800
31.75700
31.75600
31.75700
31.75600
31.75800
31.75800
31.75900
31.75800
31.76200
31.76100
31.76100
31.76100
31.76200
31.76200
31.76300
31.76400
31.76500
31.76400
31.76300
31.76300
31.76200
31.76100
31.76300
31.76300
31.76200
31.76400
31.76400
31.76000
31.76100
31.76000
31.76000
31.75800
31.76000
31.76000
31.76200
31.76100
31.76200
31.76100
31.76000
31.76100
31.76200
31.76400
31.76500
31.76600
31.76800
31.76600
31.76700
31.76500
31.76600
31.76400
31.76300
31.76300
31.76300
31.76300
31.76500
31.76500
31.76600
31.76600
31.76600
31.76500
31.76300
31.76300
31.76400
31.76600
31.76600
31.76600
31.76500
31.76400
31.76400
31.76200
31.76200
31.75900
31.76100
31.76100
31.76100
31.76200
31.76100
31.76000
31.76100
31.76100
31.76200
31.76300
31.76200
31.76100
31.75900
31.75900
31.75900
31.75800
31.75800
31.75800
31.75800
31.75500
31.75600
31.75400
31.75400
31.75400
31.75500
31.75400
31.75600
31.75600
31.75600
31.75500
31.75500
31.75500
31.75500
31.75600
31.75600
31.75400
31.75400
31.75600
31.75500
31.75500
31.75500
31.75600
31.75700
31.75900
31.75900
31.75600
31.75700
31.75700
31.75800
31.75800
31.75800
31.75900
31.75800
31.75500
31.75500
31.75600
31.75600
31.75600
31.75700
31.75800
31.75900
31.75900
31.75800
31.76000
31.75800
31.75800
31.75800
31.75900
31.76100
31.76100
31.76100
31.75800
31.75900
31.75600
31.75900
31.76200
31.76200
31.76300
31.76300
31.76300
31.76400
31.76500
31.76500
31.76600
31.76600
31.76600
31.76500
31.76400
31.76500
31.76300
31.76500
31.76600
31.76600
31.76700
31.76800
31.76900
31.76900
31.77000
31.76900
31.76900
31.76900
31.77000
31.77100
31.76900
31.76900
31.77000
31.76900
31.77000
31.76900
31.76900
31.77000
31.77300
31.77300
31.77400
31.77400
31.77500
31.77400
31.77300
31.77300
31.77400
31.77300
31.77600
31.77700
31.77700
31.77700
31.77700
31.77800
31.77900
31.77900
31.77900
31.77700
31.77700
31.77600
31.77500
31.77400
31.77500
31.77400
31.77300
31.77400
31.77300
31.77500
31.77700
31.77700
31.77800
31.77800
31.77600
31.77600
31.77500
31.77500
31.77700
31.77700
31.77600
31.77600
31.77500
31.77400
31.77300
31.77400
31.77400
31.77500
31.77600
31.77400
31.77400
31.77400
31.77300
31.77400
31.77300
31.77400
31.77400
31.77100
31.77200
31.77200
31.77200
31.77300
31.77300
31.77200
31.77200
31.77200
31.77200
31.77100
31.77000
31.77100
31.77100
31.77100
31.77000
31.76800
31.76900
31.76800
31.76700
31.76800
31.76700
31.76600
31.76400
31.76300
31.76400
31.76500
31.76700
31.76800
31.76700
31.76700
31.76700
31.76800
31.76800
31.76800
31.76700
31.76800
31.76900
31.76900
31.76900
31.76900
31.76900
31.76900
31.76900
31.76800
31.76900
31.76900
31.76900
31.76900
31.77100
31.77200
31.77200
31.77200
31.77200
31.77300
31.77300
31.77300
31.77400
31.77500
31.77300
31.77300
31.77300
31.77300
31.77700
31.77600
31.77700
31.77800
31.77900
31.78100
31.78000
31.78100
31.78100
31.78100
31.78100
31.78400
31.78600
31.78500
31.78600
31.78700
31.78800
31.78700
31.78700
31.78900
31.78900
31.78900
31.78800
31.78800
31.78800
31.78800
31.79000
31.78700
31.78700
31.78800
31.79000
31.78700
31.78700
31.78600
31.78600
31.78600
31.78700
31.78700
31.78600
31.78700
31.78600
31.78700
31.78600
31.78700
31.78900
31.78700
31.78800
31.78900
31.78800
31.78600
31.78700
31.78900
31.78800
31.79000
31.79000
31.79000
31.79000
31.79100
31.79200
31.79200
31.79200
31.79200
31.79200
31.79400
31.79500
31.79700
31.79700
31.86111
31.86111
31.93857
31.93857
31.94000
31.89333
31.84250
31.95667
