0.00000
0.00000
0.00000
0.00000
0.00000
0.00000
0.00000
0.00000
0.00000
0.00000
0.00000
0.00000
0.00000
0.00000
0.00000
0.00000
1.60000
4.90000
4.90000
4.90000
6.70000
6.70000
6.70000
12.10000
12.55000
12.55000
14.88300
14.95000
16.75000
16.95800
17.55800
19.35800
19.25800
18.82500
18.92500
18.87500
18.87500
19.61700
19.77500
20.34100
20.81800
21.93000
21.94700
23.01100
23.31600
23.43300
23.72300
24.15400
24.34700
24.34700
25.69100
27.61800
27.66800
27.94100
28.43700
29.49500
29.50500
30.08500
30.11900
30.42200
30.77200
30.61600
30.63000
31.03600
31.34300
31.32000
31.28100
31.54300
31.79400
32.25800
32.51000
32.59000
32.70700
32.74400
32.91000
33.29000
33.44600
33.53800
33.57900
33.55400
33.53100
33.76900
33.79200
33.52600
33.59100
33.76500
33.97300
34.06500
34.35300
34.25900
34.28200
34.19500
34.42500
34.54700
34.67000
34.57300
34.68700
34.79500
34.93500
34.96600
35.10200
35.06000
35.06900
35.11300
35.16800
35.18100
35.18400
35.27600
35.22000
35.28000
35.21100
35.23100
35.24700
35.28900
35.30700
35.38800
35.34300
35.30600
35.38000
35.42200
35.39400
35.51500
35.54300
35.65400
35.77300
35.63400
35.69700
35.71600
35.68500
35.70600
35.64300
35.61900
35.58200
35.54600
35.66000
35.79400
35.76000
35.78200
35.65900
35.71500
35.76500
35.87100
35.81300
35.83100
35.88300
35.95900
35.91500
35.87800
35.90900
35.88800
35.89900
35.87600
35.87700
35.86900
35.91900
35.89100
35.79100
35.87100
35.88400
35.94400
35.98400
35.95300
35.94500
35.97400
35.98700
35.88600
35.91700
35.91100
35.90700
35.96800
35.96100
35.96400
35.91400
35.95600
35.97000
35.93900
35.84700
35.85700
35.93000
35.88400
35.90200
35.88800
35.91100
35.89300
35.92500
35.93900
35.95600
35.96900
35.96900
35.93300
35.92800
35.92900
35.89200
35.89300
35.92300
35.91900
35.94800
35.91700
35.90400
35.86100
35.89400
35.95500
35.95900
35.92700
35.89800
35.91200
35.89600
35.87500
35.93700
36.01600
36.06200
36.07800
36.04800
36.08500
36.12100
36.11600
36.10800
36.09300
36.07100
36.06600
36.08000
36.08800
36.04100
36.05400
36.04800
36.04500
36.00600
35.93700
35.93200
35.93900
35.93300
35.96200
35.98700
35.97500
36.03200
36.01100
36.00600
35.93800
35.95900
35.97700
35.95700
36.00100
36.00100
36.03100
36.05700
36.04700
36.02700
36.04700
36.08000
36.07800
36.05700
36.04100
36.07000
36.08100
36.09000
36.13100
36.12800
36.12800
36.08700
36.12700
36.13500
36.14200
36.18600
36.16300
36.10000
36.08600
36.11200
36.09800
36.11800
36.10300
36.08800
36.03600
36.05400
36.00300
35.96600
35.93700
35.93400
35.90500
35.89300
35.92500
35.88800
35.88000
35.88500
35.90600
35.90900
35.88900
35.89600
35.90900
35.93200
35.93500
35.96500
35.98700
35.98200
35.97600
35.96100
35.94900
35.94700
35.95600
35.93900
35.96100
35.95600
35.97000
35.95900
35.95300
35.95100
35.94900
35.97500
35.99700
35.95100
35.93900
35.94600
35.92200
35.93800
35.90900
35.89600
35.89400
35.92200
35.89300
35.91400
35.94400
35.98100
35.93200
35.94000
35.93600
35.94000
35.92900
35.91800
35.92300
35.95500
35.95400
35.94400
35.89900
35.91200
35.92800
35.93400
35.90800
35.91500
35.93100
35.91700
35.93000
35.91900
35.91100
35.91300
35.92100
35.91700
35.91700
35.91500
35.94300
35.93300
35.90800
35.88900
35.88300
35.87600
35.86500
35.87800
35.88000
35.89400
35.89400
35.89400
35.90300
35.89800
35.87300
35.86600
35.86500
35.87100
35.88000
35.89000
35.89500
35.90500
35.88800
35.90700
35.90100
35.87900
35.82600
35.83600
35.84900
35.84500
35.82700
35.83400
35.81900
35.83500
35.82200
35.80300
35.80000
35.81400
35.82600
35.85300
35.85300
35.83700
35.83900
35.85100
35.84000
35.83200
35.83600
35.82500
35.82700
35.83600
35.83300
35.84000
35.82400
35.82100
35.81900
35.84100
35.84800
35.86200
35.84500
35.84800
35.84300
35.85600
35.84700
35.85200
35.84600
35.87000
35.85600
35.88500
35.87800
35.86900
35.88700
35.89400
35.90800
35.91600
35.91300
35.91300
35.91000
35.91900
35.91300
35.94600
35.95500
35.94300
35.93900
35.95700
35.96900
35.97700
35.97300
35.99700
36.00100
36.00700
36.02400
36.01800
36.02300
36.03000
36.03900
36.03400
36.04200
36.04300
36.04900
36.04200
36.03800
36.06300
36.06800
36.08000
36.05700
36.05700
36.06100
36.05300
36.06300
36.06000
36.06100
36.06800
36.06000
36.05700
36.04600
36.06000
36.05200
36.05000
36.05700
36.07800
36.06800
36.07300
36.05500
36.04500
36.04000
36.03900
36.03100
36.01800
36.01700
36.01500
36.00700
36.01900
36.03000
36.00500
36.00800
36.00300
35.99900
35.99100
35.99500
35.97800
35.98300
35.99000
36.00600
36.01600
36.02700
36.03400
36.05000
36.04400
36.05900
36.04700
36.05100
36.06800
36.05400
36.04800
36.03700
36.04100
36.04300
36.04600
36.02300
36.02900
36.03300
36.01900
36.02100
36.04700
36.05200
36.05500
36.06400
36.05900
36.06600
36.08300
36.08400
36.07400
36.07400
36.07300
36.06800
36.08800
36.09600
36.09700
36.11800
36.12400
36.12200
36.11200
36.12900
36.13300
36.13800
36.14300
36.13600
36.13500
36.15500
36.13800
36.13900
36.14100
36.14700
36.15300
36.16200
36.20900
36.21800
36.21000
36.18200
36.17200
36.18800
36.19900
36.21400
36.21100
36.23300
36.25400
36.24000
36.23900
36.23600
36.22200
36.21000
36.22000
36.22300
36.21600
36.21600
36.22300
36.22100
36.21700
36.22600
36.23300
36.23500
36.23900
36.24300
36.23900
36.24400
36.24100
36.25600
36.27200
36.27400
36.28700
36.28400
36.27500
36.27800
36.26300
36.24300
36.25000
36.26100
36.26800
36.26300
36.26800
36.26700
36.27600
36.28700
36.28600
36.27100
36.26700
36.25300
36.26800
36.25500
36.24300
36.23400
36.24300
36.22100
36.23500
36.22700
36.24700
36.24400
36.24400
36.24400
36.23100
36.24500
36.20700
36.21200
36.19600
36.19500
36.22400
36.21300
36.21800
36.22200
36.22400
36.23300
36.23600
36.25500
36.25100
36.23300
36.23000
36.21800
36.23100
36.20000
36.20300
36.22100
36.23200
36.23200
36.22200
36.21500
36.22900
36.25100
36.25800
36.25400
36.25300
36.23700
36.24000
36.24600
36.25100
36.24500
36.24400
36.24300
36.24500
36.25900
36.25600
36.26600
36.27000
36.27000
36.26500
36.25400
36.24500
36.24600
36.24600
36.24900
36.24700
36.25300
36.24600
36.24500
36.24300
36.23500
36.22800
36.22900
36.22400
36.21500
36.23500
36.23500
36.24300
36.24200
36.24100
36.23700
36.22700
36.21100
36.21500
36.21000
36.19600
36.19500
36.18400
36.19200
36.19200
36.18700
36.19400
36.21400
36.19500
36.18300
36.18600
36.20000
36.20100
36.19500
36.19500
36.18600
36.19200
36.18800
36.19500
36.19900
36.18800
36.18100
36.20000
36.18700
36.17900
36.17200
36.16300
36.15400
36.15200
36.15000
36.15300
36.14800
36.13900
36.13600
36.13600
36.14500
36.15100
36.16000
36.15100
36.14700
36.15100
36.14800
36.15400
36.16600
36.16300
36.15300
36.14500
36.13800
36.12900
36.13400
36.14300
36.14700
36.14300
36.12300
36.12200
36.13000
36.13600
36.13500
36.15200
36.14000
36.15500
36.16200
36.16800
36.17600
36.16800
36.17200
36.16900
36.17700
36.18700
36.18800
36.16800
36.18100
36.18300
36.18500
36.17800
36.18100
36.19400
36.18400
36.18400
36.18500
36.18200
36.19700
36.19700
36.20800
36.22800
36.21700
36.23400
36.24200
36.26000
36.25700
36.24400
36.24800
36.24800
36.25000
36.24800
36.24100
36.24700
36.23800
36.23500
36.24500
36.26100
36.26200
36.26000
36.26100
36.26000
36.25400
36.26000
36.25800
36.26700
36.26500
36.26700
36.28500
36.28900
36.29000
36.28600
36.27600
36.26400
36.26700
36.27200
36.28300
36.28400
36.28300
36.27700
36.28400
36.28800
36.29200
36.29600
36.30100
36.31100
36.31600
36.31500
36.32100
36.32000
36.32100
36.32100
36.33400
36.34000
36.33900
36.34300
36.35900
36.36600
36.35600
36.34700
36.34400
36.33300
36.32400
36.32900
36.33100
36.34100
36.33600
36.33800
36.33300
36.33300
36.33500
36.33900
36.34900
36.35300
36.35800
36.36700
36.36100
36.36700
36.37900
36.36100
36.36300
36.37200
36.36700
36.37700
36.35900
36.37200
36.36700
36.37300
36.37100
36.36700
36.37000
36.36800
36.35900
36.36400
36.35900
36.35900
36.35200
36.35700
36.37000
36.37500
36.37600
36.37100
36.37000
36.37200
36.37500
36.38200
36.39100
36.38800
36.39700
36.39200
36.38400
36.38900
36.39200
36.39700
36.39900
36.40400
36.40600
36.42900
36.42400
36.42200
36.42700
36.41200
36.42800
36.43500
36.42900
36.42500
36.43000
36.43100
36.41900
36.41900
36.42900
36.44500
36.45300
36.45300
36.45600
36.46400
36.47000
36.46800
36.45600
36.44400
36.44200
36.44300
36.43900
36.43200
36.43200
36.43800
36.44200
36.43400
36.44000
36.44100
36.44000
36.43500
36.43500
36.43300
36.42600
36.43500
36.44700
36.43900
36.43600
36.43400
36.42400
36.42900
36.42600
36.41300
36.41300
36.41100
36.41700
36.41700
36.41100
36.42600
36.42000
36.40900
36.42000
36.42600
36.42700
36.42800
36.42700
36.43000
36.43100
36.43100
36.43000
36.43000
36.42500
36.42400
36.43000
36.43300
36.43700
36.44000
36.43800
36.43900
36.43200
36.43600
36.43000
36.43900
36.43500
36.44500
36.45400
36.44400
36.43100
36.43800
36.44200
36.44400
36.44500
36.45000
36.45400
36.45600
36.46300
36.46700
36.45600
36.43900
36.43800
36.44700
36.44200
36.44900
36.45400
36.45300
36.45300
36.44400
36.44000
36.43600
36.43900
36.43900
36.43600
36.44200
36.44500
36.44100
36.43700
36.44200
36.44000
36.44300
36.44900
36.45700
36.45800
36.45400
36.45300
36.44200
36.44900
36.44600
36.44700
36.44900
36.45300
36.45200
36.45600
36.46400
36.45400
36.44600
36.44500
36.43900
36.44200
36.45000
36.45300
36.45400
36.44800
36.44700
36.44900
36.43600
36.43000
36.43500
36.44500
36.45100
36.45000
36.44200
36.42600
36.43200
36.42500
36.42600
36.42700
36.42800
36.42700
36.42100
36.41400
36.42000
36.42700
36.41700
36.41500
36.41300
36.41300
36.41200
36.41900
36.41900
36.41400
36.41500
36.40200
36.39700
36.39300
36.39100
36.39400
36.39400
36.40600
36.39800
36.40400
36.40100
36.39800
36.39500
36.39600
36.39600
36.39700
36.40300
36.40800
36.39800
36.40100
36.39200
36.38100
36.37300
36.36700
36.36600
36.36200
36.35900
36.35200
36.34800
36.36000
36.36600
36.36400
36.36900
36.36600
36.36000
36.35900
36.36000
36.35800
36.36600
36.35700
36.36300
36.37100
36.36400
36.36600
36.37200
36.38000
36.37900
36.37100
36.37700
36.37200
36.38300
36.38500
36.39200
36.39400
36.38900
36.39900
36.40100
36.40100
36.39700
36.39300
36.39000
36.38900
36.38200
36.38200
36.37500
36.37200
36.37300
36.37800
36.38200
36.38200
36.38100
36.37700
36.37700
36.38400
36.37200
36.37200
36.37300
36.36600
36.36200
36.35800
36.36800
36.36600
36.37200
36.38000
36.37800
36.37800
36.37100
36.37100
36.37000
36.37200
36.36900
36.37300
36.37400
36.37800
36.37800
36.37700
36.37900
36.37500
36.38200
36.38000
36.38300
36.37900
36.38600
36.40000
36.40400
36.39900
36.39200
36.38900
36.38900
36.38200
36.38600
36.38600
36.39200
36.39300
36.39500
36.39000
36.39100
36.39200
36.38900
36.39200
36.39700
36.40700
36.40400
36.39600
36.40200
36.40400
36.41000
36.40300
36.40300
36.40600
36.40900
36.41400
36.41500
36.40100
36.40000
36.41000
36.41000
36.40200
36.41100
36.42400
36.42500
36.42900
36.42900
36.43000
36.43500
36.43500
36.43200
36.42500
36.42600
36.41700
36.42100
36.42600
36.42300
36.42100
36.42200
36.41400
36.40900
36.41100
36.40700
36.40200
36.39700
36.39400
36.39600
36.38000
36.37700
36.37900
36.37400
36.37200
36.37000
36.37700
36.37700
36.37700
36.37900
36.38600
36.38800
36.38500
36.37600
36.38800
36.38400
36.38100
36.38600
36.38000
36.38200
36.38400
36.38700
36.38500
36.38800
36.38600
36.39400
36.39400
36.39200
36.39200
36.39200
36.39500
36.39700
36.39500
36.38900
36.39100
36.38400
36.38500
36.39200
36.39100
36.39600
36.39300
36.39400
36.39300
36.39000
36.39300
36.39300
36.39400
36.38600
36.38700
36.38500
36.38400
36.37700
36.38200
36.37700
36.38000
36.37500
36.37500
36.37900
36.37200
36.36800
36.36500
36.36600
36.37200
36.37300
36.36900
36.36200
36.36500
36.35800
36.36100
36.35300
36.35600
36.35200
36.34300
36.34200
36.34500
36.34300
36.33600
36.33100
36.32900
36.32400
36.31300
36.31400
36.32400
36.32500
36.33000
36.32300
36.31800
36.31200
36.31600
36.31500
36.31100
36.31300
36.31700
36.31900
36.31600
36.31400
36.31500
36.31900
36.30900
36.31500
36.31300
36.31700
36.32000
36.31500
36.30800
36.30800
36.30300
36.30800
36.31000
36.31400
36.31100
36.31300
36.30700
36.31200
36.31600
36.31600
36.31500
36.31900
36.31900
36.32200
36.32400
36.32300
36.31800
36.32000
36.32800
36.32500
36.32300
36.32300
36.32100
36.31200
36.31800
36.32400
36.32200
36.31600
36.32300
36.32000
36.32100
36.32100
36.32100
36.31600
36.31500
36.30800
36.30700
36.30400
36.30400
36.30500
36.29800
36.30200
36.29500
36.29300
36.29500
36.30300
36.30700
36.30500
36.30700
36.30100
36.30600
36.30500
36.29200
36.29400
36.29300
36.30000
36.30400
36.30900
36.31200
36.31300
36.32300
36.32400
36.32300
36.32100
36.32500
36.31900
36.31600
36.32000
36.31600
36.31800
36.31900
36.31900
36.31300
36.31200
36.31400
36.31700
36.31200
36.31700
36.31600
36.31400
36.30800
36.31200
36.30900
36.30800
36.30900
36.31200
36.30900
36.30600
36.30600
36.31200
36.31300
36.31300
36.31100
36.30600
36.31100
36.30400
36.29900
36.30100
36.30300
36.30500
36.30500
36.30200
36.29500
36.28900
36.28300
36.28400
36.28400
36.27900
36.28000
36.27900
36.27700
36.27800
36.27900
36.27400
36.27600
36.27800
36.27800
36.27900
36.28100
36.27800
36.28000
36.27500
36.26900
36.27000
36.27800
36.27700
36.27200
36.27200
36.27200
36.27500
36.27300
36.27300
36.26700
36.27100
36.27400
36.27000
36.27400
36.27400
36.27800
36.28100
36.28100
36.28100
36.27500
36.27600
36.27900
36.27900
36.28300
36.28200
36.27900
36.27500
36.27300
36.27300
36.27700
36.27200
36.26800
36.27200
36.26500
36.26400
36.26500
36.26100
36.26100
36.26100
36.26000
36.26000
36.26400
36.26300
36.25400
36.25800
36.25700
36.25400
36.25400
36.25700
36.26200
36.26600
36.26600
36.27200
36.27500
36.27200
36.27500
36.28100
36.28000
36.28100
36.27400
36.27700
36.27400
36.27600
36.28600
36.28600
36.28800
36.29600
36.29600
36.29300
36.29200
36.29100
36.29400
36.30000
36.30400
36.29700
36.29800
36.30000
36.30000
36.29700
36.29800
36.30200
36.30300
36.30300
36.30300
36.30300
36.30100
36.30000
36.30500
36.30400
36.30500
36.30400
36.30500
36.31200
36.31200
36.31300
36.32000
36.32200
36.32300
36.32900
36.32500
36.32400
36.32600
36.32900
36.33100
36.32800
36.32500
36.32700
36.32900
36.33200
36.32800
36.33000
36.33200
36.33500
36.33400
36.33600
36.33300
36.32800
36.32100
36.32100
36.32300
36.32200
36.31900
36.32200
36.31800
36.32500
36.32600
36.32600
36.32800
36.32400
36.31700
36.31900
36.31700
36.31600
36.31900
36.32200
36.31400
36.31800
36.31900
36.31500
36.31200
36.30500
36.30600
36.31500
36.31900
36.32200
36.31900
36.32900
36.33400
36.33500
36.34100
36.33900
36.34100
36.33900
36.33700
36.34000
36.33800
36.34100
36.33500
36.32900
36.32900
36.32800
36.32200
36.32300
36.32400
36.32200
36.32700
36.32700
36.33000
36.32900
36.33200
36.33300
36.33400
36.32800
36.31800
36.31300
36.31400
36.32000
36.32000
36.32100
36.31900
36.32100
36.31100
36.31300
36.31300
36.31500
36.31600
36.31800
36.32100
36.32100
36.32100
36.32300
36.32200
36.32300
36.32300
36.31800
36.31700
36.31900
36.31500
36.32100
36.33100
36.33100
36.32900
36.32900
36.33200
36.33800
36.33800
36.33600
36.33400
36.33900
36.34100
36.34200
36.34400
36.34300
36.34700
36.34000
36.34300
36.35000
36.35200
36.35100
36.35000
36.35900
36.35500
36.35700
36.35300
36.35600
36.35400
36.34500
36.34600
36.35000
36.35200
36.35300
36.35400
36.35500
36.35600
36.34900
36.35100
36.35300
36.35600
36.34900
36.34900
36.35300
36.35400
36.36300
36.35200
36.34800
36.35000
36.35800
36.35300
36.35300
36.35300
36.34500
36.34700
36.34900
36.35500
36.35500
36.35900
36.36000
36.35800
36.35500
36.36300
36.36400
36.36800
36.36900
36.37500
36.37500
36.37600
36.37500
36.37500
36.37600
36.37500
36.37800
36.38100
36.37500
36.37300
36.37600
36.37300
36.37800
36.37300
36.37500
36.37500
36.37200
36.37500
36.37700
36.37600
36.38100
36.38400
36.38300
36.38400
36.38800
36.38600
36.38500
36.38100
36.38000
36.37900
36.38000
36.38200
36.38100
36.37700
36.37900
36.37800
36.37600
36.37600
36.37200
36.37800
36.37800
36.38200
36.38200
36.38500
36.38500
36.38800
36.39000
36.38900
36.38800
36.38300
36.38200
36.38400
36.38600
36.38600
36.39100
36.39200
36.38900
36.38600
36.39500
36.39400
36.39900
36.39700
36.39600
36.39900
36.39700
36.39200
36.38800
36.39100
36.39600
36.39800
36.39100
36.39300
36.39300
36.39000
36.38900
36.38500
36.38200
36.38100
36.38100
36.38300
36.38100
36.38000
36.38200
36.37900
36.39000
36.39000
36.39100
36.38900
36.38600
36.39000
36.39300
36.39700
36.39500
36.39400
36.39000
36.38900
36.38700
36.38600
36.38600
36.38400
36.38700
36.38300
36.38400
36.38500
36.38000
36.38300
36.38400
36.38900
36.38800
36.39400
36.39200
36.39700
36.39500
36.39300
36.39700
36.40100
36.40200
36.40200
36.40300
36.39900
36.39900
36.40300
36.40300
36.40300
36.40200
36.40200
36.40000
36.39700
36.39600
36.39600
36.39600
36.39500
36.39200
36.39400
36.39200
36.39600
36.39100
36.38800
36.39100
36.38800
36.39100
36.38400
36.38900
36.38700
36.39300
36.39300
36.39100
36.39300
36.39300
36.39100
36.38600
36.38300
36.38300
36.37900
36.38000
36.38200
36.38300
36.38300
36.38300
36.38200
36.38200
36.38200
36.38700
36.38400
36.38400
36.38400
36.38700
36.38600
36.38600
36.38800
36.39000
36.39000
36.39100
36.39300
36.39300
36.39300
36.39700
36.39900
36.40600
36.40700
36.40600
36.40800
36.41000
36.40500
36.40500
36.40600
36.40900
36.41100
36.41000
36.41000
36.41500
36.41300
36.41200
36.41100
36.41000
36.41500
36.41500
36.42100
36.42100
36.42500
36.41700
36.41500
36.41600
36.41700
36.41900
36.41900
36.41400
36.41200
36.41900
36.41500
36.41700
36.42000
36.42100
36.42100
36.42100
36.42200
36.41900
36.42100
36.42100
36.41900
36.42200
36.42100
36.42300
36.42800
36.42600
36.42800
36.42300
36.42500
36.42300
36.42200
36.42500
36.42200
36.42100
36.41900
36.42100
36.42400
36.42000
36.41800
36.41200
36.41400
36.41200
36.41300
36.40700
36.39900
36.40400
36.40300
36.40700
36.40700
36.40500
36.41000
36.40900
36.41200
36.40800
36.40800
36.40600
36.40800
36.40800
36.40700
36.40700
36.40400
36.39800
36.39900
36.40100
36.40200
36.40100
36.40400
36.40100
36.40100
36.40100
36.40400
36.40500
36.40300
36.39900
36.40300
36.40100
36.39900
36.39600
36.39800
36.39900
36.39800
36.40100
36.40100
36.40300
36.40400
36.40800
36.40700
36.40500
36.40100
36.39900
36.39600
36.39300
36.39700
36.40200
36.40100
36.40100
36.40500
36.40700
36.40600
36.40100
36.40200
36.40200
36.40100
36.40000
36.40000
36.40100
36.39900
36.39900
36.40100
36.40400
36.40200
36.39700
36.39200
36.38900
36.38800
36.38800
36.38100
36.37500
36.37600
36.37300
36.37600
36.37400
36.37500
36.36900
36.37500
36.37200
36.37200
36.36600
36.36300
36.36100
36.36300
36.36300
36.35800
36.35600
36.36000
36.35600
36.35800
36.35800
36.35700
36.35800
36.35800
36.35700
36.36100
36.35700
36.36000
36.35800
36.35900
36.35800
36.35700
36.35400
36.35700
36.35700
36.35600
36.35500
36.35200
36.35300
36.35200
36.34900
36.34900
36.35000
36.34600
36.34600
36.34700
36.34400
36.34600
36.34900
36.34100
36.33800
36.33600
36.33300
36.33100
36.32800
36.33100
36.33600
36.33700
36.33700
36.33100
36.33000
36.32900
36.32700
36.32500
36.32000
36.31500
36.31200
36.31100
36.31800
36.31900
36.31600
36.31800
36.32000
36.32100
36.32100
36.31800
36.31800
36.31800
36.31700
36.31800
36.32100
36.31700
36.31400
36.31300
36.31700
36.31500
36.31500
36.31500
36.31800
36.31900
36.32000
36.31900
36.31700
36.31600
36.31300
36.31400
36.30800
36.30600
36.30600
36.30700
36.30100
36.30100
36.30100
36.30100
36.29800
36.29800
36.29800
36.29600
36.29600
36.29700
36.29500
36.29200
36.29200
36.29200
36.29200
36.29200
36.29100
36.29200
36.28700
36.28800
36.28600
36.28700
36.28700
36.28700
36.28200
36.27500
36.28000
36.27700
36.27400
36.27500
36.27500
36.28000
36.27900
36.27800
36.27700
36.27900
36.28000
36.28000
36.27200
36.27100
36.26900
36.27100
36.27200
36.27400
36.27400
36.27000
36.27200
36.27100
36.27500
36.27500
36.27600
36.27800
36.27700
36.27700
36.27800
36.28200
36.28000
36.27900
36.28300
36.27900
36.27800
36.27600
36.27400
36.27400
36.27800
36.28100
36.28100
36.28100
36.28100
36.28100
36.28000
36.27700
36.27400
36.27300
36.26700
36.26900
36.27200
36.27400
36.27700
36.27400
36.27400
36.27300
36.27400
36.27400
36.27300
36.27400
36.27600
36.27800
36.27500
36.27600
36.27400
36.27200
36.27100
36.26700
36.27000
36.26800
36.27000
36.26800
36.26600
36.26800
36.27300
36.26900
36.26700
36.26500
36.25800
36.25500
36.25600
36.25400
36.25000
36.25000
36.24500
36.24300
36.24300
36.24000
36.23900
36.24200
36.23900
36.24000
36.23900
36.23600
36.23700
36.23800
36.23900
36.23500
36.22700
36.22600
36.22900
36.23100
36.23200
36.23200
36.23300
36.23100
36.22800
36.23000
36.22600
36.22700
36.23100
36.23000
36.22700
36.22800
36.22900
36.22700
36.22300
36.21700
36.21800
36.22000
36.21700
36.21300
36.21700
36.21400
36.21200
36.20900
36.20900
36.20900
36.21300
36.21400
36.21300
36.21300
36.21500
36.21400
36.21700
36.22100
36.22100
36.22200
36.22200
36.22500
36.22500
36.22200
36.22400
36.22400
36.22200
36.22400
36.22800
36.22800
36.22400
36.22800
36.22800
36.23300
36.23100
36.23300
36.22800
36.22500
36.22300
36.22000
36.21900
36.22400
36.22200
36.22400
36.22000
36.21700
36.21900
36.22600
36.22500
36.22300
36.22500
36.22200
36.22300
36.22200
36.22300
36.22000
36.22000
36.21900
36.21900
36.22300
36.22600
36.22700
36.23000
36.23000
36.23000
36.23300
36.23300
36.23000
36.23100
36.23200
36.23100
36.23300
36.23100
36.22900
36.23100
36.22900
36.23200
36.23100
36.23000
36.23200
36.23300
36.22900
36.22600
36.22600
36.22800
36.23100
36.22900
36.22900
36.22700
36.22400
36.22600
36.23000
36.23400
36.22900
36.22900
36.23000
36.22500
36.22900
36.22800
36.22700
36.23200
36.22800
36.23100
36.23000
36.22500
36.22700
36.22700
36.22800
36.22600
36.22800
36.22600
36.22300
36.22500
36.22700
36.22900
36.22900
36.23200
36.23500
36.23500
36.23700
36.23500
36.23900
36.24000
36.23900
36.24000
36.24200
36.24300
36.24400
36.24400
36.24000
36.24100
36.24300
36.24300
36.24300
36.24600
36.25000
36.25100
36.25100
36.24800
36.24800
36.24300
36.24300
36.24400
36.24300
36.23900
36.24200
36.24400
36.24400
36.24500
36.24600
36.24200
36.24200
36.24300
36.23700
36.23500
36.23900
36.23900
36.23900
36.24000
36.24000
36.24000
36.24300
36.24200
36.24400
36.24000
36.23700
36.23800
36.23600
36.23700
36.23800
36.23800
36.23500
36.23400
36.23300
36.23400
36.23200
36.23400
36.23200
36.23300
36.23300
36.23700
36.23600
36.23700
36.23700
36.23600
36.23700
36.23900
36.23700
36.23600
36.23300
36.23400
36.23500
36.23600
36.23800
36.24100
36.24100
36.24600
36.24500
36.24500
36.24500
36.24600
36.24400
36.24800
36.25200
36.25300
36.25200
36.25300
36.24900
36.24700
36.24700
36.24800
36.24700
36.24500
36.24500
36.24100
36.24100
36.24200
36.24200
36.24200
36.24300
36.24000
36.24400
36.24300
36.24000
36.23900
36.23900
36.23800
36.23600
36.23400
36.23100
36.23200
36.23200
36.23200
36.23700
36.23300
36.23400
36.23400
36.23700
36.23700
36.23600
36.23400
36.23100
36.22900
36.22500
36.22700
36.22600
36.22700
36.23000
36.23300
36.23400
36.23500
36.23500
36.23600
36.23500
36.23500
36.23800
36.23200
36.23200
36.23400
36.23900
36.23800
36.23800
36.23900
36.23800
36.24000
36.23900
36.23900
36.24300
36.24000
36.23900
36.23600
36.23400
36.23400
36.23400
36.23500
36.23300
36.23400
36.23600
36.23400
36.23600
36.23400
36.23500
36.23300
36.22900
36.22800
36.23100
36.23300
36.23000
36.23000
36.22900
36.23100
36.22800
36.22500
36.22700
36.22500
36.22600
36.22800
36.22500
36.22400
36.22400
36.22300
36.22600
36.22400
36.22300
36.22300
36.22000
36.21900
36.21900
36.22000
36.22400
36.22300
36.21600
36.21700
36.21600
36.21500
36.21500
36.21700
36.21600
36.21600
36.22000
36.22100
36.22100
36.21900
36.21900
36.21900
36.21600
36.21600
36.21500
36.21200
36.21000
36.21500
36.21600
36.21800
36.21800
36.21900
36.22100
36.22400
36.22400
36.22700
36.23100
36.22900
36.22700
36.22700
36.22900
36.23100
36.22400
36.22700
36.21900
36.21900
36.22000
36.22000
36.21900
36.21500
36.21500
36.21600
36.21700
36.21800
36.22300
36.22300
36.22600
36.22600
36.22600
36.22900
36.23000
36.23300
36.23400
36.23700
36.23700
36.23800
36.23500
36.23700
36.23900
36.23700
36.23600
36.23200
36.23700
36.23700
36.23700
36.23900
36.24000
36.23800
36.23800
36.24000
36.23800
36.24000
36.24300
36.24100
36.24500
36.24600
36.25100
36.25200
36.25200
36.25400
36.25500
36.25400
36.25400
36.25600
36.25800
36.26000
36.25800
36.25500
36.25500
36.25700
36.26100
36.25700
36.25900
36.25800
36.26000
36.26200
36.26200
36.26000
36.25700
36.25900
36.26200
36.26100
36.25900
36.26000
36.26100
36.26100
36.26100
36.26000
36.26100
36.25900
36.26200
36.26300
36.26000
36.26000
36.26100
36.26000
36.25800
36.25900
36.26200
36.26300
36.26200
36.26300
36.26300
36.26500
36.26700
36.27000
36.27000
36.26600
36.26500
36.26500
36.26300
36.26500
36.26300
36.26700
36.26500
36.26200
36.26200
36.26000
36.26600
36.26600
36.26400
36.26200
36.26300
36.25900
36.26300
36.26400
36.26200
36.26200
36.26300
36.26600
36.27000
36.27000
36.27000
36.26800
36.26500
36.26900
36.26900
36.27000
36.27000
36.27100
36.26900
36.27000
36.27000
36.27200
36.27200
36.27200
36.27000
36.27300
36.27200
36.27100
36.27100
36.26700
36.26800
36.26800
36.26800
36.26700
36.26600
36.26600
36.26700
36.26600
36.26700
36.26400
36.26600
36.26700
36.27000
36.26900
36.27100
36.27100
36.27200
36.27500
36.27200
36.27200
36.26800
36.26700
36.26900
36.26900
36.26700
36.26700
36.26600
36.26600
36.26700
36.26800
36.26800
36.26800
36.27100
36.27100
36.27400
36.27500
36.27200
36.27300
36.27400
36.27100
36.27100
36.27300
36.27400
36.27600
36.27800
36.27600
36.27400
36.27300
36.27000
36.26800
36.26900
36.27100
36.27000
36.27100
36.27200
36.27500
36.27500
36.27500
36.27800
36.27700
36.27600
36.27300
36.27400
36.27500
36.27100
36.27200
36.26900
36.27100
36.27100
36.26800
36.26600
36.27100
36.26600
36.26600
36.26500
36.26700
36.27000
36.27000
36.27100
36.27100
36.27100
36.26900
36.27100
36.27300
36.27500
36.27200
36.27700
36.27700
36.27500
36.27700
36.27800
36.27900
36.28000
36.28200
36.28400
36.28200
36.28600
36.28300
36.28600
36.28600
36.29000
36.29000
36.29200
36.29100
36.29300
36.28900
36.28900
36.29000
36.28900
36.29400
36.29400
36.29600
36.29700
36.29900
36.29900
36.29800
36.29500
36.29400
36.29500
36.29700
36.29500
36.29400
36.29300
36.29300
36.29600
36.29500
36.29500
36.29200
36.29400
36.29400
36.29300
36.29500
36.29100
36.29000
36.29400
36.29300
36.29300
36.29500
36.29200
36.29200
36.29800
36.30000
36.30000
36.30000
36.30100
36.30200
36.30400
36.30300
36.30100
36.29700
36.29900
36.29800
36.29700
36.30000
36.29900
36.30300
36.30600
36.30500
36.30400
36.30300
36.30100
36.30000
36.30200
36.30300
36.30500
36.30500
36.30600
36.30500
36.30800
36.30900
36.30900
36.31100
36.30700
36.30200
36.30300
36.29900
36.30100
36.30300
36.30200
36.30400
36.30600
36.31300
36.31000
36.31100
36.31200
36.31600
36.31800
36.32000
36.31900
36.32300
36.32700
36.33000
36.33000
36.33000
36.33000
36.33200
36.32900
36.32900
36.33000
36.33000
36.32900
36.33100
36.32900
36.32900
36.33200
36.33700
36.33900
36.33800
36.33600
36.33400
36.33400
36.33300
36.33000
36.32900
36.32900
36.32700
36.32700
36.32600
36.32700
36.32700
36.32700
36.32400
36.32800
36.33000
36.33300
36.33500
36.33400
36.33200
36.32900
36.32900
36.32900
36.33000
36.33000
36.33200
36.32600
36.32800
36.33000
36.33200
36.33500
36.33400
36.33600
36.33700
36.33300
36.32900
36.33300
36.33200
36.33200
36.33400
36.33100
36.33300
36.33300
36.33400
36.33500
36.33600
36.33700
36.33300
36.33300
36.33100
36.33300
36.33400
36.33400
36.33400
36.33000
36.32900
36.32700
36.33000
36.33000
36.32800
36.32800
36.33100
36.33100
36.33300
36.33400
36.33600
36.33600
36.33600
36.33600
36.33500
36.33600
36.33700
36.33600
36.33200
36.33400
36.33300
36.33400
36.33200
36.32800
36.32700
36.32400
36.32100
36.32000
36.32300
36.32200
36.32100
36.32000
36.32200
36.32100
36.32200
36.32000
36.31900
36.31900
36.31900
36.31800
36.31500
36.31600
36.31800
36.31800
36.31700
36.31300
36.31400
36.31700
36.31900
36.31900
36.31700
36.31800
36.32000
36.32200
36.32100
36.32400
36.32300
36.32300
36.32000
36.31600
36.31200
36.31100
36.31200
36.31000
36.31100
36.31000
36.30900
36.31200
36.31000
36.31300
36.31300
36.31400
36.31000
36.30600
36.30500
36.30300
36.30000
36.30000
36.29900
36.30100
36.30200
36.30300
36.30000
36.30100
36.30200
36.30300
36.30600
36.30900
36.31000
36.31300
36.31300
36.31200
36.31100
36.30900
36.30700
36.30800
36.30800
36.30800
36.30700
36.30600
36.30800
36.30400
36.30400
36.30300
36.30400
36.30600
36.30500
36.30100
36.30000
36.30100
36.30400
36.30800
36.30700
36.30700
36.30600
36.30700
36.30800
36.30900
36.30700
36.30700
36.30400
36.30600
36.30600
36.30700
36.30900
36.31100
36.31300
36.31900
36.31600
36.31000
36.30900
36.31000
36.31100
36.31400
36.31500
36.31600
36.31700
36.31600
36.31400
36.31300
36.31600
36.31800
36.31900
36.32000
36.32100
36.32600
36.32500
36.32200
36.32400
36.32400
36.32300
36.32000
36.31900
36.32000
36.32000
36.32100
36.32200
36.32100
36.32200
36.32000
36.31900
36.32100
36.32200
36.32100
36.32200
36.32300
36.32200
36.32400
36.32400
36.32400
36.32400
36.32300
36.32400
36.32500
36.32300
36.32100
36.32100
36.32200
36.32400
36.32600
36.32400
36.32600
36.32600
36.32500
36.32500
36.32800
36.32700
36.32700
36.33000
36.32500
36.32500
36.32600
36.32700
36.32400
36.32700
36.32600
36.32700
36.32500
36.32700
36.32500
36.32600
36.33000
36.33000
36.33500
36.33600
36.33200
36.33300
36.33200
36.33300
36.33200
36.33500
36.33500
36.33700
36.33800
36.33800
36.34000
36.34300
36.34200
36.34000
36.34100
36.34400
36.34000
36.34000
36.34400
36.34600
36.34300
36.34400
36.34500
36.34700
36.34700
36.35400
36.35200
36.35200
36.35300
36.35300
36.35000
36.35200
36.35100
36.35300
36.35500
36.35300
36.35300
36.35400
36.35500
36.36000
36.35400
36.35600
36.35600
36.35600
36.35700
36.35900
36.36500
36.36500
36.36600
36.36700
36.36800
36.36300
36.36300
36.36400
36.36200
36.36200
36.36000
36.35800
36.35800
36.35900
36.36300
36.36600
36.36300
36.36300
36.36500
36.36500
36.36300
36.36200
36.36300
36.36400
36.36600
36.36500
36.36400
36.36300
36.36200
36.36400
36.36500
36.36800
36.37000
36.37000
36.37000
36.37000
36.36900
36.36700
36.37000
36.36800
36.36900
36.37300
36.37600
36.37600
36.37700
36.37500
36.37700
36.37700
36.37500
36.37400
36.37300
36.38100
36.38200
36.38400
36.38100
36.38300
36.38500
36.38300
36.37900
36.37800
36.37900
36.38000
36.38100
36.38100
36.37800
36.38100
36.38100
36.38000
36.38200
36.38300
36.38200
36.38300
36.38400
36.38200
36.38300
36.38400
36.38300
36.38300
36.38400
36.38500
36.38500
36.38600
36.38800
36.39100
36.39100
36.39200
36.39200
36.39100
36.39200
36.39200
36.39200
36.39400
36.39300
36.39400
36.39500
36.39300
36.39500
36.39200
36.39300
36.39100
36.39500
36.39700
36.39200
36.39300
36.39500
36.39800
36.39800
36.40000
36.40000
36.40100
36.40000
36.40300
36.40300
36.40300
36.40500
36.40300
36.40300
36.40300
36.40100
36.39900
36.39900
36.40300
36.40200
36.40300
36.40500
36.40600
36.40700
36.40900
36.40900
36.41100
36.41700
36.41400
36.41500
36.41400
36.41800
36.41900
36.41800
36.42100
36.42100
36.42500
36.42300
36.42100
36.41900
36.42000
36.41700
36.41700
36.41700
36.41800
36.41600
36.42000
36.42200
36.42400
36.42400
36.42600
36.42500
36.42700
36.42700
36.42500
36.42800
36.42800
36.42500
36.42500
36.42700
36.43000
36.42800
36.42800
36.42900
36.42800
36.42800
36.42700
36.42600
36.42600
36.42800
36.42700
36.43000
36.42900
36.42600
36.42800
36.42800
36.42800
36.43000
36.43100
36.42900
36.43100
36.43200
36.43600
36.43700
36.43700
36.43900
36.44000
36.43800
36.43600
36.43700
36.43800
36.43900
36.44100
36.44000
36.43900
36.44100
36.44300
36.44300
36.44500
36.44400
36.44500
36.44700
36.44700
36.44800
36.44200
36.44200
36.44200
36.44400
36.44500
36.44500
36.44500
36.44500
36.44600
36.44800
36.44800
36.44600
36.44700
36.44700
36.44900
36.45100
36.44900
36.44900
36.44900
36.45200
36.45300
36.45400
36.45200
36.45100
36.44700
36.44700
36.44900
36.44900
36.45000
36.44700
36.45000
36.45100
36.45200
36.45400
36.45300
36.45600
36.45500
36.45300
36.45200
36.45400
36.45600
36.45300
36.45300
36.45300
36.45300
36.44900
36.44900
36.45000
36.45000
36.45300
36.45700
36.45900
36.45900
36.46100
36.46100
36.46000
36.46200
36.46200
36.46000
36.46100
36.45700
36.45500
36.45400
36.45400
36.45500
36.45400
36.45500
36.45500
36.45800
36.46100
36.46100
36.46200
36.46100
36.46300
36.46600
36.46800
36.46500
36.46600
36.46300
36.46400
36.46400
36.46500
36.46300
36.46200
36.46500
36.46700
36.46900
36.47200
36.47400
36.47400
36.47400
36.47300
36.47600
36.47600
36.47900
36.47800
36.47700
36.47800
36.48200
36.48200
36.47900
36.47900
36.48200
36.48100
36.48000
36.48100
36.48200
36.48300
36.48300
36.47900
36.48000
36.47800
36.47900
36.48100
36.48100
36.48100
36.48000
36.48100
36.47700
36.47900
36.47900
36.47800
36.48000
36.48100
36.48300
36.48500
36.48800
36.48900
36.49100
36.49100
36.49400
36.49500
36.49100
36.48800
36.48800
36.48900
36.49100
36.49300
36.49400
36.49300
36.49800
36.49900
36.50100
36.50000
36.49900
36.49900
36.49800
36.49900
36.49900
36.49900
36.49900
36.50000
36.50000
36.50000
36.49900
36.49700
36.49500
36.49700
36.49600
36.49600
36.49600
36.49300
36.49400
36.49800
36.49800
36.49900
36.49500
36.49800
36.50100
36.50000
36.50100
36.49800
36.49700
36.50000
36.50000
36.49900
36.49800
36.49700
36.49800
36.49800
36.49700
36.49700
36.49700
36.49900
36.49800
36.49600
36.49400
36.49300
36.49200
36.49200
36.49200
36.49300
36.49000
36.49000
36.48800
36.48900
36.49200
36.49000
36.49200
36.49100
36.49100
36.49100
36.49000
36.49200
36.49100
36.49100
36.49200
36.49400
36.49600
36.49600
36.49600
36.49500
36.49400
36.49500
36.49600
36.49400
36.49200
36.49400
36.49300
36.49300
36.49300
36.49200
36.49700
36.49600
36.49600
36.49600
36.49800
36.49700
36.49700
36.49800
36.49700
36.49900
36.50100
36.50000
36.50000
36.50000
36.49800
36.50000
36.50100
36.49900
36.49800
36.50100
36.49800
36.49700
36.49600
36.49600
36.49500
36.49600
36.49500
36.50000
36.50100
36.50000
36.50100
36.50300
36.50200
36.50400
36.50700
36.50700
36.50600
36.50500
36.50700
36.50700
36.50700
36.50700
36.50800
36.50900
36.51000
36.51100
36.51300
36.51300
36.51500
36.51300
36.51500
36.51500
36.51600
36.51500
36.51500
36.51400
36.51200
36.51400
36.51100
36.51400
36.51800
36.51900
36.51900
36.51900
36.51900
36.52200
36.52300
36.52200
36.52000
36.51900
36.51700
36.51700
36.51500
36.51800
36.51700
36.52000
36.52100
36.52000
36.52300
36.52500
36.52300
36.52400
36.52400
36.52500
36.52500
36.52600
36.52600
36.52800
36.52900
36.52800
36.52700
36.52700
36.53100
36.53300
36.53700
36.53800
36.53800
36.53800
36.53900
36.54000
36.53800
36.53700
36.53600
36.53500
36.53800
36.53600
36.54000
36.53800
36.54000
36.53800
36.53800
36.54100
36.54100
36.53800
36.53800
36.54100
36.54200
36.54100
36.54400
36.54600
36.54600
36.54600
36.54700
36.54500
36.54700
36.54700
36.54500
36.54300
36.54400
36.54300
36.54300
36.54700
36.54900
36.55100
36.55000
36.54700
36.54600
36.54500
36.54700
36.54700
36.54600
36.54700
36.54600
36.54600
36.54700
36.54300
36.54300
36.54500
36.54900
36.55000
36.54900
36.54800
36.54900
36.54900
36.55000
36.54500
36.54500
36.54600
36.54600
36.54800
36.55000
36.54800
36.54800
36.55200
36.55300
36.55100
36.55000
36.55200
36.54900
36.54900
36.55000
36.55100
36.55300
36.55200
36.55200
36.55200
36.55500
36.55600
36.55500
36.55700
36.55500
36.55400
36.55400
36.55500
36.55500
36.55600
36.55700
36.55600
36.55600
36.55500
36.55500
36.55500
36.55500
36.55700
36.56000
36.56200
36.56500
36.56800
36.56500
36.56400
36.56300
36.56300
36.56400
36.56300
36.56200
36.56300
36.56700
36.56600
36.56900
36.56800
36.56600
36.56800
36.56700
36.56900
36.56700
36.56800
36.56700
36.56700
36.56900
36.57000
36.56900
36.56900
36.57200
36.57100
36.57100
36.57000
36.57100
36.57200
36.57300
36.57400
36.57500
36.57500
36.57600
36.57500
36.57400
36.57500
36.57600
36.57500
36.57500
36.57600
36.57700
36.57900
36.58000
36.57700
36.58000
36.58000
36.57800
36.57800
36.57800
36.57800
36.57900
36.57800
36.57900
36.58100
36.58200
36.57900
36.57900
36.57700
36.57800
36.57100
36.57100
36.57200
36.57100
36.57000
36.57300
36.57300
36.57000
36.56900
36.57100
36.56700
36.56600
36.56900
36.56800
36.56800
36.56800
36.57000
36.57100
36.57000
36.56900
36.57000
36.57100
36.57400
36.56700
36.56700
36.56600
36.56600
36.56600
36.56600
36.56700
36.56500
36.56700
36.56700
36.57100
36.57100
36.56900
36.56600
36.56500
36.56600
36.56800
36.56900
36.56900
36.56900
36.56900
36.56800
36.56800
36.56500
36.56300
36.56500
36.56600
36.56400
36.56600
36.56700
36.56500
36.56300
36.56300
36.56200
36.56300
36.56300
36.56300
36.56600
36.56700
36.56800
36.56700
36.56800
36.57000
36.56900
36.56900
36.56700
36.56600
36.56500
36.56700
36.56600
36.56700
36.56500
36.56700
36.56600
36.56500
36.56600
36.56900
36.57000
36.56800
36.57100
36.57100
36.57000
36.57300
36.57300
36.57300
36.57200
36.57200
36.57100
36.57000
36.57000
36.57000
36.57000
36.57200
36.57100
36.57300
36.57200
36.57000
36.57000
36.57300
36.57300
36.57400
36.57800
36.57900
36.57900
36.57900
36.58100
36.58100
36.58000
36.57700
36.57600
36.57500
36.57600
36.57600
36.57700
36.57800
36.58100
36.57600
36.57700
36.57800
36.58000
36.58200
36.58200
36.58500
36.58400
36.58500
36.58300
36.58500
36.58600
36.58600
36.58500
36.58400
36.58400
36.58600
36.58800
36.58900
36.59100
36.59300
36.59300
36.59500
36.60200
36.60200
36.60200
36.60300
36.60400
36.60600
36.60700
36.61100
36.61000
36.60900
36.61000
36.61000
36.60800
36.61100
36.61100
36.61300
36.61300
36.61400
36.61600
36.61800
36.61800
36.61900
36.62200
36.62400
36.62500
36.62500
36.62400
36.62300
36.62200
36.62100
36.62100
36.62300
36.62400
36.62300
36.62600
36.62500
36.62500
36.62400
36.62600
36.62400
36.62400
36.62200
36.62400
36.62700
36.62700
36.62900
36.63000
36.63000
36.63300
36.63400
36.63400
36.63500
36.63600
36.63500
36.63500
36.63500
36.63700
36.63600
36.63900
36.63900
36.64100
36.64100
36.64200
36.64400
36.64500
36.64400
36.64600
36.64800
36.64900
36.64900
36.64900
36.64900
36.65100
36.65100
36.65000
36.64900
36.64900
36.64600
36.64400
36.64700
36.64700
36.65000
36.65200
36.65200
36.64900
36.64700
36.64800
36.64900
36.65100
36.65100
36.65000
36.65000
36.65000
36.65000
36.65200
36.65400
36.65200
36.65200
36.65200
36.65100
36.65100
36.65100
36.65300
36.65100
36.65400
36.65100
36.65300
36.65300
36.65200
36.65000
36.64700
36.64500
36.64600
36.64800
36.65000
36.65000
36.65000
36.65100
36.65400
36.65400
36.65300
36.65500
36.65300
36.65400
36.65300
36.65500
36.65500
36.65400
36.65500
36.65400
36.65400
36.65500
36.65400
36.65400
36.65700
36.65700
36.65600
36.65900
36.66200
36.66100
36.66300
36.66300
36.66300
36.66100
36.66200
36.66100
36.66000
36.65700
36.65800
36.65800
36.65700
36.66100
36.65900
36.66100
36.66200
36.66200
36.66000
36.66100
36.66200
36.66000
36.66100
36.65900
36.65900
36.66100
36.66000
36.65900
36.66100
36.66200
36.66000
36.65800
36.65900
36.66000
36.65700
36.65600
36.65600
36.65800
36.65800
36.65700
36.65700
36.65700
36.65400
36.65300
36.65300
36.65400
36.65700
36.65600
36.65800
36.65800
36.66300
36.65900
36.66000
36.65800
36.65900
36.66200
36.66100
36.66200
36.66100
36.66200
36.66100
36.66100
36.66000
36.66100
36.65900
36.65900
36.66200
36.66600
36.66300
36.66300
36.66200
36.66100
36.66100
36.66300
36.66400
36.66200
36.66300
36.66500
36.66500
36.66600
36.66400
36.66300
36.66500
36.66600
36.66800
36.66900
36.67000
36.67000
36.67100
36.66800
36.66800
36.66600
36.66700
36.66900
36.66800
36.66800
36.66700
36.66900
36.67000
36.66900
36.67000
36.67000
36.66700
36.66800
36.67100
36.66900
36.66900
36.66700
36.66700
36.66900
36.66700
36.66900
36.67000
36.67000
36.67100
36.67300
36.67200
36.67200
36.67100
36.67000
36.67000
36.67100
36.67300
36.67300
36.67400
36.67800
36.68000
36.67800
36.67600
36.67700
36.67400
36.66800
36.66900
36.66800
36.66800
36.66900
36.66600
36.66400
36.66300
36.66300
36.66500
36.66400
36.66600
36.66600
36.66500
36.66500
36.66400
36.66300
36.66200
36.66200
36.66100
36.66000
36.66400
36.66600
36.66600
36.66800
36.67000
36.66900
36.66700
36.66500
36.66400
36.66400
36.66200
36.66000
36.66200
36.66400
36.66500
36.66400
36.66100
36.66200
36.66200
36.66300
36.66400
36.66300
36.66600
36.66800
36.66500
36.66500
36.66400
36.66300
36.66300
36.66300
36.66200
36.66000
36.65900
36.66100
36.66300
36.66200
36.66400
36.66600
36.66600
36.66500
36.66800
36.67000
36.67000
36.67000
36.67100
36.67100
36.67400
36.67500
36.67600
36.67500
36.67500
36.67300
36.67300
36.66800
36.66700
36.66600
36.66400
36.66300
36.66600
36.66500
36.66400
36.66400
36.66400
36.66200
36.66300
36.66200
36.66000
36.66000
36.65800
36.65900
36.65900
36.65800
36.65800
36.65800
36.65800
36.65400
36.65400
36.65200
36.65300
36.65200
36.65300
36.65300
36.65300
36.65200
36.65200
36.65300
36.65300
36.65500
36.65200
36.65500
36.65400
36.65500
36.65400
36.65700
36.65700
36.65900
36.65700
36.65600
36.65500
36.65500
36.65500
36.65500
36.65600
36.65500
36.65500
36.65500
36.65600
36.65600
36.65500
36.65400
36.65200
36.65000
36.64800
36.64700
36.64500
36.64400
36.64300
36.64300
36.64300
36.64200
36.64200
36.64300
36.64200
36.64300
36.64400
36.64400
36.64400
36.64400
36.64200
36.64200
36.64300
36.64400
36.64500
36.64300
36.64200
36.64300
36.64300
36.64200
36.64000
36.64000
36.63900
36.64000
36.64200
36.64200
36.64000
36.64000
36.64200
36.64500
36.64600
36.64500
36.64600
36.64800
36.64700
36.64700
36.64600
36.64600
36.64600
36.64700
36.64600
36.64500
36.64800
36.64700
36.64500
36.64700
36.64500
36.64400
36.64500
36.64400
36.64300
36.64300
36.64400
36.64500
36.64600
36.64600
36.64300
36.64200
36.64300
36.63900
36.64100
36.64000
36.63900
36.63800
36.64000
36.64100
36.64200
36.64200
36.64400
36.64200
36.64200
36.64200
36.64100
36.64300
36.64300
36.64400
36.64400
36.64200
36.64000
36.64000
36.64000
36.64100
36.64400
36.64600
36.64600
36.64700
36.64700
36.64700
36.64700
36.64600
36.64700
36.64600
36.64600
36.64600
36.64700
36.65000
36.64900
36.64900
36.64800
36.64700
36.64900
36.64900
36.64800
36.65300
36.65100
36.65400
36.65200
36.65300
36.65500
36.65800
36.65700
36.65700
36.65800
36.65800
36.66100
36.66100
36.66200
36.66300
36.66400
36.66400
36.66300
36.66400
36.66600
36.66600
36.66700
36.66900
36.66900
36.66900
36.66800
36.67000
36.67000
36.67000
36.67200
36.67200
36.67100
36.67100
36.67100
36.67200
36.67400
36.67300
36.67300
36.67200
36.67200
36.66900
36.67400
36.67500
36.67400
36.67400
36.67500
36.67500
36.67400
36.67300
36.67600
36.67400
36.67400
36.67400
36.67600
36.67500
36.67000
36.67200
36.67300
36.67200
36.67100
36.67000
36.66700
36.67000
36.67000
36.67200
36.67200
36.67100
36.67000
36.66900
36.67000
36.67000
36.66900
36.66800
36.66800
36.67100
36.67100
36.67100
36.66900
36.66700
36.66900
36.67000
36.66600
36.66600
36.66700
36.66700
36.66800
36.66700
36.66600
36.66800
36.66800
36.66800
36.66800
36.66900
36.67100
36.67400
36.67500
36.67400
36.67400
36.67600
36.67500
36.67600
36.67700
36.67600
36.67600
36.67700
36.67900
36.67700
36.67700
36.67700
36.67500
36.67400
36.67400
36.67400
36.67500
36.67700
36.67700
36.67700
36.67900
36.67600
36.67700
36.67600
36.67700
36.67400
36.67600
36.67700
36.67500
36.67500
36.67700
36.67900
36.68000
36.68000
36.68000
36.67900
36.67700
36.67800
36.67700
36.67700
36.67600
36.67500
36.67300
36.67100
36.67100
36.67200
36.67400
36.67400
36.67300
36.67200
36.67300
36.67300
36.67400
36.67500
36.67700
36.67500
36.67600
36.67600
36.67700
36.67800
36.67800
36.67800
36.67700
36.67500
36.67400
36.67200
36.67300
36.67300
36.67400
36.67400
36.67200
36.67500
36.67500
36.67700
36.67300
36.67600
36.67500
36.67500
36.67600
36.67400
36.67400
36.67700
36.67800
36.68000
36.67800
36.67900
36.67800
36.67700
36.67700
36.67800
36.67700
36.67600
36.67700
36.67500
36.67700
36.67800
36.67900
36.68000
36.67900
36.67700
36.67700
36.67800
36.67700
36.67600
36.67600
36.67700
36.67800
36.67800
36.67800
36.67900
36.67800
36.67900
36.67800
36.67800
36.67400
36.67200
36.67200
36.67100
36.67100
36.67100
36.67000
36.67100
36.67200
36.67100
36.67100
36.67100
36.67100
36.67100
36.67600
36.67700
36.67700
36.67700
36.67600
36.67600
36.67600
36.67700
36.68000
36.67900
36.67700
36.67700
36.67600
36.67600
36.67500
36.67800
36.67900
36.67800
36.67800
36.68000
36.68000
36.68300
36.68200
36.68400
36.68300
36.68400
36.68300
36.68200
36.68300
36.68400
36.67900
36.67800
36.67900
36.68100
36.68300
36.68100
36.68000
36.68000
36.68400
36.68300
36.68400
36.68400
36.68500
36.68700
36.68800
36.68700
36.68800
36.68600
36.68600
36.68700
36.68800
36.69000
36.68900
36.68800
36.68900
36.68900
36.68800
36.69000
36.69400
36.69600
36.69400
36.69300
36.69400
36.69600
36.69700
36.69800
36.69700
36.69600
36.69500
36.69500
36.69700
36.69600
36.69800
36.70100
36.69700
36.69500
36.69900
36.69800
36.69800
36.70000
36.70000
36.69900
36.69800
36.69900
36.70000
36.69800
36.69800
36.69700
36.69800
36.69800
36.70000
36.69800
36.69600
36.69500
36.69500
36.69900
36.69700
36.69600
36.69500
36.69500
36.69800
36.69900
36.69700
36.69900
36.69900
36.70000
36.70100
36.70200
36.70300
36.70100
36.70200
36.70000
36.70300
36.70200
36.70100
36.69900
36.70200
36.70000
36.70100
36.69900
36.70000
36.70000
36.69900
36.69700
36.69800
36.69900
36.70000
36.70200
36.70000
36.69800
36.69800
36.69800
36.69700
36.70000
36.70200
36.70200
36.70200
36.70200
36.70100
36.70300
36.70300
36.70300
36.70300
36.70400
36.70400
36.70600
36.70700
36.70700
36.70600
36.70600
36.70600
36.70800
36.70700
36.70600
36.70600
36.70600
36.70600
36.70600
36.70600
36.70500
36.70700
36.70600
36.70500
36.70500
36.70400
36.70300
36.70400
36.70300
36.70100
36.70300
36.70400
36.70300
36.70300
36.70200
36.70100
36.70100
36.69900
36.70000
36.70000
36.69900
36.69900
36.70000
36.70100
36.70000
36.70100
36.70100
36.69800
36.69900
36.70100
36.70300
36.70200
36.70300
36.70200
36.70200
36.70200
36.70000
36.69900
36.69900
36.69900
36.70100
36.69900
36.69800
36.69800
36.70000
36.69800
36.69900
36.69900
36.69800
36.69800
36.69500
36.69300
36.69200
36.69300
36.69200
36.69300
36.69100
36.69100
36.69100
36.69000
36.69000
36.68900
36.68800
36.69100
36.68900
36.68900
36.68900
36.68800
36.69100
36.69100
36.69100
36.69200
36.69000
36.68900
36.69000
36.69000
36.68600
36.68600
36.68700
36.68300
36.68400
36.68600
36.68500
36.68400
36.68400
36.68300
36.68100
36.68200
36.67800
36.67800
36.67800
36.67800
36.67900
36.67800
36.67600
36.67600
36.67700
36.67700
36.67700
36.67700
36.67700
36.67600
36.67600
36.67600
36.67700
36.67500
36.67300
36.67300
36.67400
36.67400
36.67500
36.67400
36.67300
36.67300
36.67000
36.67000
36.67000
36.67000
36.67200
36.67200
36.67100
36.66900
36.67100
36.66900
36.67000
36.66900
36.66900
36.66700
36.66600
36.66800
36.66700
36.66600
36.66700
36.66700
36.66800
36.66900
36.67100
36.67000
36.66900
36.66700
36.66900
36.67000
36.67300
36.67400
36.67400
36.67200
36.67200
36.67300
36.67200
36.67100
36.67100
36.66900
36.66700
36.67100
36.67100
36.67200
36.67100
36.67100
36.67200
36.67200
36.67100
36.67100
36.67200
36.67300
36.67200
36.67200
36.67200
36.67100
36.67100
36.67200
36.67200
36.67300
36.67400
36.67300
36.67300
36.67400
36.67500
36.67300
36.67500
36.67300
36.67300
36.67100
36.67200
36.67300
36.67400
36.67300
36.67100
36.67200
36.67300
36.67200
36.67300
36.67400
36.67100
36.67000
36.67000
36.67100
36.67100
36.67400
36.67400
36.67400
36.67500
36.67300
36.67200
36.67300
36.67200
36.67300
36.67400
36.67300
36.67300
36.67300
36.67100
36.67100
36.67200
36.67300
36.67200
36.67200
36.67300
36.67400
36.67400
36.67600
36.67500
36.67500
36.67300
36.67200
36.67300
36.67400
36.67500
36.67500
36.67400
36.67400
36.67400
36.67500
36.67500
36.67500
36.67700
36.67800
36.67500
36.67600
36.67700
36.67700
36.67500
36.67400
36.67600
36.67700
36.67700
36.67600
36.67500
36.67500
36.67600
36.67700
36.67700
36.67900
36.67800
36.67800
36.68000
36.68200
36.68100
36.68000
36.68300
36.68300
36.68400
36.68500
36.68600
36.68500
36.68700
36.68600
36.68500
36.68500
36.68400
36.68700
36.68900
36.69100
36.69200
36.69100
36.69400
36.69000
36.68900
36.68900
36.68800
36.68800
36.68800
36.69000
36.69100
36.68900
36.68800
36.68700
36.68800
36.69000
36.69200
36.69200
36.69200
36.69200
36.69200
36.69200
36.69100
36.69100
36.69100
36.69300
36.69200
36.69300
36.69300
36.69200
36.69300
36.69500
36.69700
36.69500
36.69300
36.69200
36.69300
36.69300
36.69200
36.68900
36.68800
36.68900
36.68800
36.68500
36.68400
36.68600
36.68300
36.68300
36.68300
36.68200
36.68000
36.68000
36.68000
36.68000
36.68000
36.68300
36.68200
36.68100
36.68100
36.68000
36.67900
36.67800
36.67900
36.67800
36.67900
36.67900
36.68000
36.68100
36.67900
36.67800
36.67400
36.67200
36.66900
36.66900
36.67000
36.67100
36.67100
36.67100
36.67000
36.67000
36.67200
36.67100
36.67000
36.66800
36.66900
36.66900
36.67100
36.67100
36.67000
36.66900
36.67200
36.67200
36.67300
36.67100
36.67300
36.67300
36.67400
36.67200
36.67400
36.67200
36.67100
36.66800
36.66700
36.66700
36.66600
36.66400
36.66400
36.66900
36.66900
36.66800
36.66800
36.66600
36.66700
36.66900
36.66900
36.67000
36.67100
36.67000
36.66900
36.66900
36.66800
36.66900
36.66900
36.66900
36.67000
36.67100
36.67100
36.67300
36.67400
36.67300
36.67400
36.67500
36.67200
36.67000
36.67000
36.66900
36.66900
36.66900
36.66900
36.66900
36.66900
36.67000
36.66900
36.66900
36.66600
36.66600
36.66700
36.66800
36.66800
36.66900
36.67100
36.67000
36.67100
36.67100
36.67300
36.67200
36.67500
36.67200
36.67200
36.67100
36.67100
36.67100
36.67000
36.66800
36.66800
36.66800
36.66800
36.67100
36.67100
36.67100
36.67200
36.67400
36.67400
36.67500
36.67700
36.67600
36.67600
36.67600
36.67800
36.67800
36.68100
36.68100
36.68200
36.68300
36.68400
36.68400
36.66333
36.66556
36.66556
36.70125
36.70125
36.77857
36.78000
36.76500
36.76500
36.87250
36.87250
36.94667
36.94667
36.91500
36.91500
36.91500
36.91500
36.80000
36.80000
