0.00000
0.00000
0.00000
0.00000
0.00000
0.00000
0.00000
0.00000
0.00000
0.00000
0.00000
0.00000
0.00000
0.00000
0.00000
0.00000
0.00000
0.00000
3.40000
8.95000
8.95000
8.95000
8.95000
10.45000
10.50000
10.50000
12.18300
14.11600
14.11600
16.01600
16.01600
16.01600
17.03300
17.95300
18.77500
19.73400
19.91500
20.34800
24.37300
24.81500
25.32400
25.61400
26.23200
26.09900
26.10900
26.21300
26.78000
26.74800
26.33900
26.16500
26.66400
26.87300
27.01700
27.05200
27.10900
27.34600
27.50100
27.52200
27.58800
27.72500
28.10900
28.18200
28.05200
28.20600
28.34800
28.42200
28.52000
28.57900
28.54000
28.47400
28.54100
28.55400
28.70600
29.07500
29.16900
29.36100
29.55200
29.74700
29.76600
29.73300
29.78200
29.71500
29.79000
29.88900
29.70300
29.75700
29.80300
29.91400
29.95500
29.97100
30.17900
30.17400
30.19500
30.20000
30.21900
30.26200
30.27900
30.34100
30.36100
30.44200
30.50100
30.54800
30.60400
30.67800
30.75000
30.80900
30.80300
30.87700
30.79700
30.78100
30.80300
30.74300
30.73000
30.76400
30.80500
30.80600
30.77700
30.75000
30.69700
30.75600
30.75100
30.78900
30.74300
30.87600
30.86800
30.84700
30.90700
30.96700
31.00500
31.00900
31.08800
31.10800
31.06100
31.20100
31.23900
31.27500
31.27100
31.29800
31.29900
31.27200
31.30700
31.29800
31.30900
31.31200
31.33000
31.31800
31.34900
31.30700
31.29000
31.27200
31.25400
31.31300
31.31400
31.36800
31.37000
31.40700
31.42100
31.32600
31.33500
31.32500
31.34400
31.38700
31.36800
31.39400
31.42700
31.51200
31.43200
31.44000
31.45400
31.41700
31.45200
31.44200
31.46700
31.48900
31.49600
31.44000
31.43100
31.46900
31.48300
31.46200
31.45000
31.42300
31.41900
31.47300
31.53400
31.54200
31.56200
31.54100
31.54100
31.60700
31.58100
31.59400
31.58100
31.58300
31.57200
31.56900
31.60800
31.58500
31.58700
31.58700
31.57100
31.52000
31.54000
31.49600
31.51200
31.51500
31.48600
31.51800
31.51400
31.52200
31.51500
31.50700
31.52000
31.50700
31.52900
31.55100
31.52700
31.57600
31.56800
31.57500
31.53600
31.54700
31.56700
31.54500
31.54000
31.52200
31.49900
31.51500
31.51500
31.47400
31.48800
31.50600
31.51000
31.50600
31.51900
31.53100
31.53000
31.52000
31.50500
31.49400
31.48400
31.46300
31.46300
31.49200
31.45700
31.50100
31.50500
31.48800
31.47000
31.48600
31.47900
31.48700
31.48600
31.49200
31.47500
31.49200
31.48900
31.50200
31.53000
31.51300
31.54400
31.55600
31.55000
31.59000
31.60000
31.57000
31.57200
31.60000
31.63400
31.64700
31.66100
31.66900
31.67400
31.67300
31.67300
31.69400
31.69300
31.69300
31.69700
31.68600
31.68400
31.64800
31.65100
31.65200
31.62800
31.63400
31.61000
31.59200
31.59300
31.65300
31.64700
31.65200
31.66000
31.66300
31.64200
31.64500
31.63400
31.60700
31.59200
31.60700
31.60900
31.59900
31.58500
31.57700
31.57600
31.56300
31.56900
31.56700
31.55700
31.55800
31.58100
31.58600
31.60000
31.60300
31.60800
31.58200
31.58200
31.54800
31.56900
31.58400
31.57500
31.60100
31.58300
31.57500
31.55700
31.55800
31.52400
31.51000
31.50500
31.50800
31.50300
31.49600
31.50700
31.51800
31.52100
31.52100
31.51900
31.52400
31.51400
31.50600
31.48300
31.50800
31.50900
31.52100
31.51200
31.45500
31.45100
31.46100
31.42700
31.43700
31.43100
31.43000
31.41600
31.41900
31.42300
31.40900
31.40900
31.40200
31.39100
31.38900
31.39600
31.38100
31.38800
31.39500
31.38900
31.38500
31.37200
31.36400
31.35800
31.36000
31.36400
31.33900
31.33600
31.35300
31.36600
31.37600
31.35900
31.36700
31.35400
31.32300
31.31600
31.32100
31.33500
31.33900
31.33200
31.35000
31.33200
31.33900
31.34600
31.34600
31.33500
31.32500
31.30400
31.30200
31.29500
31.29800
31.29300
31.28200
31.29400
31.27900
31.28400
31.27500
31.27000
31.26900
31.26700
31.27100
31.25200
31.23600
31.24200
31.22900
31.22800
31.22300
31.21500
31.21100
31.21600
31.22000
31.21100
31.22000
31.21600
31.21200
31.21200
31.21800
31.22500
31.22700
31.20900
31.20400
31.20200
31.22200
31.22800
31.20200
31.20600
31.20600
31.21200
31.21900
31.23000
31.23300
31.23500
31.25200
31.23700
31.23400
31.23100
31.23100
31.23000
31.24400
31.25000
31.24700
31.26200
31.24900
31.25600
31.25700
31.27100
31.25400
31.26100
31.27200
31.26800
31.26600
31.27200
31.27000
31.28300
31.27100
31.27000
31.27300
31.28200
31.28900
31.30100
31.30000
31.29000
31.28700
31.28500
31.27600
31.26400
31.26700
31.24600
31.24100
31.24900
31.24900
31.26200
31.26100
31.25200
31.26400
31.27600
31.29200
31.30300
31.30500
31.30700
31.31400
31.29000
31.28700
31.27300
31.27700
31.30000
31.29900
31.29600
31.29500
31.28900
31.28300
31.28200
31.27500
31.26400
31.26400
31.26000
31.28400
31.28100
31.27300
31.28000
31.28000
31.28900
31.28500
31.28300
31.28500
31.27400
31.27700
31.28300
31.27200
31.26100
31.26900
31.28000
31.28000
31.27100
31.28100
31.28100
31.28700
31.29100
31.30700
31.29900
31.30800
31.31100
31.32400
31.33300
31.33300
31.33800
31.33600
31.34000
31.34400
31.33500
31.34200
31.35700
31.35500
31.36300
31.37300
31.38900
31.38400
31.39100
31.39300
31.40000
31.41500
31.41800
31.41600
31.41000
31.41500
31.41800
31.42800
31.41800
31.41400
31.41900
31.42100
31.42700
31.43200
31.44500
31.42800
31.42700
31.42700
31.42300
31.41600
31.41800
31.40700
31.40300
31.40100
31.40300
31.40700
31.41700
31.41500
31.41000
31.39400
31.39600
31.40000
31.40500
31.38400
31.39600
31.39500
31.38400
31.39600
31.39400
31.38900
31.38700
31.39700
31.39000
31.36900
31.37200
31.38200
31.39000
31.39400
31.39600
31.40400
31.40200
31.40500
31.40600
31.39700
31.40200
31.40500
31.39200
31.39200
31.39600
31.39000
31.38700
31.39400
31.38400
31.38300
31.39200
31.39800
31.39800
31.38800
31.40000
31.39900
31.39100
31.40300
31.39700
31.39800
31.39900
31.40300
31.42900
31.42100
31.41800
31.41700
31.41600
31.40800
31.40300
31.42300
31.41800
31.41400
31.41300
31.39800
31.40300
31.40600
31.40300
31.40200
31.40800
31.42000
31.41800
31.42100
31.42800
31.43000
31.43600
31.43800
31.43700
31.44200
31.45200
31.45600
31.45800
31.45500
31.45000
31.45000
31.45200
31.45100
31.45800
31.45700
31.45700
31.45400
31.45200
31.45100
31.45400
31.44400
31.44400
31.44300
31.44200
31.45000
31.45500
31.44800
31.44600
31.43300
31.43100
31.41400
31.41100
31.42500
31.41600
31.42000
31.42900
31.44000
31.43600
31.43600
31.44700
31.44700
31.44800
31.45100
31.45700
31.45300
31.46300
31.46200
31.46100
31.46200
31.47100
31.46200
31.47400
31.47700
31.47800
31.47600
31.48300
31.48600
31.48200
31.47200
31.47200
31.47000
31.46600
31.45700
31.45400
31.45000
31.44100
31.44600
31.44500
31.44200
31.43400
31.43900
31.43600
31.44000
31.42900
31.43300
31.42500
31.42800
31.43400
31.43200
31.42700
31.41800
31.42200
31.41800
31.42200
31.41800
31.41600
31.42000
31.41800
31.41600
31.41900
31.41900
31.41800
31.41700
31.41600
31.42900
31.45300
31.45200
31.45900
31.46200
31.45800
31.45600
31.45300
31.44700
31.44800
31.44900
31.45000
31.45900
31.46000
31.45800
31.45900
31.45300
31.45700
31.46000
31.46400
31.45900
31.45900
31.46100
31.46400
31.46100
31.46800
31.46900
31.47300
31.46600
31.45300
31.45900
31.45500
31.46100
31.45500
31.45100
31.45100
31.44300
31.44500
31.44900
31.45100
31.46000
31.45800
31.46100
31.45900
31.46100
31.46600
31.47900
31.48300
31.48000
31.47400
31.47000
31.47100
31.47300
31.47900
31.48200
31.48500
31.49600
31.49500
31.49100
31.49200
31.49800
31.50200
31.49700
31.50100
31.50400
31.50100
31.50700
31.50500
31.49600
31.49400
31.49800
31.48800
31.48200
31.47000
31.47000
31.47200
31.46800
31.46200
31.46400
31.46900
31.46800
31.46500
31.46400
31.44900
31.44800
31.45500
31.44800
31.45100
31.44300
31.44100
31.43700
31.43500
31.42700
31.43000
31.42700
31.42500
31.42100
31.42300
31.42600
31.43300
31.43600
31.43300
31.43300
31.43700
31.43600
31.43900
31.43900
31.43900
31.43800
31.43400
31.43800
31.44000
31.44300
31.44400
31.44500
31.44600
31.44400
31.44500
31.44900
31.44300
31.45200
31.44100
31.44200
31.44900
31.44500
31.45400
31.44600
31.44600
31.44800
31.45100
31.45600
31.45900
31.45600
31.46100
31.46200
31.46300
31.46300
31.46200
31.47200
31.47700
31.47600
31.47200
31.47100
31.46900
31.47300
31.47500
31.48200
31.47800
31.48300
31.48100
31.48400
31.48100
31.47400
31.46900
31.46500
31.46400
31.46500
31.46500
31.46500
31.46700
31.46900
31.47600
31.47800
31.48600
31.47900
31.47600
31.48100
31.48400
31.48200
31.48500
31.48900
31.48800
31.49100
31.48100
31.47500
31.47700
31.48100
31.48000
31.48300
31.48700
31.48800
31.49100
31.48900
31.50200
31.50800
31.50500
31.50500
31.50100
31.49500
31.49300
31.49200
31.49500
31.49500
31.48800
31.49500
31.49200
31.49400
31.49700
31.49400
31.49300
31.49200
31.49000
31.50100
31.49800
31.49700
31.48900
31.48100
31.48900
31.48900
31.48800
31.48700
31.48700
31.49400
31.49300
31.48000
31.48200
31.48000
31.47900
31.47800
31.47900
31.47500
31.47900
31.47000
31.47100
31.47000
31.47000
31.47500
31.47700
31.47700
31.47500
31.48100
31.47200
31.47000
31.47300
31.46900
31.47100
31.47200
31.47600
31.46900
31.46700
31.46700
31.46800
31.46500
31.46200
31.46200
31.45800
31.44700
31.44200
31.44300
31.43700
31.43800
31.44100
31.44700
31.45700
31.45100
31.45100
31.45200
31.45600
31.45200
31.45300
31.45700
31.45700
31.45200
31.45300
31.45100
31.45700
31.45600
31.45600
31.45700
31.46200
31.46400
31.46500
31.47000
31.47000
31.47300
31.47300
31.45900
31.45800
31.46300
31.47000
31.47000
31.47400
31.47800
31.47800
31.48400
31.47900
31.48100
31.48000
31.48400
31.48500
31.48300
31.48000
31.48600
31.48700
31.49100
31.49700
31.50100
31.49800
31.50100
31.50900
31.51100
31.51300
31.51400
31.52100
31.52700
31.53200
31.53200
31.52900
31.52300
31.52800
31.53200
31.53500
31.53400
31.52900
31.53000
31.53100
31.53500
31.53600
31.53400
31.53300
31.53500
31.53400
31.54200
31.54900
31.54800
31.54400
31.54100
31.55200
31.55200
31.55600
31.55800
31.56000
31.56300
31.55800
31.56800
31.56500
31.56400
31.56400
31.56500
31.56600
31.56900
31.57100
31.56800
31.56700
31.56600
31.56000
31.55800
31.56100
31.55300
31.55500
31.55600
31.54600
31.54600
31.55100
31.55300
31.55000
31.55000
31.54900
31.54300
31.54300
31.54400
31.55100
31.55000
31.55000
31.55000
31.55000
31.54300
31.54300
31.54500
31.54200
31.55200
31.54200
31.54400
31.54800
31.55100
31.54900
31.54800
31.54200
31.54100
31.55000
31.55200
31.55700
31.56200
31.56100
31.55500
31.55800
31.55900
31.56000
31.56900
31.57300
31.57900
31.56600
31.56700
31.56700
31.55800
31.56000
31.56100
31.55100
31.55100
31.54800
31.54100
31.54100
31.54400
31.54400
31.53800
31.53800
31.54100
31.53900
31.54000
31.54400
31.54300
31.53700
31.53500
31.53100
31.52700
31.52400
31.52600
31.52100
31.51900
31.52100
31.52200
31.52600
31.53000
31.53100
31.53100
31.53800
31.53900
31.53400
31.53100
31.52800
31.52400
31.52500
31.52000
31.51800
31.52400
31.52600
31.52600
31.52800
31.53000
31.53100
31.53300
31.53100
31.53300
31.53600
31.53500
31.53700
31.54300
31.54600
31.54900
31.55800
31.56200
31.56100
31.56100
31.56000
31.56300
31.56700
31.56500
31.56200
31.56900
31.57000
31.56600
31.56200
31.56500
31.56600
31.56400
31.55800
31.55300
31.55700
31.55700
31.55700
31.55700
31.55300
31.55600
31.55500
31.55100
31.55400
31.55700
31.55900
31.55400
31.55300
31.55300
31.55400
31.55900
31.56000
31.55500
31.55000
31.55000
31.55000
31.55100
31.55100
31.55100
31.55000
31.55100
31.55100
31.55200
31.54300
31.54200
31.54100
31.53800
31.53900
31.53900
31.53400
31.52900
31.53500
31.53700
31.54100
31.53900
31.54100
31.55000
31.55300
31.55200
31.54900
31.54800
31.54500
31.54000
31.53500
31.54500
31.54500
31.54300
31.54100
31.54300
31.54300
31.54300
31.54000
31.54900
31.55100
31.55200
31.54700
31.54400
31.54800
31.55000
31.54400
31.54200
31.54300
31.53600
31.53300
31.53400
31.53400
31.53300
31.52900
31.52600
31.52300
31.51800
31.51800
31.52400
31.52200
31.52200
31.52200
31.51800
31.52000
31.52200
31.51800
31.51400
31.51500
31.51000
31.50800
31.50400
31.50800
31.50100
31.49600
31.49900
31.49400
31.49000
31.49100
31.49000
31.48800
31.49500
31.49800
31.50200
31.50200
31.50500
31.50600
31.50900
31.50800
31.50700
31.50800
31.50800
31.50700
31.51300
31.50900
31.50900
31.50400
31.49800
31.49900
31.50400
31.50000
31.50100
31.50700
31.50800
31.50600
31.51000
31.50700
31.50500
31.50400
31.50000
31.50000
31.50100
31.50600
31.50600
31.50600
31.50700
31.51100
31.51200
31.50900
31.51600
31.51400
31.51300
31.51200
31.51300
31.52000
31.51900
31.52100
31.51900
31.52100
31.52200
31.52000
31.52000
31.52900
31.52700
31.52500
31.52700
31.52600
31.52600
31.52100
31.52200
31.52100
31.52400
31.52200
31.52200
31.52000
31.52100
31.51900
31.51500
31.51300
31.51800
31.51900
31.52000
31.52300
31.52900
31.53100
31.52900
31.53400
31.53900
31.54900
31.55200
31.55300
31.55300
31.55800
31.55300
31.55100
31.55100
31.54900
31.54500
31.54500
31.55200
31.55500
31.55800
31.55900
31.55800
31.55800
31.55500
31.55100
31.55600
31.55700
31.55800
31.56200
31.56100
31.55500
31.55500
31.55700
31.55100
31.55300
31.55500
31.55500
31.55700
31.55200
31.55000
31.55100
31.55200
31.55300
31.55800
31.55700
31.55400
31.55700
31.55800
31.55400
31.55500
31.55500
31.55200
31.54400
31.54400
31.54400
31.55200
31.55400
31.54700
31.54700
31.54700
31.55000
31.55400
31.55000
31.55700
31.56000
31.55800
31.55900
31.56300
31.56500
31.56300
31.56000
31.56900
31.57100
31.56500
31.56400
31.56600
31.56200
31.56500
31.56600
31.56800
31.56800
31.56700
31.56500
31.56200
31.55600
31.55200
31.55500
31.55200
31.54600
31.54500
31.54500
31.54200
31.54200
31.53500
31.53600
31.53600
31.53200
31.53500
31.53500
31.53800
31.53600
31.53700
31.53700
31.53800
31.53200
31.53800
31.53600
31.53600
31.53400
31.53100
31.53500
31.53600
31.53700
31.53700
31.53800
31.53500
31.53800
31.53500
31.53400
31.53500
31.53400
31.52600
31.53000
31.53500
31.53100
31.53100
31.53100
31.53000
31.53100
31.53300
31.53000
31.53200
31.52600
31.53100
31.53100
31.53300
31.52900
31.53000
31.53200
31.53300
31.53900
31.53900
31.54300
31.54100
31.54600
31.54500
31.54500
31.54400
31.53700
31.54100
31.53700
31.53300
31.53400
31.53000
31.53200
31.53300
31.53000
31.52600
31.53400
31.53600
31.53700
31.53900
31.54400
31.54200
31.54100
31.53600
31.53900
31.54500
31.54100
31.53800
31.54000
31.53600
31.54100
31.54300
31.54000
31.54400
31.54500
31.54600
31.54600
31.55000
31.55300
31.54900
31.55000
31.55200
31.54700
31.54800
31.54300
31.54300
31.55100
31.54600
31.54700
31.54600
31.54500
31.53900
31.54300
31.54100
31.54300
31.54000
31.54000
31.54300
31.54900
31.54900
31.54900
31.55000
31.55200
31.55400
31.55600
31.55700
31.55500
31.55400
31.55300
31.55000
31.54500
31.54600
31.54400
31.54500
31.54400
31.54900
31.54900
31.55000
31.54700
31.54900
31.54800
31.54500
31.54700
31.54400
31.54500
31.54600
31.54700
31.54400
31.54400
31.54000
31.53700
31.53300
31.53500
31.53300
31.53200
31.53200
31.52800
31.52800
31.52300
31.52100
31.52000
31.52200
31.51900
31.52200
31.51800
31.51700
31.52000
31.51900
31.51800
31.52000
31.51600
31.51700
31.51000
31.51600
31.51300
31.51300
31.51600
31.51500
31.51700
31.51800
31.51800
31.51600
31.51500
31.51400
31.51300
31.51800
31.51700
31.52000
31.52100
31.51800
31.52000
31.52600
31.51500
31.51700
31.51200
31.51100
31.51100
31.51300
31.51500
31.51800
31.51500
31.51500
31.51200
31.50800
31.51000
31.50800
31.50700
31.50300
31.50400
31.50400
31.50000
31.49900
31.49700
31.49800
31.50100
31.50000
31.50000
31.49800
31.50300
31.50600
31.50700
31.50700
31.50100
31.50600
31.50700
31.50800
31.50500
31.50700
31.50700
31.51400
31.51200
31.51300
31.51400
31.51400
31.51200
31.51200
31.51000
31.50700
31.50200
31.49800
31.49800
31.49700
31.49700
31.49900
31.49600
31.49400
31.49700
31.48900
31.48900
31.48900
31.49300
31.50100
31.49800
31.49800
31.49400
31.49600
31.49700
31.49700
31.49700
31.49300
31.49100
31.48800
31.49400
31.49500
31.49200
31.48600
31.48700
31.48600
31.48600
31.48800
31.48600
31.48600
31.48500
31.48700
31.48900
31.48300
31.48200
31.48900
31.49300
31.49300
31.49200
31.49500
31.49400
31.49600
31.49700
31.49700
31.49900
31.49900
31.49500
31.49000
31.49000
31.49000
31.48500
31.48300
31.47900
31.47900
31.47700
31.47700
31.47700
31.48200
31.48100
31.48200
31.48800
31.48800
31.48800
31.49000
31.49300
31.49400
31.49600
31.49600
31.49500
31.49400
31.49400
31.49500
31.49300
31.48900
31.48600
31.48600
31.48800
31.49300
31.49200
31.49300
31.49700
31.50000
31.49900
31.50300
31.50300
31.50900
31.50800
31.50900
31.50700
31.50300
31.50400
31.50600
31.50600
31.50600
31.50200
31.50000
31.50200
31.50200
31.50300
31.50200
31.49500
31.49500
31.49800
31.49500
31.49000
31.48800
31.48800
31.48800
31.49100
31.48900
31.48900
31.48400
31.48400
31.48700
31.48500
31.48700
31.48800
31.48700
31.48600
31.48500
31.48600
31.48500
31.48600
31.48800
31.48800
31.48500
31.48700
31.48600
31.48300
31.47800
31.47700
31.47900
31.48300
31.47900
31.47900
31.47200
31.46800
31.46600
31.46600
31.46800
31.46400
31.46600
31.46000
31.46000
31.46200
31.46400
31.45900
31.46100
31.45900
31.46000
31.45700
31.45800
31.45900
31.45700
31.46000
31.46200
31.46200
31.46100
31.46400
31.46500
31.46700
31.46700
31.46700
31.46800
31.47000
31.46700
31.46800
31.46600
31.47100
31.47200
31.47300
31.47000
31.46900
31.46500
31.46500
31.46800
31.47100
31.47200
31.47600
31.47100
31.47000
31.47000
31.46500
31.46100
31.46200
31.46100
31.46200
31.46200
31.46100
31.46100
31.46300
31.46500
31.46700
31.46700
31.46900
31.46600
31.46500
31.46300
31.46600
31.46700
31.46700
31.46800
31.46600
31.46500
31.46800
31.46700
31.46700
31.46500
31.46500
31.46500
31.46500
31.46500
31.46300
31.46000
31.46100
31.46000
31.46000
31.46000
31.45800
31.46100
31.45800
31.45700
31.45900
31.45500
31.45400
31.45600
31.46000
31.46100
31.45900
31.46100
31.46000
31.46300
31.46400
31.46200
31.46300
31.46800
31.46700
31.46900
31.46400
31.46400
31.46600
31.46800
31.46900
31.47100
31.47000
31.47100
31.47200
31.46700
31.46800
31.46900
31.46700
31.46700
31.46400
31.46500
31.46400
31.46700
31.46800
31.46900
31.47100
31.47400
31.47200
31.47200
31.47200
31.46900
31.46600
31.46800
31.47000
31.46900
31.47100
31.47100
31.46900
31.47500
31.47300
31.47500
31.47900
31.47700
31.47800
31.47000
31.46700
31.47300
31.47400
31.47100
31.47000
31.46800
31.46600
31.46700
31.46800
31.46600
31.46700
31.46800
31.46500
31.46200
31.45800
31.45600
31.45500
31.45500
31.45500
31.45000
31.45200
31.45300
31.45200
31.45100
31.45200
31.45100
31.45100
31.44900
31.45000
31.45500
31.45400
31.45200
31.45200
31.45100
31.44900
31.45300
31.45700
31.45500
31.45400
31.45300
31.45200
31.45300
31.45200
31.45400
31.45600
31.45600
31.45700
31.45600
31.45500
31.45700
31.45700
31.45400
31.44600
31.45000
31.45100
31.45400
31.45200
31.45000
31.45200
31.45400
31.45500
31.45500
31.45500
31.45700
31.45600
31.45700
31.46100
31.45700
31.45400
31.45700
31.44900
31.44800
31.44800
31.44800
31.45100
31.44900
31.44800
31.45200
31.45200
31.45300
31.45500
31.45000
31.45000
31.45100
31.45100
31.45100
31.45400
31.45200
31.45000
31.45100
31.45200
31.44900
31.45200
31.45000
31.44900
31.44700
31.44800
31.44500
31.44500
31.44600
31.44600
31.44600
31.44500
31.44800
31.44600
31.44800
31.44900
31.45300
31.45400
31.45800
31.46000
31.46000
31.45900
31.45800
31.45600
31.45400
31.45900
31.46000
31.46000
31.45900
31.46000
31.45900
31.45600
31.45800
31.45600
31.45700
31.45900
31.46200
31.46300
31.46300
31.46200
31.46500
31.46500
31.46600
31.46400
31.46400
31.46300
31.46200
31.46200
31.46200
31.46000
31.45400
31.45100
31.45400
31.45300
31.45200
31.44800
31.45300
31.45000
31.45000
31.44800
31.44700
31.44900
31.45100
31.45100
31.45200
31.45500
31.45400
31.45300
31.45100
31.45100
31.45300
31.45200
31.45000
31.44600
31.44400
31.44200
31.44200
31.43500
31.43900
31.44500
31.44500
31.44300
31.44300
31.44200
31.44300
31.44600
31.44600
31.44600
31.44600
31.44800
31.44500
31.44300
31.44500
31.44300
31.44500
31.44600
31.44400
31.44300
31.44400
31.44400
31.44700
31.44600
31.44900
31.45200
31.45400
31.45100
31.45100
31.45600
31.46000
31.46000
31.45800
31.45700
31.45700
31.45600
31.45600
31.45600
31.45500
31.45600
31.45200
31.45200
31.45500
31.45300
31.45400
31.45300
31.45500
31.45900
31.45800
31.46200
31.46600
31.46800
31.46600
31.46600
31.46400
31.46300
31.46300
31.46200
31.46500
31.46600
31.47000
31.47400
31.47400
31.47400
31.47500
31.47500
31.47500
31.47500
31.47600
31.47600
31.47600
31.47400
31.47700
31.47700
31.47700
31.47800
31.48000
31.48100
31.48000
31.48000
31.48200
31.48000
31.47700
31.47800
31.47600
31.47900
31.47900
31.47600
31.47700
31.47500
31.47700
31.47800
31.47700
31.47600
31.47600
31.47600
31.47700
31.48000
31.47800
31.48000
31.47700
31.48000
31.48300
31.48500
31.48500
31.48200
31.48400
31.48000
31.48000
31.47700
31.47700
31.47900
31.47800
31.47800
31.47400
31.47400
31.47300
31.47300
31.47000
31.47000
31.46900
31.46700
31.47100
31.46900
31.46600
31.47000
31.46800
31.46500
31.47000
31.46900
31.46500
31.46300
31.46500
31.46700
31.47000
31.46700
31.46800
31.47000
31.46700
31.46700
31.46800
31.46700
31.46700
31.46600
31.46100
31.45900
31.46100
31.46300
31.46300
31.46000
31.46500
31.46200
31.46000
31.45900
31.45900
31.46300
31.46500
31.46600
31.46600
31.46300
31.46300
31.46600
31.46700
31.46500
31.46900
31.46800
31.46900
31.46700
31.46900
31.46800
31.46900
31.46600
31.46400
31.46200
31.46100
31.46400
31.46800
31.46700
31.46600
31.46600
31.46800
31.46700
31.47000
31.47300
31.47200
31.47100
31.47000
31.46800
31.46800
31.47100
31.47200
31.47600
31.47600
31.47400
31.47700
31.47700
31.47600
31.47900
31.48000
31.48400
31.48500
31.48800
31.48700
31.48800
31.48500
31.48800
31.48900
31.48900
31.48800
31.48900
31.49000
31.48900
31.49000
31.49100
31.49100
31.48700
31.48800
31.48400
31.48100
31.48000
31.48000
31.48500
31.48900
31.48800
31.48600
31.48700
31.48100
31.48000
31.47700
31.47900
31.48100
31.48100
31.48000
31.47900
31.48200
31.48200
31.48400
31.48800
31.48800
31.48700
31.48500
31.48300
31.48300
31.48100
31.48000
31.48100
31.48200
31.48100
31.47900
31.48200
31.48000
31.47700
31.47700
31.47800
31.47900
31.48100
31.48200
31.47700
31.47700
31.47600
31.47400
31.47700
31.47600
31.47700
31.47700
31.47600
31.47700
31.47700
31.47900
31.47900
31.47700
31.47500
31.47500
31.47600
31.47700
31.47700
31.47700
31.47400
31.47600
31.47600
31.47600
31.47900
31.47900
31.48100
31.48000
31.48200
31.48300
31.48100
31.48500
31.48100
31.48300
31.48200
31.48300
31.48500
31.48400
31.48500
31.48500
31.48500
31.48600
31.48400
31.48200
31.48100
31.48100
31.48000
31.47800
31.47800
31.47800
31.47800
31.47800
31.47900
31.48000
31.47700
31.47900
31.48100
31.48100
31.48400
31.48100
31.48200
31.48600
31.48500
31.48500
31.48500
31.48100
31.48100
31.47900
31.48000
31.48400
31.48300
31.48500
31.48200
31.48400
31.49000
31.49300
31.49300
31.49400
31.49800
31.49700
31.49300
31.49500
31.49500
31.49600
31.49600
31.49900
31.50200
31.50200
31.50200
31.50200
31.50000
31.50200
31.50100
31.50100
31.50100
31.50400
31.50800
31.50700
31.50700
31.50600
31.51300
31.50900
31.50900
31.51000
31.51400
31.51300
31.51600
31.51600
31.51200
31.51100
31.51100
31.51200
31.51200
31.51100
31.51300
31.51300
31.51300
31.51300
31.51300
31.51400
31.51400
31.51500
31.51500
31.51600
31.51200
31.51200
31.51000
31.51000
31.51000
31.51000
31.51400
31.51400
31.51600
31.51700
31.51700
31.51700
31.51800
31.51700
31.51600
31.51600
31.51700
31.51200
31.51200
31.51100
31.51000
31.51100
31.50900
31.51000
31.50800
31.50900
31.50900
31.50900
31.50900
31.50900
31.51400
31.51500
31.51400
31.51500
31.51400
31.51500
31.51300
31.51300
31.51300
31.51300
31.51600
31.51100
31.51300
31.51100
31.50800
31.51200
31.51200
31.51200
31.51200
31.51100
31.51000
31.51100
31.50800
31.50700
31.50700
31.50700
31.50600
31.51100
31.51400
31.51700
31.51800
31.51600
31.51800
31.51900
31.51900
31.51900
31.52200
31.52200
31.52500
31.52300
31.52300
31.52400
31.52200
31.52200
31.52200
31.51700
31.51600
31.51500
31.51500
31.51600
31.51700
31.51900
31.51900
31.51700
31.51500
31.51500
31.51400
31.51400
31.51600
31.51400
31.51300
31.51500
31.51500
31.51200
31.51200
31.51200
31.51200
31.51300
31.51200
31.51700
31.51800
31.51900
31.52000
31.52100
31.52100
31.51900
31.52000
31.51700
31.51700
31.51900
31.51900
31.51700
31.51700
31.51700
31.51900
31.51800
31.51700
31.51500
31.51800
31.52400
31.52400
31.52300
31.52400
31.52300
31.52400
31.52400
31.52200
31.52500
31.52200
31.52500
31.52500
31.52600
31.52500
31.52600
31.52500
31.52400
31.52400
31.52400
31.52200
31.52500
31.52600
31.52800
31.52700
31.52900
31.53000
31.53100
31.53100
31.52900
31.52900
31.52700
31.52800
31.52900
31.52700
31.52900
31.53200
31.53200
31.52900
31.52800
31.53000
31.52900
31.52900
31.52800
31.52600
31.52600
31.52700
31.52400
31.52500
31.52400
31.52400
31.52700
31.52500
31.52700
31.52900
31.53000
31.52700
31.52600
31.52700
31.52700
31.52500
31.52100
31.52200
31.52000
31.52100
31.51900
31.51900
31.52000
31.52100
31.52000
31.51900
31.52100
31.52200
31.52200
31.52400
31.52600
31.52600
31.52500
31.52200
31.52200
31.52700
31.52700
31.52600
31.52400
31.52200
31.52200
31.52400
31.52300
31.52400
31.52200
31.51800
31.52000
31.52100
31.52200
31.52200
31.51900
31.51700
31.51800
31.51900
31.51700
31.51600
31.51700
31.51700
31.51700
31.51700
31.52200
31.52400
31.52400
31.52500
31.52500
31.52400
31.52300
31.52100
31.52000
31.52100
31.51900
31.51900
31.51800
31.51700
31.51700
31.51800
31.52100
31.51700
31.51700
31.51500
31.51400
31.51700
31.51800
31.51800
31.51700
31.52200
31.52200
31.52000
31.52000
31.51900
31.52100
31.52300
31.52300
31.52300
31.52200
31.52000
31.52200
31.52000
31.51800
31.51600
31.51500
31.51400
31.51600
31.51600
31.51600
31.51400
31.51300
31.51400
31.51300
31.51200
31.51000
31.51300
31.51400
31.51000
31.50800
31.50700
31.50400
31.50400
31.50300
31.50200
31.50100
31.50100
31.50200
31.50100
31.50500
31.50400
31.50300
31.50600
31.50500
31.50600
31.50800
31.50600
31.50400
31.50500
31.50100
31.49800
31.50000
31.49800
31.50100
31.50100
31.50100
31.49800
31.49800
31.50100
31.50400
31.50300
31.50100
31.50000
31.49800
31.49800
31.50000
31.50000
31.50000
31.49700
31.49600
31.49600
31.49500
31.49400
31.49700
31.49800
31.49800
31.49800
31.50100
31.49800
31.50200
31.50300
31.49900
31.50100
31.50000
31.49800
31.49800
31.49700
31.49700
31.49800
31.49900
31.49800
31.49900
31.50000
31.50200
31.50300
31.50500
31.50600
31.50500
31.50300
31.50400
31.50400
31.50200
31.50000
31.50000
31.49900
31.50000
31.49900
31.49700
31.49500
31.49500
31.49300
31.49300
31.49300
31.49500
31.49500
31.49500
31.49200
31.49300
31.48800
31.48500
31.48500
31.48500
31.48300
31.48400
31.48300
31.48500
31.48400
31.48200
31.48100
31.48600
31.48500
31.48400
31.48500
31.48600
31.48600
31.48600
31.48600
31.48700
31.48400
31.48600
31.48700
31.48800
31.48600
31.48600
31.48400
31.48400
31.48600
31.48600
31.48500
31.48200
31.48200
31.48100
31.47900
31.48000
31.48100
31.47900
31.47700
31.47600
31.47600
31.47700
31.46900
31.46600
31.46700
31.46400
31.46400
31.46600
31.46800
31.46700
31.46700
31.46800
31.46900
31.46800
31.46700
31.46700
31.46700
31.46500
31.46700
31.46500
31.46500
31.46400
31.46400
31.46300
31.46100
31.46100
31.46300
31.46100
31.46100
31.45900
31.45800
31.45700
31.45500
31.45600
31.45600
31.45500
31.45500
31.45400
31.45300
31.45300
31.45600
31.45600
31.45700
31.45700
31.45500
31.45400
31.45800
31.45800
31.46000
31.46200
31.46100
31.46100
31.46300
31.46600
31.46500
31.46400
31.46600
31.46800
31.46600
31.46400
31.46400
31.46300
31.46600
31.46800
31.46600
31.46300
31.46500
31.46800
31.46700
31.47100
31.47100
31.47000
31.47100
31.47000
31.47000
31.46700
31.46500
31.46500
31.46400
31.46300
31.46300
31.46300
31.46800
31.46700
31.46700
31.46700
31.46800
31.46600
31.46600
31.46900
31.46800
31.47000
31.47200
31.47200
31.47400
31.47500
31.47600
31.47800
31.47900
31.47900
31.47800
31.47800
31.47800
31.48000
31.48000
31.47900
31.48100
31.48200
31.48300
31.48500
31.48900
31.48800
31.48900
31.48700
31.48500
31.48300
31.48500
31.48700
31.48600
31.48500
31.48600
31.48300
31.48300
31.48300
31.48000
31.47900
31.47700
31.47300
31.47400
31.47700
31.47700
31.47600
31.47300
31.47700
31.47900
31.47900
31.47800
31.47800
31.47700
31.47600
31.47700
31.47600
31.47700
31.47700
31.47900
31.47800
31.47600
31.47700
31.47800
31.48000
31.47700
31.47800
31.47700
31.47700
31.47800
31.48100
31.48200
31.48400
31.48700
31.48500
31.48800
31.48800
31.48600
31.48700
31.48600
31.48600
31.48900
31.49100
31.49000
31.49300
31.49300
31.49200
31.49000
31.49000
31.49200
31.49400
31.49400
31.49100
31.49500
31.49400
31.49400
31.49300
31.49500
31.49600
31.49600
31.49500
31.49600
31.49200
31.49000
31.49000
31.49200
31.49200
31.49100
31.48900
31.49000
31.49000
31.48800
31.48600
31.48500
31.48600
31.48900
31.49100
31.49100
31.49200
31.49100
31.49100
31.49200
31.49100
31.49100
31.49100
31.49300
31.49200
31.49400
31.49200
31.49200
31.49100
31.49200
31.49400
31.49500
31.49300
31.49700
31.49400
31.49600
31.49500
31.49500
31.49600
31.49700
31.49900
31.49800
31.49900
31.50000
31.49800
31.50000
31.50000
31.49700
31.49800
31.50000
31.50000
31.49900
31.50000
31.50000
31.50100
31.50200
31.50300
31.50500
31.50600
31.50300
31.50100
31.49900
31.49700
31.49800
31.49900
31.49700
31.49600
31.49700
31.49800
31.49500
31.49500
31.49700
31.49700
31.49800
31.49600
31.49700
31.50100
31.50100
31.50100
31.49900
31.49900
31.49700
31.49800
31.49700
31.49800
31.49700
31.49900
31.49800
31.49600
31.49500
31.49500
31.49500
31.49200
31.49400
31.49600
31.49800
31.49900
31.49800
31.49800
31.50000
31.49900
31.49700
31.49700
31.49900
31.49800
31.49900
31.49800
31.49800
31.49700
31.49600
31.49600
31.49500
31.49500
31.49700
31.49800
31.49700
31.49800
31.49900
31.49700
31.49200
31.49300
31.49300
31.49100
31.49200
31.49200
31.49200
31.48900
31.49100
31.49500
31.49600
31.49700
31.49800
31.50000
31.50000
31.50000
31.49900
31.50100
31.50100
31.50200
31.49900
31.49900
31.50000
31.50100
31.50200
31.50100
31.50000
31.49900
31.50100
31.50000
31.50000
31.50100
31.49900
31.50000
31.50000
31.50100
31.50000
31.49900
31.50100
31.49900
31.49800
31.49900
31.49900
31.49900
31.50000
31.50200
31.49900
31.50100
31.50000
31.50000
31.50300
31.50300
31.50500
31.50500
31.50500
31.50600
31.50500
31.50300
31.50400
31.50400
31.50400
31.50600
31.50600
31.50600
31.50600
31.51000
31.51000
31.51000
31.51000
31.51100
31.51200
31.51300
31.51300
31.51400
31.51100
31.51300
31.51100
31.51100
31.51000
31.51100
31.51200
31.51000
31.51200
31.51200
31.51100
31.51200
31.51100
31.51000
31.51200
31.51100
31.51000
31.51100
31.51000
31.51000
31.50900
31.50900
31.50900
31.51000
31.51100
31.51100
31.51300
31.51300
31.51300
31.51100
31.51200
31.51400
31.51700
31.51800
31.51700
31.51700
31.51600
31.51700
31.51900
31.52000
31.51900
31.51900
31.52000
31.52100
31.52100
31.52000
31.52100
31.52000
31.52000
31.51800
31.51300
31.51400
31.51500
31.51500
31.51400
31.51400
31.51300
31.51300
31.51200
31.51300
31.51500
31.51600
31.51700
31.51700
31.51500
31.51500
31.51300
31.51400
31.51600
31.51700
31.51700
31.51800
31.51700
31.52000
31.52100
31.52000
31.52100
31.52200
31.52100
31.52200
31.52200
31.52200
31.52200
31.52300
31.52400
31.52300
31.52400
31.52300
31.52500
31.52600
31.52600
31.52600
31.52900
31.53100
31.53000
31.52900
31.52700
31.52800
31.52900
31.52900
31.52900
31.53000
31.53000
31.53100
31.53200
31.52900
31.53200
31.53100
31.53100
31.53200
31.53300
31.53300
31.53000
31.52900
31.53000
31.53100
31.53100
31.53100
31.53100
31.53100
31.53100
31.53000
31.53100
31.52900
31.52900
31.53000
31.53200
31.53100
31.53200
31.53400
31.53300
31.53300
31.53400
31.53500
31.53200
31.53200
31.53200
31.53200
31.53600
31.53800
31.54000
31.54200
31.54300
31.54300
31.54500
31.54500
31.54200
31.54200
31.54300
31.54500
31.54400
31.54400
31.54400
31.54500
31.54800
31.54800
31.54900
31.54800
31.55300
31.55600
31.55600
31.55700
31.56000
31.56200
31.56300
31.56200
31.56200
31.56100
31.56100
31.56300
31.56200
31.56100
31.56300
31.56200
31.56200
31.56100
31.56200
31.56100
31.56300
31.56500
31.56700
31.56700
31.56700
31.56700
31.56600
31.56700
31.57000
31.57400
31.57200
31.57500
31.57700
31.57800
31.57900
31.57900
31.57800
31.57700
31.57700
31.57800
31.58000
31.58100
31.58000
31.57900
31.58000
31.58000
31.57900
31.57900
31.57800
31.57800
31.57900
31.57900
31.57900
31.57900
31.57700
31.57700
31.57800
31.58000
31.57900
31.58100
31.58100
31.58100
31.58200
31.58000
31.57900
31.57900
31.58200
31.58400
31.58400
31.58300
31.58200
31.58600
31.58800
31.58800
31.58900
31.58800
31.58800
31.58900
31.59100
31.59300
31.59400
31.59400
31.59400
31.59300
31.59200
31.59400
31.59300
31.59300
31.59000
31.59000
31.58900
31.58800
31.58900
31.58900
31.58800
31.58800
31.58800
31.58800
31.58900
31.59000
31.59000
31.59100
31.59100
31.59000
31.58900
31.58900
31.58800
31.59000
31.58900
31.58900
31.58900
31.59000
31.59200
31.59100
31.59100
31.59000
31.59100
31.59200
31.58900
31.58700
31.58700
31.58800
31.58800
31.58700
31.58800
31.59000
31.59000
31.58900
31.58900
31.58900
31.58800
31.59000
31.59400
31.59500
31.59500
31.59700
31.59500
31.59500
31.59600
31.59500
31.59500
31.59500
31.59200
31.59400
31.59500
31.59300
31.59300
31.59200
31.59100
31.59200
31.59100
31.58900
31.58900
31.58900
31.59000
31.59300
31.59500
31.59300
31.59300
31.59300
31.59000
31.59000
31.59200
31.58700
31.58600
31.58600
31.58700
31.58600
31.58600
31.58800
31.58800
31.58600
31.58500
31.58600
31.58400
31.58500
31.58400
31.58300
31.58300
31.58500
31.58500
31.58400
31.58400
31.58300
31.58300
31.58200
31.57900
31.57900
31.58100
31.57900
31.57600
31.57600
31.57600
31.57500
31.57500
31.57500
31.58100
31.58200
31.58000
31.58000
31.58000
31.57800
31.57600
31.57600
31.57500
31.57500
31.57600
31.57800
31.57700
31.57500
31.57500
31.57200
31.57100
31.57100
31.57300
31.57300
31.57200
31.57200
31.57300
31.57200
31.57100
31.57200
31.57300
31.57200
31.57200
31.57200
31.57300
31.57300
31.57100
31.57100
31.57300
31.57100
31.57100
31.56900
31.56900
31.56700
31.56700
31.56800
31.56900
31.56800
31.56900
31.56900
31.57000
31.57000
31.57100
31.57200
31.57200
31.57100
31.57000
31.56800
31.56700
31.56700
31.56600
31.56700
31.56800
31.56800
31.56800
31.56700
31.56700
31.56700
31.56400
31.56800
31.56900
31.57000
31.56800
31.56800
31.56800
31.56700
31.56800
31.56600
31.56500
31.56500
31.56500
31.56400
31.56200
31.56200
31.56000
31.56000
31.56100
31.56100
31.56000
31.56100
31.56100
31.56100
31.56000
31.55800
31.55800
31.55800
31.55800
31.56000
31.55900
31.55600
31.55800
31.55800
31.55700
31.55700
31.55700
31.55900
31.55900
31.56100
31.56100
31.56300
31.56200
31.56100
31.56000
31.56000
31.56000
31.56000
31.56000
31.56200
31.56400
31.56300
31.56200
31.56200
31.56400
31.56500
31.56400
31.56300
31.56300
31.56400
31.56400
31.56200
31.56100
31.56100
31.56500
31.56400
31.56400
31.56600
31.56600
31.56700
31.56600
31.56500
31.56600
31.56600
31.56600
31.56700
31.56800
31.56800
31.56700
31.56700
31.56900
31.57000
31.56800
31.56900
31.56500
31.56600
31.56600
31.56400
31.56300
31.56300
31.56300
31.56700
31.56800
31.56900
31.57000
31.57100
31.57100
31.56800
31.56600
31.56900
31.56900
31.56700
31.56400
31.56700
31.56600
31.56500
31.56600
31.56700
31.56700
31.56800
31.56800
31.56500
31.56300
31.56400
31.56400
31.56600
31.56800
31.56500
31.56300
31.56200
31.56200
31.56200
31.56100
31.56200
31.56200
31.56100
31.56000
31.56100
31.56400
31.56200
31.56300
31.56200
31.56500
31.56700
31.56500
31.56400
31.56600
31.56600
31.56600
31.56600
31.56600
31.56800
31.56800
31.57000
31.56900
31.56800
31.57000
31.57000
31.56800
31.56800
31.56900
31.57000
31.57200
31.57200
31.57300
31.57300
31.57200
31.57200
31.57100
31.57100
31.57000
31.56800
31.57100
31.57300
31.57400
31.57200
31.57300
31.57500
31.57500
31.57500
31.57700
31.58000
31.57800
31.57800
31.57900
31.57900
31.57900
31.57900
31.57900
31.58300
31.58500
31.58600
31.58600
31.58500
31.58400
31.58500
31.58300
31.58200
31.58100
31.58200
31.58400
31.58300
31.58500
31.58700
31.58700
31.58800
31.58700
31.58700
31.58700
31.58900
31.59000
31.59000
31.59100
31.59100
31.59000
31.59000
31.59200
31.59400
31.59400
31.59700
31.59700
31.60000
31.59900
31.59800
31.60200
31.59900
31.60200
31.60200
31.60300
31.60200
31.60300
31.60500
31.60500
31.60300
31.60100
31.60100
31.60400
31.60400
31.60500
31.60400
31.60500
31.60300
31.60400
31.60600
31.60600
31.60700
31.60700
31.60700
31.60800
31.60800
31.60700
31.60900
31.60600
31.60700
31.60700
31.60500
31.60600
31.60500
31.60400
31.60300
31.60400
31.60500
31.60700
31.60600
31.60400
31.60500
31.60300
31.60400
31.60000
31.59900
31.59900
31.59800
31.59900
31.59800
31.60000
31.60000
31.60000
31.59900
31.59800
31.59900
31.59800
31.59900
31.59800
31.60000
31.59900
31.59800
31.59800
31.59800
31.59800
31.59600
31.59800
31.59800
31.59900
31.59600
31.59800
31.59700
31.59600
31.59500
31.59400
31.59600
31.59800
31.59600
31.59600
31.59500
31.59600
31.60000
31.60200
31.60100
31.60100
31.60200
31.59900
31.59800
31.60000
31.60000
31.60000
31.60000
31.60000
31.60000
31.59800
31.59500
31.59400
31.59600
31.59600
31.59600
31.59500
31.59800
31.60000
31.60200
31.60100
31.59900
31.59800
31.59800
31.60300
31.60300
31.60100
31.60000
31.60000
31.60000
31.60100
31.60100
31.60100
31.60000
31.60000
31.59900
31.59800
31.60000
31.60000
31.60000
31.60000
31.60000
31.59900
31.60100
31.60200
31.60200
31.60300
31.60400
31.60200
31.60100
31.60200
31.60400
31.60200
31.60200
31.60000
31.60100
31.59900
31.60000
31.60000
31.60100
31.60000
31.60200
31.60200
31.60200
31.60200
31.60100
31.60300
31.60400
31.60400
31.60400
31.60400
31.60600
31.60500
31.60700
31.60600
31.60500
31.60500
31.60500
31.60600
31.60700
31.60700
31.60500
31.60700
31.60700
31.60800
31.61000
31.61100
31.61100
31.61200
31.61100
31.61100
31.61000
31.60800
31.60700
31.60700
31.60700
31.60800
31.60800
31.60600
31.60700
31.60900
31.60800
31.60800
31.60600
31.60600
31.60500
31.60700
31.60800
31.60700
31.60600
31.60800
31.60800
31.60800
31.60500
31.60300
31.60300
31.60500
31.60200
31.60000
31.59900
31.59900
31.60000
31.60100
31.60300
31.60400
31.60500
31.60500
31.60700
31.60500
31.60400
31.60300
31.60300
31.60300
31.60300
31.60500
31.60600
31.60300
31.60600
31.60800
31.60800
31.60900
31.61100
31.61100
31.61300
31.61400
31.61200
31.61300
31.61300
31.61200
31.61200
31.61300
31.61400
31.61200
31.60900
31.61100
31.61000
31.61100
31.61000
31.60500
31.60800
31.60900
31.60900
31.60800
31.60800
31.60700
31.60700
31.60700
31.60500
31.60700
31.60700
31.60700
31.60800
31.60900
31.60900
31.60800
31.60500
31.60600
31.60500
31.60500
31.60400
31.60400
31.60500
31.60400
31.60300
31.60200
31.60100
31.60100
31.60000
31.60100
31.60100
31.60100
31.59900
31.60300
31.60200
31.60200
31.59800
31.60000
31.60100
31.60000
31.60200
31.60200
31.60000
31.60000
31.60000
31.60100
31.60200
31.59900
31.60000
31.60100
31.60100
31.60000
31.60000
31.60000
31.59900
31.59700
31.59900
31.60000
31.60000
31.60200
31.60100
31.60100
31.60200
31.60200
31.60300
31.60300
31.60200
31.60400
31.60300
31.59900
31.60000
31.59900
31.60100
31.60100
31.60200
31.60200
31.60000
31.59900
31.60000
31.60200
31.60200
31.60300
31.60500
31.60300
31.60300
31.60300
31.60500
31.60500
31.60700
31.60600
31.60600
31.60700
31.60700
31.60500
31.60600
31.60500
31.60700
31.60800
31.60700
31.60800
31.60800
31.60600
31.60600
31.60600
31.60700
31.60700
31.60700
31.60600
31.60800
31.60800
31.61000
31.60900
31.60900
31.61000
31.61100
31.61100
31.61300
31.61400
31.61400
31.61200
31.61300
31.61400
31.61500
31.61500
31.61500
31.61500
31.61200
31.61200
31.61500
31.61600
31.61500
31.61400
31.61500
31.61300
31.61400
31.61300
31.61400
31.61400
31.61300
31.61400
31.61500
31.61700
31.61600
31.61600
31.61800
31.61600
31.61500
31.61400
31.61200
31.61200
31.61100
31.61000
31.61000
31.61000
31.60800
31.60700
31.60700
31.60700
31.60700
31.60600
31.60700
31.60500
31.60500
31.60500
31.60300
31.60300
31.60200
31.60300
31.60400
31.60400
31.60500
31.60500
31.60300
31.60400
31.60700
31.60600
31.60600
31.60800
31.60600
31.60500
31.60400
31.60400
31.60500
31.60700
31.60600
31.60400
31.60300
31.60400
31.60400
31.60400
31.60400
31.60400
31.60400
31.60600
31.60600
31.60800
31.60700
31.60600
31.60700
31.60900
31.60900
31.61000
31.61000
31.60900
31.60900
31.60900
31.60900
31.60900
31.60900
31.61100
31.61300
31.61300
31.61300
31.61400
31.61400
31.61300
31.61500
31.61500
31.61400
31.61300
31.61300
31.61300
31.61400
31.61500
31.61400
31.61300
31.61100
31.61100
31.61100
31.61100
31.61300
31.61300
31.61400
31.61500
31.61400
31.61400
31.61400
31.61400
31.61300
31.61400
31.61400
31.61300
31.61400
31.61500
31.61500
31.61500
31.61500
31.61300
31.61400
31.61400
31.61300
31.61200
31.61400
31.61500
31.61500
31.61700
31.61400
31.61400
31.61400
31.61300
31.61300
31.61400
31.61300
31.61400
31.61500
31.61600
31.61400
31.61400
31.61500
31.61500
31.61400
31.61400
31.61200
31.61500
31.61700
31.61500
31.61500
31.61500
31.61600
31.61700
31.61700
31.61600
31.61300
31.61500
31.61400
31.61500
31.61400
31.61500
31.61200
31.61400
31.61400
31.61400
31.61100
31.61000
31.61100
31.61100
31.61200
31.61200
31.61300
31.61300
31.61300
31.61300
31.61400
31.61500
31.61600
31.61900
31.61800
31.61800
31.61600
31.61500
31.61600
31.61400
31.61400
31.61400
31.61400
31.61400
31.61300
31.61600
31.61800
31.61900
31.61700
31.61900
31.62000
31.62000
31.62000
31.62000
31.62100
31.62000
31.62200
31.62100
31.62000
31.62000
31.62100
31.62000
31.62100
31.62100
31.62100
31.62200
31.62100
31.62000
31.61700
31.61700
31.61800
31.62100
31.62300
31.62100
31.62000
31.62000
31.61900
31.61900
31.62000
31.62100
31.62000
31.62100
31.62100
31.62200
31.62200
31.62100
31.62100
31.62100
31.62200
31.62400
31.62700
31.62700
31.62700
31.62500
31.62400
31.62600
31.62500
31.62600
31.62500
31.62600
31.62700
31.62800
31.62800
31.62800
31.62700
31.63000
31.63000
31.63100
31.63000
31.63000
31.62800
31.62800
31.62700
31.62700
31.62800
31.62900
31.62900
31.62900
31.62900
31.63100
31.63300
31.63600
31.63600
31.63700
31.63400
31.63400
31.63400
31.63600
31.63700
31.63600
31.63800
31.63700
31.63800
31.64000
31.64100
31.64100
31.64100
31.64300
31.64400
31.64400
31.64400
31.64300
31.64500
31.64800
31.64900
31.65200
31.65300
31.65200
31.65200
31.65200
31.65300
31.65500
31.65200
31.65200
31.65700
31.65900
31.65900
31.66100
31.66400
31.66200
31.66200
31.66100
31.66300
31.66500
31.66500
31.66500
31.66400
31.66500
31.66500
31.66500
31.66600
31.66700
31.66700
31.66800
31.66900
31.66900
31.67000
31.67000
31.66500
31.66500
31.66600
31.66700
31.66700
31.66800
31.66900
31.66800
31.66800
31.66700
31.66700
31.66500
31.66600
31.66600
31.66600
31.66600
31.66900
31.67000
31.66900
31.67000
31.67000
31.67000
31.67000
31.66800
31.67000
31.67100
31.67200
31.67200
31.67400
31.67500
31.67500
31.67400
31.67500
31.67700
31.67700
31.67800
31.67800
31.68000
31.68000
31.67900
31.67900
31.67900
31.67900
31.68000
31.67800
31.67900
31.68000
31.67700
31.67900
31.68000
31.68100
31.68100
31.68200
31.68200
31.68200
31.68100
31.68300
31.68100
31.68000
31.68000
31.67900
31.67900
31.68000
31.68100
31.68200
31.68100
31.68000
31.68000
31.67800
31.67700
31.67700
31.67900
31.68100
31.68100
31.68100
31.68000
31.68000
31.68000
31.68100
31.68100
31.68100
31.68200
31.68100
31.68000
31.68300
31.68300
31.68300
31.68200
31.68300
31.68400
31.68600
31.68800
31.68700
31.69000
31.69000
31.69000
31.68700
31.68600
31.68600
31.68700
31.68600
31.68700
31.68700
31.68600
31.68600
31.68600
31.68600
31.68600
31.68700
31.68700
31.68800
31.69000
31.69000
31.69100
31.69200
31.69300
31.69200
31.69100
31.69100
31.69300
31.69400
31.69400
31.69400
31.69400
31.69500
31.69500
31.69500
31.69300
31.69400
31.69400
31.69400
31.69300
31.69500
31.69500
31.69500
31.69500
31.69500
31.69600
31.69500
31.69600
31.69700
31.69700
31.69500
31.70000
31.70200
31.70300
31.70300
31.70300
31.70300
31.70400
31.70500
31.70300
31.70400
31.70400
31.70400
31.70300
31.70400
31.70400
31.70400
31.70500
31.70500
31.70600
31.70800
31.71000
31.71100
31.71000
31.71200
31.71100
31.70900
31.71000
31.71100
31.71300
31.71400
31.71400
31.71500
31.71600
31.71800
31.71600
31.71700
31.71700
31.71800
31.71900
31.71800
31.71800
31.71900
31.71800
31.71800
31.71800
31.71800
31.71700
31.71400
31.71500
31.71600
31.71600
31.71800
31.71800
31.72100
31.72000
31.72000
31.71800
31.71600
31.71600
31.72100
31.72000
31.71900
31.72000
31.71900
31.72100
31.72200
31.71900
31.72100
31.71700
31.71600
31.71600
31.71500
31.71500
31.71600
31.71600
31.71400
31.71500
31.71500
31.71700
31.71500
31.71300
31.71200
31.71300
31.71200
31.71400
31.71700
31.71900
31.72000
31.71900
31.71800
31.71900
31.71600
31.71500
31.71600
31.72000
31.71900
31.71800
31.71800
31.71900
31.71900
31.71900
31.71700
31.71600
31.71700
31.71800
31.71700
31.71800
31.71800
31.71900
31.72200
31.72100
31.72100
31.72200
31.72200
31.72200
31.72300
31.72200
31.72000
31.72000
31.72000
31.72000
31.72200
31.72200
31.72100
31.72000
31.72000
31.72000
31.72100
31.72200
31.72300
31.72300
31.72400
31.72300
31.72500
31.72700
31.72600
31.72600
31.72700
31.72500
31.72600
31.72600
31.72800
31.72700
31.72400
31.72600
31.72500
31.72700
31.72800
31.73000
31.73000
31.72900
31.72900
31.73000
31.73100
31.72800
31.73000
31.73000
31.73000
31.72900
31.73000
31.72900
31.73100
31.72900
31.73000
31.73000
31.73100
31.73200
31.73100
31.73000
31.72700
31.72700
31.72600
31.72600
31.72800
31.72900
31.72900
31.72900
31.72900
31.72800
31.72700
31.72800
31.72900
31.73000
31.73000
31.73000
31.72900
31.73000
31.73100
31.73200
31.73300
31.73300
31.73200
31.73100
31.73100
31.73200
31.73100
31.73200
31.73100
31.73000
31.73000
31.73300
31.73300
31.73400
31.73100
31.73100
31.73200
31.73100
31.73100
31.73200
31.73100
31.73000
31.73200
31.73000
31.73000
31.73200
31.73100
31.73100
31.73000
31.72900
31.72900
31.73200
31.73200
31.73300
31.73500
31.73400
31.73300
31.73400
31.73200
31.73200
31.73300
31.73300
31.73300
31.73300
31.73500
31.73500
31.73700
31.73500
31.73700
31.73800
31.73700
31.73900
31.73900
31.73900
31.73900
31.74200
31.74200
31.74400
31.74400
31.74400
31.74300
31.74100
31.74300
31.74200
31.74300
31.74300
31.74200
31.74300
31.74200
31.74100
31.74300
31.74500
31.74700
31.74800
31.74700
31.74700
31.74400
31.74700
31.74800
31.74800
31.74700
31.74800
31.74900
31.74700
31.74700
31.74800
31.74900
31.74500
31.74400
31.74300
31.74400
31.74800
31.75100
31.75000
31.75000
31.75100
31.75000
31.75100
31.75200
31.75100
31.75300
31.75200
31.75200
31.75100
31.75300
31.75400
31.75500
31.75500
31.75500
31.75600
31.75500
31.75500
31.75300
31.75100
31.75100
31.75400
31.75400
31.75500
31.75400
31.75300
31.75200
31.75000
31.75000
31.75000
31.75100
31.75000
31.75000
31.75200
31.75400
31.75200
31.75200
31.74800
31.74800
31.74800
31.74900
31.75000
31.75000
31.75100
31.75200
31.75200
31.75000
31.74900
31.74900
31.74800
31.74800
31.74800
31.75100
31.75200
31.75200
31.75200
31.75200
31.75000
31.75100
31.75100
31.75000
31.74800
31.74900
31.74800
31.75000
31.75000
31.75000
31.75000
31.75100
31.75100
31.75100
31.75000
31.75200
31.75300
31.75300
31.75300
31.75500
31.75400
31.75400
31.75400
31.75300
31.75300
31.75200
31.75400
31.75200
31.75200
31.75300
31.75200
31.75200
31.75200
31.75400
31.75300
31.75400
31.75400
31.75300
31.75400
31.75400
31.75400
31.75300
31.75400
31.75500
31.75600
31.75600
31.75600
31.75800
31.75800
31.75800
31.75600
31.75700
31.75700
31.75700
31.75600
31.75600
31.75600
31.75600
31.75600
31.75500
31.75500
31.75500
31.75700
31.75500
31.75700
31.75800
31.75700
31.75600
31.75700
31.75600
31.75700
31.75700
31.75800
31.75800
31.75800
31.75800
31.75800
31.75800
31.75800
31.75900
31.75900
31.76000
31.76000
31.76100
31.75900
31.75700
31.75700
31.75600
31.75600
31.75600
31.75700
31.75900
31.75900
31.75800
31.75900
31.75800
31.75800
31.75800
31.76000
31.76000
31.75900
31.76000
31.75900
31.75900
31.75800
31.75800
31.75800
31.76000
31.76000
31.75900
31.75800
31.76000
31.76100
31.76000
31.76200
31.76300
31.76700
31.76700
31.76600
31.76600
31.76600
31.76500
31.76400
31.76500
31.76600
31.76900
31.76800
31.76800
31.76900
31.76700
31.76700
31.76600
31.76600
31.76600
31.76600
31.76600
31.76600
31.76700
31.76800
31.76800
31.77000
31.76900
31.77000
31.77000
31.77100
31.77100
31.77200
31.77300
31.77200
31.77200
31.77200
31.77200
31.77200
31.77200
31.77200
31.77200
31.77200
31.77500
31.77400
31.77300
31.77100
31.76900
31.76900
31.77100
31.77200
31.77200
31.77100
31.77200
31.77300
31.77000
31.76900
31.77000
31.76900
31.77100
31.77000
31.77000
31.77100
31.77300
31.77200
31.77100
31.77300
31.77100
31.77300
31.77500
31.77400
31.77400
31.77500
31.77500
31.77500
31.77500
31.77500
31.77400
31.77400
31.77300
31.77200
31.77300
31.77300
31.77200
31.77100
31.77000
31.77000
31.77000
31.77000
31.76900
31.76800
31.77000
31.77000
31.77000
31.76900
31.77000
31.77200
31.77200
31.77300
31.77400
31.77300
31.77200
31.77200
31.77000
31.77100
31.77300
31.77300
31.77300
31.77200
31.77100
31.76900
31.77200
31.77200
31.77200
31.77500
31.77500
31.77500
31.77400
31.77500
31.77600
31.77600
31.77700
31.77700
31.77800
31.77700
31.77800
31.77900
31.78200
31.78000
31.78100
31.78100
31.78100
31.78000
31.77900
31.78000
31.78100
31.78200
31.78200
31.78200
31.78300
31.78200
31.78400
31.78300
31.78300
31.78600
31.78700
31.78700
31.78800
31.78900
31.78900
31.78900
31.78700
31.79000
31.78800
31.79000
31.79000
31.79300
31.79100
31.79100
31.79000
31.79000
31.79000
31.78800
31.78700
31.78700
31.78600
31.78700
31.78600
31.78400
31.78600
31.78500
31.78300
31.78400
31.78400
31.78500
31.78700
31.78700
31.78700
31.78800
31.78800
31.79000
31.78800
31.78900
31.78900
31.78900
31.78900
31.78900
31.78900
31.79000
31.79000
31.79200
31.79200
31.79300
31.79400
31.79400
31.78778
31.78889
31.78889
31.79111
31.79222
31.79222
31.80000
31.80143
31.89250
31.87000
31.87000
31.89000
31.89500
31.97000
