0.00000
0.00000
0.00000
0.00000
0.00000
0.00000
0.00000
0.00000
0.00000
0.00000
0.00000
0.00000
0.00000
0.00000
0.00000
0.00000
0.00000
0.00000
3.40000
8.80000
10.25000
10.35000
13.53300
13.53300
13.51600
13.46600
13.50600
15.31600
15.30800
15.70800
16.05800
16.05800
16.00800
15.84100
15.84100
19.79100
21.88300
22.10500
22.46300
23.07100
22.81200
23.07400
23.56000
23.82600
24.03700
24.29100
24.45200
24.97900
24.92300
25.46400
26.01100
26.15900
26.68000
26.78500
26.95200
27.11200
27.21600
27.44600
27.64000
27.90000
28.16800
28.25800
28.40200
28.76300
28.74900
28.79700
28.81900
28.71600
28.89100
28.86900
28.92400
29.20900
29.13000
29.36900
29.47100
29.40400
29.43900
29.59300
29.70600
29.91600
30.03800
30.06500
30.17000
29.98900
30.11600
30.07900
30.01900
30.03500
30.19200
30.11800
30.17800
30.18800
30.37500
30.41000
30.55600
30.85100
30.87100
31.10500
31.23400
31.35600
31.41500
31.34300
31.37600
31.54000
31.57700
31.63000
31.61100
31.66200
31.75800
31.74700
31.73300
31.76300
31.78000
31.78000
31.75900
31.82400
31.92800
31.95600
31.89400
31.87200
31.89600
31.97300
31.98600
32.10800
32.15200
32.10600
32.16000
32.20900
32.23000
32.22600
32.22500
32.22800
32.30800
32.32300
32.32400
32.33600
32.41700
32.44200
32.46600
32.46200
32.48400
32.49300
32.50000
32.47600
32.53800
32.50500
32.50800
32.53000
32.58200
32.63400
32.60400
32.69500
32.75100
32.76500
32.79500
32.80300
32.80700
32.82500
32.88900
32.92800
32.90700
32.90600
32.87900
32.84900
32.87700
32.88900
32.88400
32.85400
32.83300
32.90000
32.93500
32.91900
32.94400
32.94700
32.90700
32.93800
32.92700
32.92800
32.91800
32.90000
32.95600
32.95600
32.95500
32.90600
32.94900
32.92200
32.93300
32.94100
32.93000
32.90700
32.91900
32.95300
33.02500
33.06000
33.02900
33.04000
33.09300
33.07500
33.11600
33.14800
33.16100
33.17300
33.15800
33.13100
33.14200
33.13600
33.15700
33.21400
33.24400
33.22100
33.22500
33.24900
33.26100
33.34500
33.38200
33.41600
33.41900
33.45300
33.44200
33.44500
33.41600
33.45800
33.43300
33.38900
33.36900
33.38300
33.42600
33.40100
33.39800
33.43600
33.41000
33.42800
33.43300
33.44100
33.45100
33.48800
33.51700
33.48700
33.47900
33.43000
33.44400
33.42900
33.43000
33.41900
33.41400
33.42100
33.41200
33.42900
33.44900
33.44700
33.46900
33.46900
33.48600
33.52700
33.52300
33.51100
33.49500
33.49300
33.48900
33.51600
33.49300
33.46900
33.43800
33.40900
33.37800
33.33900
33.36600
33.34100
33.33300
33.36600
33.35600
33.34200
33.35500
33.33000
33.34900
33.38800
33.41100
33.43200
33.43700
33.42800
33.43700
33.44300
33.43400
33.42000
33.43000
33.42700
33.44600
33.43700
33.43700
33.45300
33.43300
33.44300
33.41300
33.40500
33.40900
33.42700
33.45100
33.42400
33.44200
33.42100
33.42800
33.43700
33.42700
33.44000
33.40300
33.38800
33.39500
33.39600
33.40200
33.39200
33.38200
33.39000
33.36200
33.35300
33.34400
33.33300
33.33500
33.33600
33.33600
33.33400
33.33600
33.35500
33.35600
33.36000
33.36300
33.37100
33.35300
33.33800
33.35600
33.34200
33.35700
33.33900
33.35500
33.31600
33.30900
33.30500
33.30600
33.30800
33.31600
33.30600
33.30400
33.29900
33.33100
33.34000
33.34600
33.33300
33.34600
33.37500
33.37800
33.38600
33.40100
33.40400
33.40800
33.41000
33.41000
33.38900
33.39100
33.38300
33.41000
33.40400
33.40000
33.38900
33.41300
33.42300
33.45100
33.46200
33.44500
33.45700
33.41900
33.40300
33.42700
33.44300
33.44300
33.42700
33.42700
33.42900
33.43900
33.46100
33.45400
33.46000
33.47800
33.49700
33.48600
33.45400
33.47300
33.48500
33.47800
33.46200
33.45400
33.47500
33.45800
33.46500
33.47200
33.47000
33.47700
33.47600
33.48200
33.47100
33.45900
33.44100
33.43600
33.43200
33.44900
33.44400
33.45800
33.48500
33.50300
33.50600
33.52100
33.50200
33.48200
33.49700
33.48600
33.47800
33.47400
33.47900
33.47700
33.47600
33.46400
33.47300
33.47300
33.46400
33.48100
33.49300
33.49100
33.49700
33.50100
33.50700
33.51800
33.52400
33.52200
33.55000
33.55600
33.56700
33.57000
33.56300
33.54800
33.55200
33.56000
33.55500
33.54800
33.55300
33.55900
33.56200
33.55700
33.56800
33.57800
33.58700
33.58300
33.58900
33.59500
33.58700
33.57200
33.58900
33.57600
33.56200
33.55900
33.55400
33.56100
33.56000
33.56700
33.56500
33.57900
33.58200
33.57900
33.57000
33.56300
33.56900
33.56700
33.56600
33.54800
33.54600
33.53400
33.52600
33.50400
33.50500
33.52500
33.52600
33.52100
33.53500
33.54400
33.54000
33.53700
33.54200
33.52300
33.52000
33.51900
33.51400
33.52100
33.51200
33.51200
33.51500
33.49900
33.49700
33.50400
33.51200
33.52000
33.52100
33.53300
33.54300
33.55100
33.54800
33.55200
33.55600
33.54700
33.53900
33.53400
33.55300
33.55500
33.54500
33.55400
33.56000
33.56100
33.54800
33.53500
33.53500
33.54300
33.55400
33.54700
33.54700
33.53400
33.53600
33.53900
33.55000
33.54900
33.55600
33.55600
33.57400
33.58500
33.56700
33.57700
33.57800
33.57600
33.57700
33.58500
33.59900
33.58800
33.60100
33.61200
33.60600
33.60100
33.59200
33.58900
33.57700
33.59300
33.59700
33.59500
33.58700
33.59500
33.58900
33.59500
33.60300
33.59700
33.57600
33.57900
33.58200
33.56300
33.57300
33.57800
33.56100
33.56600
33.56400
33.56700
33.56400
33.55200
33.54600
33.55700
33.54600
33.55100
33.54600
33.54300
33.56700
33.57000
33.57200
33.57000
33.56500
33.56900
33.55500
33.56900
33.57200
33.55500
33.56100
33.55600
33.56600
33.56000
33.56500
33.55400
33.56000
33.57700
33.57400
33.57300
33.56400
33.55700
33.56300
33.55200
33.55200
33.55500
33.56500
33.56900
33.57800
33.58100
33.57100
33.56200
33.55800
33.56700
33.56900
33.57900
33.56900
33.56800
33.56800
33.57700
33.58000
33.58500
33.58200
33.57500
33.57200
33.57400
33.58700
33.57800
33.58800
33.60000
33.60400
33.60000
33.59300
33.59000
33.59700
33.60700
33.59800
33.59600
33.58900
33.58700
33.58800
33.58800
33.60000
33.60200
33.60500
33.60300
33.59900
33.58600
33.59100
33.60600
33.60200
33.59700
33.60100
33.60400
33.63000
33.62100
33.61700
33.61200
33.61400
33.59800
33.59900
33.62400
33.63600
33.63500
33.65000
33.64900
33.65100
33.66200
33.66200
33.65600
33.67000
33.67600
33.67200
33.68600
33.68100
33.70400
33.70300
33.70400
33.69100
33.70300
33.70700
33.72400
33.73400
33.73400
33.73700
33.74500
33.74500
33.75300
33.74800
33.74900
33.75500
33.75800
33.77000
33.78100
33.79000
33.78200
33.78900
33.79700
33.79600
33.79600
33.78600
33.78500
33.79100
33.80100
33.80800
33.81800
33.83300
33.83400
33.82400
33.82600
33.81900
33.81500
33.82300
33.81300
33.81200
33.80500
33.81200
33.83400
33.83100
33.84200
33.84600
33.84900
33.84900
33.84900
33.84400
33.85000
33.84600
33.83500
33.83200
33.83900
33.83100
33.84300
33.84200
33.84100
33.83000
33.83500
33.83900
33.84300
33.84200
33.83800
33.83700
33.83400
33.84300
33.83700
33.84800
33.85400
33.85400
33.84800
33.85300
33.85000
33.84400
33.84600
33.84400
33.84800
33.84100
33.83200
33.81700
33.81600
33.81800
33.80600
33.81200
33.81400
33.81600
33.82300
33.81800
33.81100
33.81900
33.81600
33.83600
33.83500
33.82500
33.82000
33.82700
33.83700
33.83200
33.81700
33.81800
33.80700
33.80300
33.80400
33.79600
33.80500
33.81900
33.82300
33.83300
33.84000
33.83300
33.83800
33.83400
33.83600
33.84500
33.84700
33.84600
33.84500
33.85500
33.85900
33.86000
33.85700
33.86500
33.86300
33.86100
33.86900
33.86700
33.86900
33.86400
33.86500
33.87500
33.87100
33.87900
33.88100
33.88900
33.90000
33.90400
33.90300
33.90400
33.90100
33.91000
33.92500
33.93400
33.94500
33.95700
33.95800
33.95800
33.95800
33.96000
33.94900
33.93900
33.93900
33.94700
33.93900
33.94100
33.96800
33.99100
33.99800
33.98800
33.98700
33.99500
33.99200
33.98200
33.98300
34.00000
33.99900
34.00400
34.00100
34.01800
34.01500
34.01400
34.01000
34.01000
34.01500
34.01500
34.01400
34.01800
34.02500
34.02500
34.02300
34.03400
34.03000
34.01900
34.01800
34.02800
34.01900
34.02400
34.03600
34.04100
34.04600
34.04100
34.04200
34.03100
34.02800
34.02400
34.02900
34.04700
34.04500
34.04600
34.06100
34.05000
34.04800
34.05700
34.05900
34.06900
34.06600
34.05700
34.06200
34.06000
34.06900
34.08300
34.09600
34.08800
34.08600
34.10000
34.08000
34.08100
34.09100
34.10100
34.10500
34.10300
34.11000
34.11100
34.10900
34.11300
34.10900
34.10700
34.11100
34.10400
34.11400
34.11500
34.11500
34.11300
34.11600
34.11300
34.11300
34.11400
34.11400
34.10700
34.10400
34.10100
34.12000
34.12900
34.12500
34.12900
34.12800
34.11800
34.12200
34.12100
34.12300
34.11800
34.12500
34.12900
34.12700
34.12400
34.11800
34.12200
34.12100
34.12000
34.13200
34.12800
34.13300
34.13900
34.13700
34.14600
34.14400
34.14400
34.14400
34.13400
34.13700
34.14800
34.14700
34.14300
34.15000
34.15900
34.15700
34.16300
34.17000
34.17300
34.18000
34.18600
34.17900
34.17400
34.17000
34.16400
34.17800
34.19100
34.19100
34.19600
34.20000
34.19800
34.20200
34.20400
34.20700
34.20500
34.20300
34.20100
34.20700
34.21400
34.21600
34.21700
34.21900
34.21500
34.21400
34.20200
34.19800
34.20200
34.19700
34.19900
34.20400
34.19800
34.19000
34.19000
34.18800
34.18400
34.18600
34.18200
34.18200
34.18000
34.18300
34.18100
34.18100
34.17900
34.17600
34.17400
34.17900
34.17500
34.17300
34.17200
34.16300
34.15700
34.15900
34.15800
34.16300
34.16600
34.16400
34.16000
34.15600
34.15400
34.15100
34.15300
34.15200
34.15400
34.15000
34.14900
34.15100
34.14000
34.14500
34.14100
34.13800
34.14100
34.14400
34.14500
34.14100
34.13400
34.13000
34.12600
34.12400
34.12400
34.12600
34.13000
34.12900
34.13500
34.13200
34.12900
34.13100
34.13000
34.13300
34.12900
34.12700
34.13000
34.12600
34.12800
34.12600
34.11700
34.11700
34.11800
34.12100
34.12200
34.12100
34.12500
34.12000
34.11400
34.11800
34.12200
34.12300
34.12200
34.12900
34.12900
34.13000
34.13500
34.13600
34.14000
34.14200
34.14000
34.13900
34.14000
34.14000
34.14600
34.14800
34.14900
34.15000
34.14600
34.15200
34.14700
34.14300
34.15600
34.15600
34.15500
34.15500
34.15400
34.16400
34.16400
34.16000
34.16600
34.16200
34.16500
34.16400
34.17200
34.17500
34.17400
34.17500
34.17700
34.17400
34.17600
34.18000
34.18000
34.18100
34.18100
34.17300
34.17700
34.17500
34.16700
34.17000
34.17700
34.17800
34.18100
34.18500
34.18500
34.18700
34.19000
34.18800
34.19700
34.19600
34.19200
34.19300
34.19700
34.19400
34.20400
34.20900
34.21700
34.21100
34.21000
34.21000
34.21000
34.20000
34.20400
34.21600
34.21500
34.21900
34.22500
34.23200
34.23200
34.23500
34.23900
34.24100
34.24300
34.24500
34.24600
34.25700
34.25600
34.24800
34.24100
34.23400
34.23900
34.25100
34.25100
34.24900
34.25800
34.26600
34.26500
34.26300
34.26200
34.26200
34.26200
34.26600
34.26800
34.26400
34.26400
34.26000
34.26200
34.25400
34.25200
34.25000
34.25400
34.24800
34.25600
34.24400
34.24700
34.25700
34.25500
34.25500
34.25800
34.25700
34.25300
34.24900
34.24400
34.23900
34.25100
34.25600
34.25200
34.24800
34.24500
34.24400
34.23900
34.23800
34.23300
34.23500
34.23400
34.23100
34.22600
34.23300
34.23400
34.23500
34.24000
34.23700
34.24100
34.24200
34.24100
34.24200
34.24200
34.24800
34.25200
34.25100
34.24800
34.24900
34.25400
34.25500
34.25300
34.25200
34.25300
34.25200
34.25200
34.25600
34.26200
34.26200
34.26400
34.26500
34.26200
34.26200
34.26700
34.26900
34.26700
34.26400
34.26700
34.26800
34.26700
34.26700
34.26800
34.27000
34.26600
34.26700
34.26700
34.27000
34.26500
34.25900
34.26400
34.26000
34.26400
34.27100
34.27300
34.27200
34.26700
34.26400
34.26300
34.26300
34.25800
34.26100
34.26300
34.25900
34.25500
34.25800
34.25600
34.25000
34.24800
34.25200
34.24500
34.24400
34.23900
34.24200
34.24300
34.24100
34.23900
34.23900
34.24200
34.24500
34.24600
34.23900
34.23800
34.23800
34.23500
34.23400
34.23200
34.22900
34.22700
34.22500
34.22500
34.22100
34.21900
34.21500
34.21600
34.21300
34.21300
34.21600
34.21100
34.20600
34.20900
34.20100
34.20000
34.20000
34.19900
34.19600
34.19600
34.19000
34.19400
34.19600
34.19200
34.19200
34.19700
34.20000
34.20200
34.19800
34.20600
34.20700
34.20400
34.20300
34.20500
34.20800
34.20700
34.20600
34.20300
34.20700
34.20500
34.20900
34.20700
34.21000
34.21100
34.21800
34.22400
34.22200
34.22400
34.22400
34.22900
34.22800
34.22400
34.21700
34.22100
34.21500
34.21000
34.20700
34.20500
34.20300
34.20700
34.20200
34.20300
34.20200
34.20600
34.20300
34.20500
34.20700
34.20800
34.20900
34.20600
34.21200
34.20900
34.20800
34.20000
34.20400
34.20900
34.20800
34.21200
34.20700
34.20300
34.20100
34.19900
34.19600
34.19700
34.20100
34.20500
34.20300
34.20100
34.20000
34.19900
34.20100
34.20100
34.19800
34.19700
34.19000
34.18900
34.18300
34.18300
34.18400
34.18400
34.18800
34.18700
34.18300
34.18300
34.18200
34.18600
34.18600
34.18500
34.18100
34.17900
34.18100
34.17600
34.17400
34.17400
34.16600
34.16200
34.16700
34.16800
34.17000
34.16400
34.16300
34.16700
34.16400
34.16400
34.16500
34.16800
34.16800
34.16700
34.16600
34.16100
34.16200
34.16600
34.16400
34.16400
34.16900
34.16500
34.16500
34.16700
34.16800
34.17100
34.16400
34.17000
34.16600
34.17000
34.16800
34.16000
34.15900
34.15900
34.16200
34.16700
34.16800
34.17100
34.17700
34.17700
34.18400
34.18100
34.18400
34.18600
34.18600
34.19200
34.18600
34.19800
34.19800
34.19600
34.19700
34.20100
34.20300
34.20000
34.20300
34.20000
34.19800
34.20800
34.20700
34.21400
34.21900
34.22500
34.22600
34.22600
34.22300
34.22300
34.22300
34.22400
34.23000
34.22900
34.23100
34.23000
34.23000
34.22700
34.23200
34.22900
34.22800
34.22800
34.22700
34.22500
34.22000
34.21600
34.22000
34.22100
34.21800
34.21100
34.21000
34.20400
34.21200
34.21600
34.21300
34.20500
34.20100
34.19500
34.19300
34.19400
34.18800
34.18800
34.18500
34.18600
34.18600
34.18700
34.18800
34.18900
34.19600
34.19400
34.19700
34.19400
34.19600
34.19900
34.19300
34.19100
34.18700
34.18500
34.18200
34.18600
34.18200
34.17900
34.18100
34.17800
34.17600
34.18300
34.18200
34.18700
34.18700
34.18800
34.18400
34.17900
34.17900
34.18100
34.18300
34.17800
34.17600
34.18200
34.18200
34.18200
34.18100
34.17700
34.17600
34.17700
34.17500
34.17500
34.17500
34.17300
34.17400
34.17200
34.16800
34.16900
34.16600
34.16500
34.16300
34.16300
34.16200
34.16500
34.16400
34.16000
34.16100
34.15400
34.14900
34.15000
34.14400
34.14100
34.14000
34.14000
34.14000
34.14000
34.14100
34.14100
34.14200
34.13800
34.13600
34.13700
34.13800
34.13800
34.13700
34.13400
34.13200
34.13300
34.13400
34.13000
34.13100
34.13000
34.12700
34.12600
34.12600
34.12300
34.12200
34.12200
34.11900
34.11800
34.11900
34.11300
34.11500
34.11500
34.11800
34.11900
34.11900
34.11500
34.11600
34.11600
34.11600
34.11400
34.12200
34.12200
34.11900
34.12400
34.11800
34.11800
34.12200
34.12200
34.12300
34.12500
34.12500
34.12900
34.13500
34.13500
34.13600
34.13000
34.12900
34.12300
34.12000
34.11900
34.12100
34.11900
34.11800
34.12400
34.12200
34.11900
34.12200
34.11900
34.11900
34.11900
34.12100
34.12100
34.12500
34.12400
34.12000
34.11900
34.11400
34.11200
34.11500
34.11600
34.11700
34.12200
34.12000
34.12300
34.12500
34.12600
34.13000
34.13300
34.12900
34.12700
34.13000
34.13000
34.12900
34.13200
34.12900
34.12800
34.12800
34.12100
34.11700
34.11500
34.11600
34.11700
34.11600
34.12100
34.12200
34.12300
34.12300
34.12000
34.12900
34.13200
34.13300
34.13300
34.13600
34.13600
34.14200
34.13900
34.13800
34.14100
34.14000
34.13600
34.13800
34.13400
34.13500
34.13200
34.12700
34.12100
34.12200
34.12000
34.12300
34.12300
34.11600
34.11600
34.11000
34.10300
34.10500
34.10800
34.10800
34.10800
34.10800
34.10000
34.09700
34.09400
34.09400
34.09000
34.09000
34.08700
34.08800
34.08800
34.09100
34.08700
34.08600
34.08600
34.08800
34.08400
34.08300
34.08300
34.08100
34.08000
34.07900
34.07600
34.07300
34.07200
34.07200
34.07200
34.07500
34.06800
34.06700
34.06500
34.06700
34.06800
34.06900
34.07400
34.07100
34.07200
34.06800
34.06900
34.07000
34.07600
34.07000
34.07400
34.07300
34.07200
34.06500
34.06600
34.06600
34.06500
34.06300
34.06100
34.05800
34.05800
34.06000
34.05600
34.05300
34.05000
34.04700
34.04600
34.05100
34.04600
34.04600
34.04800
34.04400
34.04000
34.04000
34.04200
34.04900
34.04800
34.05300
34.05200
34.05100
34.05100
34.05300
34.05400
34.05200
34.05100
34.05200
34.05000
34.05100
34.04900
34.04700
34.04700
34.04600
34.05000
34.05000
34.04900
34.05000
34.04900
34.05100
34.05100
34.05300
34.05800
34.05500
34.05900
34.06000
34.06400
34.07100
34.06700
34.06900
34.06600
34.06900
34.07200
34.06600
34.06300
34.06500
34.06200
34.06200
34.06100
34.06100
34.06400
34.06500
34.06900
34.06800
34.07200
34.06900
34.07300
34.07500
34.07300
34.07300
34.07600
34.06700
34.06700
34.06200
34.06400
34.07000
34.06900
34.06600
34.06800
34.07300
34.07400
34.06900
34.07000
34.06900
34.06900
34.07000
34.07000
34.07400
34.07500
34.07700
34.07900
34.07800
34.07500
34.07300
34.07400
34.07700
34.07700
34.07600
34.07600
34.07300
34.07600
34.07400
34.07500
34.07400
34.07500
34.07700
34.07300
34.07300
34.07600
34.07500
34.06900
34.07300
34.07300
34.07200
34.07800
34.07600
34.07300
34.07300
34.07500
34.07200
34.07500
34.07400
34.07400
34.07500
34.07300
34.07100
34.07100
34.06700
34.06900
34.07000
34.07200
34.07100
34.07400
34.07400
34.07300
34.07300
34.07900
34.07500
34.07800
34.07400
34.07300
34.07500
34.07200
34.07000
34.07000
34.07100
34.07100
34.06600
34.06700
34.06500
34.06100
34.06300
34.06400
34.06600
34.06200
34.05800
34.05600
34.06100
34.05700
34.05400
34.05500
34.05500
34.05100
34.05200
34.05200
34.05100
34.04900
34.04800
34.04700
34.04600
34.04700
34.04200
34.03900
34.03900
34.03700
34.03400
34.03300
34.03300
34.03000
34.03000
34.03000
34.03000
34.03100
34.03200
34.03100
34.03200
34.03200
34.02800
34.02800
34.02400
34.02400
34.02000
34.01600
34.01600
34.01500
34.01400
34.01100
34.01000
34.00900
34.00800
34.00800
34.00300
34.00000
33.99900
34.00000
34.00100
33.99800
33.99900
34.00000
34.00200
34.00200
34.00000
33.99700
34.00100
33.99900
33.99500
33.99500
33.99700
33.99400
33.99300
33.99500
33.99400
33.99200
33.99300
33.99400
33.99100
33.99100
33.99700
33.99400
33.99200
33.99700
33.99500
33.99600
33.99500
33.99300
33.99600
33.99100
33.99100
33.99000
33.98700
33.99100
33.99100
33.98800
33.98700
33.98700
33.98500
33.98000
33.98400
33.98600
33.98600
33.99100
33.98800
33.98800
33.98800
33.98600
33.98600
33.98800
33.99000
33.98700
33.99000
33.98600
33.98400
33.98500
33.98700
33.98900
33.98800
33.98400
33.98500
33.98400
33.98500
33.98600
33.98800
33.98900
33.98500
33.98700
33.98800
33.98500
33.98600
33.98800
33.98400
33.98400
33.97700
33.97400
33.97700
33.97700
33.97500
33.97500
33.97600
33.97500
33.97400
33.97100
33.96800
33.96700
33.96400
33.96200
33.96300
33.96200
33.96000
33.96200
33.96100
33.95900
33.96200
33.96200
33.96300
33.96500
33.96500
33.96400
33.96500
33.96200
33.96000
33.95800
33.95600
33.95700
33.96400
33.96500
33.96600
33.96500
33.96600
33.96600
33.96200
33.96400
33.96200
33.96500
33.96600
33.96100
33.96000
33.96500
33.96400
33.96300
33.96000
33.95800
33.96000
33.96000
33.96000
33.96400
33.96300
33.96300
33.96500
33.96600
33.96300
33.96400
33.96300
33.96200
33.96000
33.95800
33.95400
33.96000
33.95900
33.95600
33.95700
33.95900
33.95600
33.95900
33.96000
33.95800
33.95600
33.95400
33.95300
33.95200
33.95300
33.95100
33.95400
33.95300
33.95500
33.95500
33.95600
33.95400
33.95500
33.95400
33.95100
33.95400
33.95200
33.94900
33.94800
33.94900
33.94400
33.94300
33.94300
33.94100
33.94000
33.94400
33.94300
33.94500
33.94600
33.94700
33.94500
33.94500
33.93800
33.94100
33.94300
33.94100
33.93800
33.93600
33.93600
33.93900
33.94300
33.94200
33.93900
33.94000
33.93700
33.93700
33.93800
33.94000
33.93900
33.93700
33.93700
33.93600
33.93500
33.93500
33.93600
33.93500
33.93300
33.93500
33.93600
33.93400
33.93300
33.93400
33.93300
33.93400
33.93500
33.93000
33.92700
33.92700
33.92700
33.92700
33.92300
33.92400
33.92000
33.91900
33.91900
33.91800
33.91800
33.91500
33.91500
33.91500
33.91400
33.90800
33.90400
33.90600
33.90600
33.90700
33.90700
33.90700
33.90600
33.90800
33.90700
33.90300
33.89900
33.89700
33.90000
33.89700
33.89800
33.89700
33.90100
33.89900
33.89700
33.89800
33.89800
33.89700
33.89800
33.89600
33.89700
33.89400
33.89100
33.89300
33.89300
33.89000
33.88900
33.88700
33.88500
33.88400
33.88200
33.88000
33.88100
33.88100
33.88200
33.88500
33.88700
33.88700
33.88500
33.88300
33.88300
33.88500
33.88700
33.88700
33.88300
33.88300
33.88400
33.88700
33.88700
33.88400
33.88200
33.88100
33.88000
33.88000
33.87900
33.87700
33.87800
33.87700
33.87700
33.87600
33.87900
33.87400
33.87300
33.87400
33.87300
33.87200
33.87200
33.87100
33.87400
33.87500
33.87300
33.87300
33.87000
33.86700
33.86600
33.86800
33.86900
33.86700
33.86500
33.86500
33.86200
33.86200
33.85800
33.85700
33.85800
33.85900
33.85700
33.85400
33.85200
33.85400
33.85300
33.85200
33.85200
33.85300
33.84900
33.84800
33.84700
33.84500
33.84500
33.84600
33.84200
33.84100
33.83900
33.84000
33.83800
33.83800
33.84100
33.84000
33.83700
33.83400
33.84000
33.84100
33.84000
33.84000
33.83900
33.84300
33.84200
33.84100
33.84100
33.83900
33.83800
33.83700
33.83700
33.83900
33.83700
33.83800
33.84100
33.84000
33.83800
33.84000
33.84100
33.84000
33.84200
33.84100
33.84000
33.84200
33.84200
33.84200
33.84400
33.84500
33.84500
33.84500
33.84100
33.84200
33.84000
33.83900
33.84100
33.83900
33.83700
33.83900
33.83800
33.83700
33.83700
33.83700
33.84000
33.83700
33.84000
33.83800
33.83800
33.83900
33.84000
33.83800
33.84000
33.84300
33.84600
33.84900
33.85100
33.84900
33.85100
33.84900
33.84900
33.84800
33.84700
33.85000
33.85100
33.84900
33.84600
33.84300
33.84200
33.84700
33.84800
33.84800
33.85100
33.85000
33.84800
33.85200
33.85500
33.85300
33.85200
33.85400
33.85600
33.85800
33.85500
33.85500
33.85500
33.85400
33.85300
33.85300
33.85500
33.85700
33.85600
33.85800
33.85600
33.85900
33.85900
33.85700
33.85800
33.85800
33.86100
33.85800
33.86000
33.86000
33.86000
33.85900
33.85800
33.85900
33.85900
33.86100
33.86200
33.85800
33.85500
33.85300
33.85400
33.85300
33.85200
33.85300
33.85400
33.85600
33.85700
33.85700
33.85700
33.85600
33.86000
33.86300
33.86400
33.86600
33.86600
33.86900
33.87100
33.87500
33.87000
33.86900
33.87100
33.87300
33.87500
33.87400
33.87400
33.87500
33.87400
33.87300
33.87200
33.87300
33.86800
33.86900
33.87000
33.87000
33.87100
33.87100
33.87000
33.86700
33.86600
33.87000
33.86900
33.86400
33.86400
33.86100
33.86100
33.86200
33.86200
33.85700
33.86000
33.86500
33.86200
33.86300
33.86000
33.85900
33.86100
33.86000
33.86000
33.86300
33.86900
33.86800
33.86800
33.87100
33.87000
33.87200
33.87300
33.87100
33.87300
33.87500
33.87600
33.88000
33.88200
33.88100
33.87900
33.87900
33.87700
33.88000
33.88000
33.87800
33.87600
33.88200
33.87900
33.88000
33.88000
33.88000
33.88000
33.88300
33.88200
33.87900
33.87700
33.87900
33.87700
33.87300
33.87400
33.87800
33.87300
33.87300
33.87000
33.86800
33.86800
33.87000
33.87100
33.87000
33.87300
33.87600
33.87400
33.87400
33.87300
33.87300
33.87500
33.87600
33.87500
33.87500
33.87900
33.87800
33.88000
33.87900
33.88000
33.88000
33.88000
33.87700
33.87700
33.87700
33.87700
33.87600
33.87500
33.87900
33.87700
33.87900
33.88000
33.88200
33.88700
33.88500
33.88500
33.88300
33.88400
33.88300
33.88200
33.88200
33.88400
33.88400
33.88500
33.88700
33.88500
33.88800
33.89200
33.89400
33.89300
33.89700
33.89900
33.90000
33.90200
33.90800
33.90400
33.90400
33.90300
33.90600
33.90600
33.91000
33.91000
33.91300
33.91300
33.91100
33.91500
33.91700
33.91700
33.91800
33.92100
33.91900
33.92200
33.92200
33.91700
33.92300
33.92500
33.92500
33.92700
33.92300
33.92300
33.92600
33.92800
33.92900
33.92700
33.92500
33.92500
33.92300
33.92300
33.92800
33.92300
33.92000
33.91900
33.91900
33.91700
33.91800
33.92000
33.92300
33.92000
33.92100
33.92100
33.92000
33.91900
33.92600
33.92500
33.92600
33.92300
33.92200
33.92600
33.92800
33.93200
33.93200
33.93000
33.93100
33.93100
33.93300
33.94000
33.93900
33.94100
33.94400
33.94400
33.94200
33.94300
33.94300
33.94100
33.94400
33.94400
33.95100
33.95000
33.94800
33.94500
33.94300
33.94400
33.94300
33.94300
33.94300
33.94300
33.94400
33.95000
33.95100
33.95000
33.94900
33.95200
33.95100
33.95000
33.95200
33.95100
33.95200
33.95100
33.95100
33.95200
33.95100
33.95400
33.95500
33.95600
33.95600
33.96000
33.96300
33.96100
33.96000
33.96000
33.95900
33.95800
33.95900
33.96000
33.95800
33.95900
33.96400
33.96300
33.96200
33.96100
33.96100
33.96500
33.96200
33.96000
33.95900
33.96100
33.96200
33.96100
33.96000
33.95900
33.95600
33.95500
33.95700
33.95700
33.95700
33.95700
33.95900
33.95500
33.95400
33.95500
33.95900
33.96100
33.96600
33.96500
33.96500
33.96300
33.96200
33.96400
33.96300
33.96300
33.96300
33.96200
33.96100
33.95900
33.95800
33.95900
33.96100
33.96200
33.95900
33.95700
33.95900
33.96000
33.96000
33.96000
33.96200
33.96000
33.96100
33.95900
33.96100
33.96200
33.96300
33.96100
33.96400
33.96300
33.96300
33.96200
33.96200
33.96000
33.96300
33.96200
33.96100
33.96200
33.96300
33.96100
33.96200
33.96300
33.96200
33.96300
33.96200
33.96100
33.96300
33.96400
33.96400
33.96200
33.96200
33.96300
33.96600
33.96500
33.96600
33.96500
33.96500
33.95900
33.96300
33.96000
33.96100
33.96100
33.96000
33.96100
33.96400
33.96200
33.96200
33.96100
33.96200
33.96100
33.96000
33.95900
33.96000
33.96000
33.96000
33.95700
33.95800
33.95900
33.95800
33.95900
33.96200
33.95900
33.95800
33.95600
33.95300
33.95300
33.95400
33.95600
33.95700
33.95800
33.95900
33.95700
33.95800
33.95900
33.96100
33.96300
33.96400
33.96600
33.96700
33.96600
33.96500
33.96500
33.96200
33.96100
33.95900
33.95900
33.96300
33.96400
33.96500
33.96600
33.96800
33.96800
33.96800
33.96800
33.96900
33.96800
33.96800
33.97100
33.97000
33.96700
33.96700
33.96500
33.96300
33.96300
33.96400
33.96300
33.96400
33.96600
33.96800
33.96600
33.96600
33.96800
33.96600
33.96500
33.96400
33.96400
33.96300
33.96400
33.96200
33.96200
33.96000
33.95800
33.95900
33.96200
33.96100
33.96000
33.96000
33.95900
33.95600
33.95600
33.95700
33.96100
33.96000
33.96300
33.96200
33.96100
33.95800
33.95800
33.95800
33.95900
33.95700
33.95700
33.96000
33.95900
33.95700
33.95400
33.95400
33.95600
33.95700
33.95700
33.95600
33.95400
33.95400
33.95300
33.95500
33.95400
33.95500
33.95400
33.95300
33.95500
33.95500
33.95400
33.95500
33.95500
33.95400
33.95300
33.95100
33.95300
33.95300
33.94800
33.94800
33.94800
33.95000
33.94800
33.95100
33.94900
33.95100
33.95100
33.95200
33.95100
33.95100
33.95100
33.94900
33.95200
33.95300
33.95500
33.95700
33.95700
33.95500
33.95800
33.95700
33.95500
33.95300
33.95200
33.95200
33.95500
33.95500
33.95500
33.95700
33.95700
33.95700
33.95900
33.95900
33.95900
33.95900
33.95800
33.95700
33.95900
33.95800
33.95900
33.96100
33.96000
33.95900
33.95900
33.96000
33.96100
33.96400
33.96100
33.96200
33.96100
33.96000
33.96100
33.96200
33.96400
33.96100
33.96500
33.96400
33.96200
33.96000
33.95900
33.96000
33.96200
33.96200
33.96000
33.95700
33.95600
33.95800
33.96000
33.95900
33.95500
33.95800
33.95800
33.95600
33.95800
33.95900
33.96000
33.96000
33.95900
33.96000
33.96000
33.96000
33.95900
33.95800
33.96000
33.95800
33.95700
33.95600
33.95400
33.95600
33.95800
33.95600
33.95600
33.95600
33.95500
33.95300
33.95300
33.95300
33.95300
33.95300
33.95400
33.95100
33.95000
33.95100
33.95100
33.95200
33.95200
33.95200
33.95300
33.95100
33.95100
33.94900
33.94800
33.94800
33.94500
33.94500
33.94400
33.94300
33.94400
33.94100
33.94100
33.94100
33.94200
33.94200
33.93800
33.93700
33.93600
33.93500
33.93400
33.93200
33.93200
33.93100
33.93100
33.92700
33.92500
33.92700
33.92500
33.92500
33.92300
33.92200
33.92000
33.92000
33.92000
33.91900
33.92000
33.92000
33.91900
33.92100
33.92000
33.91800
33.91700
33.91500
33.91200
33.91000
33.91100
33.91200
33.91300
33.91300
33.91000
33.91100
33.91000
33.90900
33.90700
33.90500
33.90400
33.90200
33.90100
33.89800
33.89600
33.89800
33.89800
33.89700
33.89600
33.89600
33.89600
33.89900
33.89900
33.89600
33.89500
33.89200
33.89400
33.89400
33.89300
33.89000
33.88800
33.88700
33.88500
33.88500
33.88400
33.88700
33.88400
33.88600
33.88700
33.89000
33.89000
33.89100
33.89100
33.89200
33.88700
33.88500
33.88600
33.88600
33.88700
33.88600
33.89000
33.88800
33.88900
33.88800
33.89200
33.89300
33.89100
33.89100
33.89200
33.89300
33.89600
33.89300
33.89300
33.89400
33.89300
33.89200
33.88900
33.88900
33.89100
33.89200
33.89200
33.89600
33.89700
33.89500
33.89400
33.89400
33.89300
33.89400
33.89100
33.88900
33.89000
33.89000
33.89200
33.89200
33.89500
33.89300
33.89300
33.89300
33.89200
33.89300
33.89400
33.89300
33.89200
33.89200
33.88900
33.89000
33.89000
33.89200
33.89100
33.88900
33.88500
33.88200
33.88300
33.88100
33.88100
33.88100
33.88000
33.88000
33.88200
33.88100
33.88000
33.88200
33.88100
33.87900
33.87900
33.87600
33.87700
33.87700
33.87600
33.87800
33.87800
33.87600
33.87500
33.87500
33.87500
33.87500
33.87300
33.86900
33.86600
33.86600
33.86500
33.86600
33.86400
33.86200
33.86100
33.87600
33.88800
33.89000
33.88900
33.88700
33.89800
33.89800
33.89800
33.92400
33.94100
33.95300
33.96700
33.98000
33.98100
33.98200
34.05300
34.07700
34.07700
34.09400
34.09200
34.10800
34.12100
34.11900
34.12000
34.13200
34.15900
34.15700
34.17000
34.17200
34.18500
34.19900
34.19800
34.22700
34.23700
34.25200
34.27700
34.27800
34.29200
34.28900
34.31500
34.34000
34.35000
34.34900
34.37600
34.38800
34.41600
34.42700
34.43600
34.43600
34.46000
34.45900
34.46000
34.48500
34.48500
34.51100
34.55900
34.55900
34.55900
34.55800
34.56800
34.58400
34.60500
34.60700
34.60600
34.62000
34.63300
34.64300
34.66700
34.67700
34.69900
34.69900
34.71100
34.71100
34.72400
34.74900
34.76300
34.78300
34.79800
34.81000
34.81000
34.81000
34.82400
34.85600
34.85200
34.86100
34.87000
34.89000
34.89800
34.90800
34.93000
34.92900
34.92900
34.94300
34.96400
35.00200
35.00800
35.00800
35.02000
35.03400
35.03400
35.06600
35.06500
35.06400
35.07600
35.07700
35.09800
35.10800
35.12800
35.12900
35.14700
35.14700
35.15000
35.15900
35.15900
35.17200
35.17900
35.18000
35.18100
35.20200
35.20000
35.20900
35.22100
35.22100
35.23000
35.25200
35.24900
35.26000
35.28100
35.29000
35.29800
35.29900
35.29600
35.29600
35.29400
35.29300
35.30500
35.31400
35.32100
35.33200
35.33200
35.34100
35.36100
35.36200
35.37200
35.37000
35.38200
35.38000
35.38100
35.38200
35.38300
35.40000
35.40200
35.39800
35.39900
35.40400
35.40300
35.40400
35.40900
35.40900
35.40700
35.41600
35.41700
35.41500
35.41600
35.41600
35.41600
35.42700
35.42800
35.42900
35.42500
35.42800
35.43000
35.43000
35.43200
35.43600
35.43600
35.44000
35.44400
35.44800
35.44500
35.44400
35.44200
35.44000
35.44200
35.44700
35.45100
35.45500
35.45500
35.45400
35.46100
35.46300
35.46400
35.46500
35.47400
35.47400
35.47500
35.47300
35.47900
35.48300
35.48300
35.48600
35.48800
35.49800
35.49800
35.49900
35.50600
35.50700
35.51200
35.51600
35.51600
35.51700
35.52400
35.52600
35.52400
35.53300
35.53500
35.54100
35.54500
35.54300
35.54900
35.55100
35.54900
35.55000
35.55400
35.56000
35.56400
35.56800
35.56800
35.56700
35.57000
35.57600
35.57800
35.57900
35.57800
35.58400
35.58900
35.59200
35.60200
35.60200
35.60100
35.60700
35.61200
35.61000
35.61200
35.61000
35.61000
35.61600
35.61500
35.61200
35.61300
35.62300
35.62200
35.62800
35.62800
35.62900
35.63300
35.63500
35.63800
35.63800
35.64500
35.65200
35.65600
35.65500
35.65600
35.65800
35.66700
35.66900
35.67200
35.67400
35.67700
35.68300
35.68200
35.68700
35.69200
35.69300
35.69300
35.69400
35.69300
35.69700
35.70200
35.70800
35.70900
35.70900
35.71100
35.71000
35.72300
35.72400
35.72700
35.73200
35.73400
35.73300
35.74000
35.74500
35.74600
35.75800
35.76000
35.76400
35.76400
35.76400
35.76400
35.76400
35.76300
35.76400
35.76300
35.76600
35.77300
35.77400
35.77600
35.78000
35.78300
35.78400
35.79300
35.79400
35.79500
35.79500
35.79500
35.79500
35.79400
35.79200
35.79300
35.79200
35.79100
35.79300
35.79900
35.80200
35.80600
35.80700
35.80900
35.81300
35.81300
35.81600
35.81600
35.81500
35.81600
35.81200
35.81300
35.81600
35.82000
35.81900
35.82400
35.82300
35.82700
35.82900
35.82900
35.82900
35.83000
35.83300
35.83400
35.83500
35.83500
35.83900
35.83900
35.83800
35.84100
35.83900
35.84300
35.84500
35.84500
35.84800
35.84900
35.84800
35.85000
35.85100
35.85000
35.85100
35.85300
35.85600
35.85800
35.85800
35.86100
35.86200
35.87100
35.87100
35.87200
35.87400
35.87500
35.87800
35.87900
35.87800
35.87900
35.87700
35.88000
35.88300
35.88200
35.88200
35.88600
35.89100
35.89000
35.89600
35.89500
35.89700
35.90200
35.90100
35.90200
35.90200
35.90500
35.90400
35.90400
35.90600
35.90600
35.90300
35.90400
35.90800
35.91000
35.91500
35.91100
35.91300
35.90800
35.90800
35.90800
35.91100
35.91100
35.91100
35.91400
35.91400
35.91400
35.91500
35.91100
35.91600
35.91900
35.92000
35.92100
35.92300
35.92400
35.92000
35.92500
35.92400
35.92400
35.92700
35.92500
35.92400
35.92600
35.92400
35.92600
35.92400
35.92300
35.92300
35.92400
35.92300
35.92100
35.92200
35.92000
35.91900
35.91800
35.91800
35.92000
35.92100
35.92100
35.92300
35.92500
35.92500
35.92400
35.92500
35.92500
35.92500
35.92700
35.93200
35.93100
35.92700
35.92700
35.92800
35.92900
35.93100
35.93000
35.93000
35.93100
35.93100
35.92900
35.92900
35.93000
35.93300
35.93200
35.93300
35.93200
35.93000
35.93000
35.92600
35.92400
35.92300
35.92400
35.92600
35.92800
35.92700
35.92700
35.92500
35.92800
35.92500
35.92300
35.92400
35.92400
35.92400
35.92300
35.92500
35.92700
35.92500
35.92400
35.92300
35.92100
35.92500
35.92600
35.92300
35.92400
35.92300
35.92500
35.92200
35.92400
35.92500
35.92500
35.92400
35.92200
35.92300
35.92200
35.92000
35.91900
35.91900
35.91600
35.92000
35.92100
35.92000
35.91900
35.92000
35.91900
35.91700
35.91600
35.91800
35.91900
35.91800
35.91700
35.91800
35.91700
35.92100
35.92000
35.92000
35.92300
35.92100
35.92200
35.92300
35.92700
35.92400
35.92900
35.92900
35.92900
35.92800
35.93000
35.92900
35.93400
35.93000
35.92800
35.93000
35.93000
35.92900
35.93400
35.93400
35.93200
35.93200
35.93400
35.93100
35.93500
35.93300
35.93300
35.93400
35.93400
35.93500
35.94100
35.93600
35.93700
35.93900
35.93700
35.93700
35.93900
35.94000
35.94200
35.94300
35.94800
35.94900
35.95400
35.95500
35.95500
35.95500
35.96000
35.96200
35.96400
35.96600
35.96800
35.96400
35.96500
35.96500
35.96400
35.96300
35.96300
35.96100
35.96200
35.96100
35.96400
35.96200
35.96200
35.96000
35.96400
35.96300
35.96200
35.96100
35.96200
35.96000
35.96200
35.96300
35.96000
35.96100
35.96300
35.96400
35.96800
35.96600
35.97000
35.97000
35.96800
35.96700
35.96800
35.96700
35.96700
35.96800
35.97000
35.97000
35.96900
35.96900
35.97000
35.96900
35.97300
35.97600
35.97500
35.97400
35.97300
35.97200
35.97200
35.97000
35.97200
35.97200
35.97000
35.96900
35.96700
35.96800
35.96900
35.96900
35.96800
35.96900
35.97000
35.97000
35.97000
35.97100
35.97300
35.97500
35.97500
35.98000
35.98300
35.98300
35.98400
35.98400
35.98700
35.98700
35.98900
35.98600
35.98600
35.98600
35.98500
35.98400
35.98300
35.98400
35.98400
35.98300
35.98300
35.98000
35.98000
35.98100
35.98300
35.97900
35.98000
35.98300
35.98300
35.98600
35.98800
35.99100
35.99200
35.99400
35.99200
35.99100
35.99100
35.99300
35.99200
35.99300
35.99500
35.99400
35.99500
35.99700
35.99900
36.00000
36.00000
36.00200
36.00200
36.00300
36.00300
36.00300
36.00100
35.99800
36.00200
36.00000
35.99800
36.00200
36.00100
36.00100
36.00200
36.00200
36.00200
36.00000
36.00000
36.00300
36.00400
36.00300
36.00100
36.00100
36.00000
36.00000
36.00400
36.00600
36.00400
36.00700
36.00600
36.00500
36.00700
36.00700
36.00800
36.00700
36.00400
36.00600
36.00600
36.00800
36.00800
36.01000
36.01000
36.00900
36.00900
36.00800
36.00800
36.00800
36.00500
36.00500
36.00700
36.00600
36.00500
36.00700
36.00500
36.00200
36.00400
36.00200
36.00300
36.00100
35.99900
36.00000
36.00000
35.99700
35.99600
35.99700
35.99900
35.99700
35.99700
35.99400
35.99400
35.99600
35.99700
35.99400
35.99400
35.99500
35.99500
35.99700
35.99700
35.99800
35.99700
35.99500
35.99400
35.99700
35.99500
35.99600
35.99900
35.99700
35.99600
35.99700
35.99700
35.99600
35.99800
36.00100
35.99700
35.99700
35.99800
35.99700
35.99700
35.99800
35.99600
35.99300
35.99400
35.99200
35.99100
35.99300
35.99200
35.99300
35.99200
35.99600
35.99300
35.99200
35.99300
35.99300
35.99300
35.99300
35.99200
35.99200
35.99200
35.99100
35.99300
35.99000
35.99000
35.98900
35.98900
35.99000
35.99200
35.99100
35.99100
35.99000
35.99100
35.99000
35.99000
35.98900
35.98900
35.98900
35.98900
35.98900
35.98700
35.98700
35.98900
35.98900
35.98800
35.98700
35.98700
35.98500
35.98500
35.98500
35.98500
35.98400
35.98500
35.98300
35.98200
35.98400
35.98100
35.98300
35.98000
35.97800
35.97800
35.97800
35.97900
35.97700
35.97800
35.97800
35.97400
35.97400
35.97500
35.97400
35.97100
35.97000
35.97200
35.97000
35.97100
35.97100
35.97000
35.97300
35.97300
35.97500
35.97100
35.97200
35.97100
35.97200
35.97200
35.97400
35.97300
35.97300
35.97200
35.97300
35.97300
35.97200
35.97200
35.97200
35.97400
35.97200
35.96900
35.96900
35.96700
35.96500
35.96700
35.96400
35.96600
35.96500
35.96800
35.96800
35.97000
35.96800
35.96800
35.97000
35.97000
35.97000
35.97000
35.97300
35.97200
35.97100
35.97200
35.97300
35.97100
35.97300
35.97300
35.97200
35.97200
35.97300
35.97300
35.97100
35.97000
35.97100
35.97200
35.96900
35.97000
35.97100
35.96800
35.96900
35.96800
35.96700
35.97000
35.96600
35.96200
35.96500
35.96200
35.96100
35.96300
35.96200
35.96300
35.96300
35.96000
35.95900
35.95800
35.95600
35.95600
35.95800
35.95800
35.95800
35.95600
35.95600
35.95500
35.95500
35.95600
35.95400
35.95500
35.95400
35.95400
35.95300
35.95100
35.95100
35.95200
35.94900
35.94900
35.94900
35.95000
35.95000
35.95000
35.94700
35.94700
35.95100
35.95100
35.95300
35.95100
35.95100
35.95000
35.95000
35.95100
35.94900
35.94900
35.95000
35.95100
35.95400
35.95400
35.95200
35.95100
35.95200
35.95000
35.94800
35.95000
35.95000
35.94700
35.94500
35.94500
35.94500
35.94400
35.94400
35.94400
35.94200
35.93800
35.93900
35.94200
35.93900
35.93900
35.93900
35.94000
35.94000
35.93800
35.93500
35.93500
35.93200
35.93200
35.93200
35.93000
35.92900
35.92700
35.92800
35.92600
35.92500
35.92400
35.92300
35.92400
35.92500
35.92500
35.92500
35.92300
35.92200
35.92000
35.92000
35.92100
35.92000
35.92100
35.92100
35.92000
35.92300
35.92300
35.92200
35.92300
35.92400
35.92200
35.92000
35.91700
35.91900
35.91900
35.91900
35.91600
35.91700
35.91700
35.91500
35.91500
35.91500
35.91200
35.91200
35.91300
35.91200
35.91100
35.91300
35.91100
35.90900
35.90600
35.90600
35.90600
35.90400
35.90300
35.90000
35.89700
35.89800
35.89900
35.89900
35.89800
35.89900
35.90000
35.89900
35.89800
35.89700
35.89600
35.89700
35.89700
35.89700
35.89700
35.89700
35.89600
35.89700
35.89600
35.89300
35.89300
35.89400
35.89300
35.89100
35.89100
35.89000
35.88900
35.88900
35.88700
35.88500
35.88500
35.88500
35.88500
35.88500
35.88500
35.88500
35.88300
35.88100
35.88200
35.88000
35.88200
35.88500
35.88700
35.88600
35.88400
35.88500
35.88400
35.88400
35.88600
35.88500
35.88100
35.87800
35.87700
35.87800
35.88000
35.87900
35.87900
35.87800
35.87800
35.88000
35.87900
35.87600
35.87500
35.87400
35.87400
35.87200
35.87200
35.87300
35.87200
35.87200
35.87400
35.87300
35.87300
35.87100
35.87000
35.87000
35.86800
35.86800
35.86900
35.86800
35.86600
35.86500
35.86400
35.86700
35.86600
35.86400
35.86500
35.86500
35.86200
35.86200
35.86200
35.86200
35.86100
35.86200
35.86000
35.85900
35.85900
35.85800
35.85800
35.85600
35.85600
35.85600
35.85600
35.85500
35.85500
35.85600
35.85400
35.85200
35.85400
35.85400
35.85300
35.85400
35.85400
35.85600
35.85500
35.85400
35.85400
35.85200
35.85200
35.85100
35.85000
35.84800
35.84700
35.84600
35.84500
35.84600
35.84600
35.84500
35.84600
35.84600
35.84600
35.84600
35.84800
35.84800
35.85000
35.84900
35.84800
35.85100
35.84900
35.84900
35.85100
35.84900
35.84800
35.85100
35.85100
35.85100
35.84800
35.84800
35.84700
35.84600
35.84700
35.84700
35.84800
35.85000
35.85000
35.85000
35.85100
35.84800
35.84800
35.84800
35.84800
35.84700
35.84900
35.85000
35.84900
35.84800
35.84800
35.85200
35.85200
35.85100
35.85400
35.85300
35.85500
35.85500
35.85300
35.85100
35.84900
35.85000
35.85100
35.85000
35.84900
35.84800
35.84600
35.84700
35.84300
35.84400
35.84400
35.84500
35.84300
35.84300
35.84300
35.84200
35.84100
35.84100
35.84000
35.84000
35.83700
35.83700
35.83800
35.83700
35.83700
35.83600
35.83600
35.83500
35.83300
35.83400
35.83300
35.83200
35.82900
35.82800
35.82800
35.82900
35.83000
35.83000
35.83000
35.82700
35.82400
35.82500
35.82600
35.82400
35.82500
35.82600
35.82900
35.82800
35.82900
35.83000
35.82900
35.82700
35.82800
35.82900
35.82800
35.82800
35.82800
35.82600
35.82700
35.82700
35.82600
35.82500
35.82600
35.82400
35.82400
35.82500
35.82500
35.82900
35.82800
35.82500
35.82500
35.82600
35.82400
35.82400
35.82600
35.82500
35.82500
35.82400
35.82400
35.82600
35.82300
35.82200
35.82500
35.82500
35.82600
35.82600
35.82600
35.82600
35.82700
35.82800
35.82700
35.82800
35.82700
35.82800
35.82600
35.82400
35.82300
35.82200
35.82000
35.82000
35.81900
35.82000
35.81900
35.82000
35.82000
35.81800
35.82000
35.82200
35.82200
35.82400
35.82400
35.82400
35.82300
35.82400
35.82300
35.82100
35.82100
35.82300
35.82400
35.82500
35.82300
35.82300
35.82100
35.82200
35.82100
35.82100
35.82000
35.82100
35.82300
35.82300
35.82100
35.81800
35.81900
35.81700
35.81800
35.81700
35.81600
35.81600
35.81600
35.81300
35.81300
35.81100
35.80800
35.80800
35.80600
35.80700
35.80700
35.80600
35.80400
35.80400
35.80400
35.80300
35.80300
35.80100
35.80400
35.80600
35.80400
35.80300
35.80000
35.80000
35.80100
35.79900
35.79800
35.79800
35.79600
35.79700
35.79700
35.79900
35.79700
35.79700
35.79500
35.79400
35.79300
35.79600
35.79400
35.79500
35.79700
35.79400
35.79300
35.79300
35.79200
35.79000
35.79000
35.78900
35.78900
35.78900
35.79000
35.78600
35.78600
35.78500
35.78500
35.78500
35.78500
35.78500
35.78600
35.78500
35.78500
35.78200
35.78600
35.78800
35.78800
35.78800
35.78900
35.78900
35.78700
35.78500
35.78500
35.78400
35.78600
35.78600
35.78300
35.78300
35.78300
35.78300
35.78500
35.78400
35.78300
35.78400
35.78300
35.78200
35.78300
35.78300
35.78200
35.78100
35.78300
35.78500
35.78500
35.78100
35.78000
35.78000
35.77600
35.77600
35.77500
35.77500
35.77900
35.77800
35.77600
35.77300
35.77300
35.77200
35.77200
35.77100
35.77200
35.77300
35.76900
35.76700
35.76500
35.76500
35.76200
35.76400
35.76500
35.76900
35.76900
35.76900
35.76600
35.76500
35.76500
35.76700
35.76700
35.76700
35.76700
35.76700
35.76700
35.76900
35.76800
35.76700
35.76800
35.76900
35.76800
35.76800
35.76500
35.76500
35.76600
35.76600
35.76300
35.76400
35.76300
35.76200
35.76000
35.76100
35.76200
35.76000
35.75800
35.75700
35.75700
35.75700
35.75700
35.75800
35.75600
35.75500
35.75400
35.75400
35.75400
35.75400
35.75200
35.75300
35.75100
35.75100
35.75100
35.75000
35.74900
35.74900
35.74800
35.74900
35.74700
35.74700
35.74600
35.74300
35.74400
35.74400
35.74200
35.74200
35.74100
35.74200
35.74300
35.74200
35.74100
35.74200
35.74200
35.74000
35.74200
35.74100
35.74100
35.74200
35.74300
35.74100
35.73900
35.73800
35.73800
35.73500
35.73400
35.73400
35.73200
35.73200
35.73200
35.73100
35.73000
35.72700
35.72800
35.72700
35.72500
35.72500
35.72200
35.72100
35.72200
35.72200
35.72200
35.72100
35.72200
35.72100
35.72100
35.72000
35.72000
35.72000
35.72000
35.72000
35.72000
35.72000
35.71900
35.71900
35.71600
35.71500
35.71500
35.71400
35.71400
35.71600
35.71600
35.71700
35.71400
35.71400
35.71500
35.71700
35.71500
35.71600
35.71400
35.71500
35.71500
35.71400
35.71300
35.71000
35.71100
35.71100
35.71100
35.71300
35.71000
35.70900
35.70800
35.71000
35.70600
35.70500
35.70500
35.70300
35.70200
35.69900
35.69900
35.69800
35.69500
35.69700
35.69700
35.69600
35.69600
35.69600
35.69500
35.69300
35.69200
35.69100
35.69200
35.69300
35.69400
35.69300
35.69300
35.69400
35.69400
35.69400
35.69500
35.69500
35.69400
35.69400
35.69200
35.69100
35.69200
35.69100
35.69200
35.69200
35.69100
35.69000
35.68900
35.68900
35.68800
35.69000
35.68900
35.68600
35.68700
35.68500
35.68400
35.68500
35.68300
35.68200
35.68300
35.68300
35.68300
35.68300
35.68300
35.68300
35.68300
35.68200
35.68100
35.67900
35.67800
35.67800
35.68000
35.68200
35.68100
35.68000
35.68000
35.67700
35.67600
35.67600
35.67600
35.67500
35.67500
35.67700
35.67600
35.67700
35.67800
35.67700
35.67900
35.67800
35.67800
35.67900
35.67900
35.67800
35.67900
35.67900
35.67900
35.67800
35.67600
35.67200
35.67600
35.67600
35.67600
35.67300
35.67300
35.67200
35.67400
35.67300
35.67200
35.67100
35.67000
35.67000
35.67000
35.66900
35.66800
35.66800
35.66400
35.66300
35.66100
35.66100
35.66100
35.66300
35.66200
35.66000
35.66000
35.65800
35.65700
35.65800
35.65700
35.65400
35.65500
35.65500
35.65600
35.65500
35.65300
35.65400
35.65500
35.65500
35.65600
35.65400
35.65300
35.65500
35.65400
35.65600
35.65300
35.65200
35.65200
35.65300
35.65400
35.65300
35.65400
35.65400
35.65400
35.65400
35.65100
35.65000
35.65100
35.65000
35.65000
35.65100
35.65100
35.65200
35.65200
35.65300
35.65400
35.65600
35.65500
35.65600
35.65400
35.65500
35.65200
35.65100
35.65100
35.65000
35.65100
35.65000
35.65000
35.64800
35.64800
35.64700
35.64700
35.64600
35.64500
35.64400
35.64500
35.64400
35.64300
35.64200
35.64000
35.63900
35.63800
35.63700
35.63700
35.63700
35.63500
35.63400
35.63300
35.63300
35.63300
35.63300
35.63300
35.63400
35.63400
35.63000
35.63000
35.62900
35.62800
35.62800
35.62900
35.62800
35.62600
35.62500
35.62300
35.62200
35.62200
35.62000
35.62100
35.62200
35.62200
35.62300
35.62100
35.62100
35.62300
35.62200
35.62200
35.62000
35.61900
35.61900
35.61700
35.61800
35.61600
35.61600
35.61600
35.61400
35.61400
35.61200
35.61300
35.61200
35.61200
35.61100
35.61200
35.61000
35.61000
35.61000
35.60900
35.60800
35.61000
35.61100
35.61100
35.61200
35.61100
35.61000
35.61200
35.61100
35.61100
35.60800
35.61000
35.60900
35.60800
35.60700
35.60600
35.60400
35.60400
35.60400
35.60200
35.60200
35.60000
35.60200
35.60200
35.60000
35.59900
35.59800
35.59600
35.59900
35.60100
35.60100
35.60000
35.59900
35.59800
35.59600
35.59700
35.59700
35.59700
35.59700
35.59700
35.59600
35.59600
35.59400
35.59600
35.59500
35.59400
35.59700
35.59700
35.59700
35.59500
35.59500
35.59500
35.59400
35.59100
35.59100
35.59300
35.59200
35.59400
35.59600
35.59600
35.59600
35.59700
35.59600
35.59500
35.59400
35.59300
35.59300
35.59200
35.59300
35.59200
35.59200
35.59100
35.59200
35.59100
35.59200
35.59300
35.59000
35.59300
35.59200
35.59300
35.59500
35.59600
35.59600
35.59800
35.59600
35.59500
35.59700
35.59800
35.59800
35.59700
35.59400
35.59200
35.59300
35.59400
35.59500
35.59300
35.59200
35.59400
35.59400
35.59400
35.59200
35.59300
35.59400
35.59400
35.59500
35.59400
35.59100
35.58800
35.58900
35.58900
35.59000
35.59000
35.59000
35.58800
35.58700
35.58600
35.58500
35.58400
35.58500
35.58400
35.58300
35.58400
35.58500
35.58400
35.58400
35.58400
35.58300
35.58200
35.58300
35.58500
35.58200
35.58200
35.58200
35.58300
35.58300
35.58300
35.58400
35.58400
35.58400
35.58200
35.57900
35.57900
35.58100
35.58100
35.58100
35.58100
35.58200
35.58300
35.58200
35.58200
35.58100
35.58100
35.58300
35.58200
35.58100
35.58100
35.58200
35.58200
35.58300
35.58000
35.58000
35.58200
35.58200
35.58200
35.58000
35.57700
35.57800
35.57700
35.57900
35.58000
35.58000
35.57900
35.57800
35.57900
35.57700
35.57600
35.57600
35.57500
35.57500
35.57500
35.57600
35.57600
35.57600
35.57500
35.57700
35.57800
35.57600
35.57600
35.57400
35.57400
35.57300
35.57200
35.57200
35.57400
35.57300
35.57400
35.57500
35.57700
35.57700
35.57500
35.57400
35.57500
35.57300
35.57500
35.57600
35.57300
35.57600
35.57400
35.57500
35.57600
35.57800
35.57600
35.57800
35.57800
35.57600
35.57800
35.57800
35.57900
35.57700
35.57800
35.57900
35.57800
35.58000
35.58000
35.58000
35.57900
35.57700
35.57700
35.57700
35.57700
35.57800
35.57700
35.57800
35.57800
35.57800
35.57900
35.58000
35.57600
35.57500
35.57400
35.57500
35.57500
35.57700
35.57800
35.57900
35.58000
35.57900
35.57600
35.57700
35.57700
35.57600
35.57600
35.57400
35.57400
35.57600
35.57800
35.57700
35.57600
35.57400
35.57200
35.57200
35.57200
35.57100
35.57000
35.56800
35.56800
35.56800
35.56900
35.56900
35.57000
35.57000
35.56800
35.56800
35.56500
35.56500
35.56400
35.56400
35.56400
35.56400
35.56300
35.56400
35.56300
35.56100
35.55900
35.55900
35.56000
35.56000
35.56000
35.56000
35.55900
35.55900
35.55800
35.55800
35.55600
35.55600
35.55400
35.55400
35.55400
35.55200
35.55200
35.55400
35.55300
35.55200
35.55200
35.55300
35.55300
35.55300
35.55400
35.55300
35.55300
35.55300
35.55500
35.55500
35.55300
35.55400
35.55300
35.55400
35.55400
35.55200
35.55300
35.55200
35.55100
35.55100
35.55300
35.55000
35.54900
35.54900
35.55000
35.54900
35.54800
35.54600
35.54600
35.54600
35.54500
35.54700
35.54500
35.54500
35.54500
35.54400
35.54500
35.54500
35.54500
35.54600
35.54500
35.54500
35.54100
35.54300
35.54300
35.54400
35.54500
35.54700
35.54500
35.54500
35.54600
35.54500
35.54400
35.54500
35.54300
35.54400
35.54500
35.54700
35.54900
35.54900
35.54800
35.54900
35.54900
35.54800
35.54800
35.54700
35.54700
35.54800
35.54700
35.54800
35.54500
35.54300
35.54100
35.54200
35.54100
35.54100
35.54000
35.53900
35.53600
35.53600
35.53400
35.53500
35.53300
35.53200
35.53100
35.53000
35.53000
35.53000
35.52700
35.52500
35.52400
35.52500
35.52500
35.52400
35.52600
35.52600
35.52600
35.52600
35.52600
35.52500
35.52600
35.52700
35.52700
35.65667
35.65667
35.65778
35.65889
34.00286
33.98667
33.98667
33.98667
34.04750
34.05000
34.05000
34.07333
34.07333
34.07333
34.07333
34.08000
34.59000
34.59000
34.81000
