0.00000
0.00000
0.00000
0.00000
0.00000
0.00000
0.00000
0.00000
0.00000
0.00000
0.00000
0.00000
0.00000
0.00000
0.00000
0.00000
1.60000
6.40000
8.30000
15.23300
15.43300
15.49200
15.45900
15.50400
15.48700
15.52500
17.19400
17.17600
17.22800
17.33500
17.43600
17.93500
18.12800
18.40800
19.86200
20.38500
20.52900
21.75500
22.15700
22.65700
23.33100
23.85400
24.36000
24.67800
25.06300
25.35200
25.74800
25.90300
26.21700
26.30800
26.46600
26.52500
26.80100
26.94400
27.04900
27.11500
27.54200
27.86200
28.06800
28.28000
28.50900
28.46700
28.61100
28.72800
29.03000
29.16100
29.16500
29.34700
29.48100
29.72400
29.92800
29.84600
30.11700
30.21000
30.36000
30.51600
30.69100
30.73500
30.82600
30.92000
30.96100
31.13400
31.13300
31.15100
31.17100
31.32200
31.38500
31.51800
31.55000
31.56000
31.62100
31.61000
31.64900
31.77300
31.85800
31.89900
32.08900
32.20900
32.21200
32.41100
32.56900
32.64100
32.66300
32.62600
32.75100
32.91300
33.06300
33.15600
33.26700
33.36500
33.47100
33.60400
33.69300
33.80900
33.87200
33.96300
33.98900
34.03400
34.21200
34.26200
34.40200
34.40800
34.49000
34.54000
34.65500
34.66000
34.67900
34.66600
34.78100
34.88200
34.90200
34.88700
35.06500
35.19800
35.19300
35.31100
35.40800
35.49800
35.48900
35.52400
35.46200
35.63300
35.67000
35.81100
35.89600
36.04600
36.02500
36.02700
36.09800
36.19000
36.27800
36.38700
36.38800
36.43800
36.46700
36.54800
36.67900
36.74200
36.77500
36.83400
36.92100
37.11200
37.19500
37.29500
37.38300
37.41500
37.52200
37.66400
37.71200
37.80000
37.85400
38.00200
38.12600
38.10600
38.15200
38.20800
38.21100
38.23000
38.33800
38.39200
38.40000
38.46800
38.53400
38.61400
38.75100
38.81300
38.79300
38.82900
38.87800
38.98000
38.98700
39.02700
39.08500
39.18500
39.21400
39.27400
39.29200
39.38400
39.47600
39.47600
39.46100
39.66500
39.70700
39.77700
39.84500
39.88300
39.92000
39.96000
40.04500
40.08800
40.10900
40.17900
40.18600
40.20100
40.31700
40.32000
40.37900
40.39800
40.38800
40.43600
40.51600
40.57500
40.62000
40.64000
40.71100
40.79300
40.88500
40.85500
40.90900
40.89300
40.88600
40.91900
41.00200
41.01000
41.01700
41.10800
41.19100
41.31700
41.29900
41.33200
41.37100
41.38100
41.49500
41.53900
41.57100
41.57600
41.61600
41.75100
41.82500
41.85300
41.87200
41.86400
41.91700
41.99600
41.97500
41.94400
41.94300
42.01700
42.01500
42.04400
42.09400
42.12100
42.19700
42.26500
42.32400
42.33100
42.32400
42.36300
42.47300
42.44900
42.49700
42.55300
42.56500
42.58800
42.54900
42.65800
42.69400
42.67900
42.75600
42.77400
42.78900
42.82500
42.86500
42.90900
42.94800
42.97200
43.06100
43.10100
43.13300
43.21200
43.22400
43.29100
43.32200
43.36900
43.46100
43.47900
43.49200
43.50700
43.57100
43.59500
43.69200
43.72400
43.78900
43.84700
43.85500
43.86000
43.92600
43.98200
44.05400
44.08700
44.09900
44.11400
44.23100
44.22000
44.25900
44.27200
44.30300
44.34700
44.37000
44.37700
44.43100
44.44900
44.41200
44.51000
44.52000
44.57300
44.62300
44.57900
44.59100
44.62900
44.70600
44.73400
44.75700
44.75700
44.77900
44.85100
44.88800
44.89400
44.94500
44.94600
45.00100
44.99500
45.02200
45.03100
45.06000
45.11200
45.13300
45.15900
45.27700
45.32500
45.38400
45.41900
45.45100
45.50300
45.53700
45.55500
45.58900
45.63500
45.63700
45.70100
45.74900
45.82000
45.86700
45.88500
45.92100
45.94500
45.96100
45.95100
45.99300
45.98800
45.98000
46.01600
46.06000
46.09700
46.12800
46.14100
46.12600
46.14600
46.15100
46.17300
46.18500
46.20600
46.24400
46.32000
46.33500
46.34000
46.37200
46.40200
46.42500
46.42500
46.43700
46.44200
46.55700
46.58600
46.60300
46.61500
46.61600
46.65300
46.64700
46.64400
46.73400
46.76000
46.81100
46.84300
46.88200
46.88800
46.93500
46.93100
46.96400
46.97000
47.02400
47.08700
47.07300
47.15800
47.21100
47.20100
47.22000
47.30900
47.33600
47.36700
47.34300
47.38900
47.43800
47.47700
47.51100
47.55900
47.60500
47.60200
47.63500
47.67400
47.67000
47.71500
47.73900
47.71400
47.78300
47.85500
47.83000
47.86400
47.89900
47.88900
47.95400
48.00300
48.01600
48.04700
48.07200
48.13800
48.15300
48.14200
48.14800
48.19100
48.23600
48.28000
48.25900
48.26400
48.26800
48.29300
48.34100
48.36500
48.37600
48.41600
48.45300
48.44500
48.46900
48.45700
48.48400
48.57800
48.58800
48.62900
48.61800
48.67000
48.68500
48.69000
48.68100
48.69000
48.74200
48.76000
48.76700
48.82000
48.82700
48.84200
48.90200
48.89700
48.91800
48.96600
48.96600
49.00200
49.06200
49.11300
49.12500
49.08600
49.11600
49.10400
49.16000
49.18300
49.18900
49.22900
49.22600
49.27700
49.29900
49.29300
49.30400
49.34700
49.35500
49.35000
49.41500
49.46800
49.46400
49.45900
49.46100
49.48900
49.47000
49.50200
49.59000
49.62600
49.63800
49.64300
49.62800
49.64200
49.69100
49.72500
49.76400
49.80700
49.81600
49.81300
49.84600
49.90500
49.90600
49.96000
49.95300
49.94500
49.91300
49.94800
50.00400
49.98800
50.01500
50.03100
50.04300
50.04000
50.08300
50.12000
50.10800
50.10200
50.11600
50.09600
50.11400
50.15500
50.16600
50.16600
50.17900
50.24000
50.26000
50.27400
50.26500
50.28900
50.29500
50.33200
50.36600
50.37100
50.34000
50.33400
50.38200
50.38000
50.40000
50.38900
50.42400
50.45400
50.46600
50.48900
50.52900
50.54000
50.56300
50.57900
50.61900
50.62200
50.65400
50.66800
50.64800
50.66200
50.66500
50.68300
50.69900
50.70500
50.69200
50.77100
50.78700
50.77400
50.77100
50.80100
50.80900
50.83600
50.84400
50.85600
50.88300
50.88800
50.90300
50.89800
50.91400
50.90700
50.92200
50.95700
50.95800
50.97900
50.99700
50.99600
51.04500
51.03200
51.07200
51.09000
51.09200
51.09300
51.12500
51.13300
51.12800
51.15700
51.16700
51.18000
51.17600
51.22500
51.22600
51.30900
51.30700
51.30400
51.33400
51.36300
51.36300
51.35300
51.36100
51.39700
51.40200
51.41600
51.41500
51.46400
51.48700
51.49200
51.48800
51.49000
51.48100
51.50300
51.54800
51.53800
51.52900
51.56500
51.58800
51.61200
51.62900
51.61400
51.64300
51.64700
51.64900
51.66100
51.69500
51.72000
51.75200
51.73900
51.70400
51.73800
51.73600
51.76800
51.76500
51.78500
51.78700
51.79300
51.80700
51.83400
51.82600
51.84800
51.82700
51.81400
51.81700
51.84300
51.85000
51.86900
51.87200
51.84800
51.85700
51.85800
51.88600
51.88500
51.88900
51.92200
51.90800
51.90300
51.89200
51.88500
51.91100
51.89900
51.88800
51.91000
51.88900
51.89900
51.91900
51.91000
51.95900
51.97900
51.97200
51.97100
51.99400
51.99600
52.00200
52.02000
52.03900
52.03900
52.05100
52.07400
52.08900
52.09900
52.10900
52.11600
52.12700
52.13800
52.14700
52.13100
52.12000
52.15400
52.19400
52.18800
52.17200
52.19100
52.20600
52.20500
52.23000
52.23700
52.22000
52.23900
52.26500
52.26100
52.27900
52.29600
52.35400
52.38000
52.38900
52.43300
52.45200
52.47100
52.50700
52.53300
52.54600
52.54000
52.55600
52.57600
52.61600
52.63200
52.64400
52.64800
52.68800
52.67800
52.69200
52.69700
52.72300
52.73700
52.74800
52.75900
52.77300
52.78200
52.80300
52.80700
52.81300
52.82000
52.82900
52.84200
52.85400
52.88700
52.87300
52.88600
52.90800
52.91500
52.94300
52.94800
52.95100
52.96700
52.95700
52.95600
52.94400
52.96900
52.97200
52.97600
53.01000
53.01900
53.01800
53.04500
53.03800
53.04400
53.05400
53.05100
53.07400
53.08600
53.08900
53.07600
53.11300
53.12200
53.12800
53.14200
53.13600
53.14300
53.14100
53.17000
53.16100
53.16400
53.18000
53.21500
53.21500
53.23200
53.21900
53.23100
53.24300
53.30100
53.30300
53.32000
53.33500
53.33400
53.36100
53.37000
53.37600
53.38500
53.39200
53.44800
53.45200
53.45300
53.47400
53.49000
53.48700
53.49100
53.50100
53.51500
53.54100
53.54900
53.55300
53.54300
53.58100
53.58800
53.58900
53.58200
53.59600
53.60700
53.62900
53.62400
53.63200
53.62400
53.64600
53.65300
53.64200
53.64300
53.64800
53.63500
53.63100
53.63100
53.63000
53.63900
53.63700
53.66300
53.70000
53.70200
53.70000
53.70900
53.70700
53.73800
53.75000
53.74500
53.74100
53.73300
53.74000
53.74400
53.75900
53.74600
53.72800
53.75800
53.77700
53.76300
53.76800
53.78200
53.76000
53.77500
53.76400
53.76300
53.76100
53.76600
53.77200
53.76400
53.77800
53.78300
53.76700
53.77300
53.77700
53.77300
53.79600
53.78900
53.79400
53.78800
53.81200
53.80900
53.82300
53.80600
53.82100
53.82500
53.82000
53.82200
53.82100
53.81600
53.82400
53.82600
53.84300
53.83800
53.83900
53.84500
53.83400
53.82200
53.84600
53.84800
53.84000
53.84700
53.87400
53.87500
53.86600
53.86400
53.86200
53.85000
53.83000
53.82900
53.80500
53.81600
53.82600
53.82000
53.82800
53.83500
53.82100
53.80800
53.82900
53.83200
53.83900
53.82300
53.83000
53.81200
53.81100
53.81700
53.82800
53.81300
53.80400
53.81100
53.79500
53.79300
53.80300
53.80500
53.78800
53.77300
53.77700
53.78100
53.79000
53.79400
53.82600
53.84500
53.84500
53.84200
53.86400
53.85800
53.84700
53.86900
53.86800
53.88300
53.89900
53.90200
53.92000
53.93800
53.93400
53.93900
53.95300
53.93900
53.94200
53.93500
53.93400
53.92200
53.95200
53.94700
53.96700
53.97800
53.97900
53.98400
53.96800
53.97300
53.99400
53.97600
53.98900
53.98800
53.98200
53.97900
53.97100
53.96300
53.99500
53.99500
54.01100
54.03300
54.06600
54.05000
54.04500
54.04400
54.05500
54.03900
54.04300
54.06800
54.06900
54.08000
54.09400
54.08900
54.09600
54.08800
54.08300
54.09000
54.11200
54.10200
54.10100
54.09900
54.10700
54.11600
54.11800
54.11300
54.13100
54.15300
54.16900
54.17000
54.16500
54.15300
54.17500
54.16300
54.16100
54.20100
54.19800
54.21100
54.19600
54.18600
54.19200
54.19200
54.20400
54.21000
54.20000
54.19800
54.19700
54.21300
54.20800
54.19800
54.20200
54.21800
54.21300
54.21900
54.21600
54.21800
54.23700
54.22800
54.23300
54.22900
54.23100
54.21700
54.23700
54.23200
54.24700
54.27200
54.27000
54.26200
54.27900
54.28200
54.29500
54.29300
54.29300
54.29100
54.30100
54.31800
54.32200
54.32700
54.32600
54.31900
54.31400
54.32700
54.33100
54.34400
54.34100
54.35800
54.36500
54.36600
54.36900
54.36800
54.37200
54.37000
54.38000
54.38500
54.39400
54.39000
54.39000
54.38500
54.38700
54.39600
54.42300
54.42700
54.43800
54.44300
54.42900
54.44800
54.45000
54.45600
54.43900
54.43800
54.45800
54.45900
54.46500
54.45800
54.46400
54.47200
54.46100
54.48200
54.48800
54.50600
54.51300
54.50700
54.50700
54.51800
54.51700
54.52900
54.52900
54.54300
54.54100
54.54400
54.53800
54.54100
54.53500
54.54200
54.54700
54.55600
54.55000
54.55800
54.54900
54.55600
54.55700
54.56000
54.55400
54.55100
54.54900
54.53300
54.54900
54.55400
54.55300
54.54300
54.53600
54.54600
54.54800
54.56800
54.56700
54.57800
54.57800
54.57700
54.58600
54.58200
54.56700
54.55800
54.55000
54.55900
54.57800
54.59200
54.60800
54.59700
54.59000
54.58800
54.60200
54.60100
54.60800
54.61600
54.61200
54.62000
54.62700
54.64900
54.65600
54.64500
54.63300
54.63100
54.63200
54.68500
54.69600
54.70800
54.71200
54.71500
54.71400
54.72100
54.72400
54.73500
54.72500
54.72600
54.72500
54.73600
54.73900
54.75600
54.75300
54.76700
54.75700
54.76700
54.75800
54.76600
54.76100
54.76700
54.77300
54.76600
54.76000
54.79100
54.80000
54.81300
54.80600
54.81600
54.81700
54.80800
54.79300
54.79400
54.82200
54.82300
54.84800
54.84700
54.84100
54.83600
54.83600
54.85100
54.85600
54.86800
54.88100
54.87100
54.86100
54.87200
54.88000
54.87400
54.88700
54.89300
54.89000
54.90400
54.91000
54.90300
54.91800
54.91100
54.92200
54.91500
54.91900
54.92600
54.91900
54.92600
54.92500
54.94700
54.94900
54.94600
54.93800
54.94400
54.95900
54.96400
54.96400
54.96200
54.98300
54.99700
54.99100
54.98600
54.98800
54.98700
54.99100
54.99100
54.99900
54.99800
55.00000
55.00700
55.00400
55.04000
55.03800
55.04800
55.04600
55.05700
55.06800
55.07900
55.10200
55.11800
55.11000
55.10400
55.11100
55.11200
55.10800
55.12300
55.12900
55.14100
55.13700
55.12600
55.13300
55.14700
55.16000
55.14900
55.14200
55.16000
55.16400
55.16200
55.16200
55.16300
55.17100
55.16900
55.17300
55.17000
55.18200
55.18100
55.18400
55.18500
55.19300
55.19400
55.20600
55.19600
55.19900
55.20200
55.20300
55.22700
55.23000
55.23200
55.22500
55.23700
55.26000
55.26400
55.27700
55.28300
55.29600
55.30000
55.29900
55.31900
55.31200
55.30800
55.31600
55.32500
55.36800
55.36500
55.36100
55.37200
55.37900
55.38400
55.36800
55.37900
55.39000
55.37600
55.38300
55.40200
55.41300
55.41400
55.42600
55.42700
55.44900
55.46800
55.46200
55.46000
55.46100
55.46700
55.48000
55.49900
55.50000
55.51100
55.51800
55.51000
55.51000
55.52300
55.52500
55.53500
55.54100
55.55000
55.54900
55.55800
55.57000
55.56500
55.57400
55.57800
55.57700
55.57600
55.59500
55.58800
55.60600
55.60100
55.59600
55.59000
55.60200
55.60500
55.60200
55.59800
55.59100
55.59300
55.59900
55.60500
55.61800
55.62900
55.62900
55.61600
55.63400
55.64000
55.63500
55.64300
55.64500
55.64500
55.64900
55.65000
55.65700
55.65000
55.65100
55.64300
55.66900
55.69000
55.68400
55.68800
55.67300
55.68100
55.69300
55.69900
55.70500
55.69900
55.69900
55.71200
55.72400
55.72700
55.72100
55.71700
55.71500
55.71500
55.71500
55.72700
55.73900
55.73700
55.73200
55.72800
55.73800
55.75200
55.76500
55.77100
55.78400
55.78100
55.77900
55.78000
55.79800
55.80000
55.79900
55.80400
55.82000
55.82300
55.82200
55.81600
55.82700
55.82600
55.83300
55.83200
55.82800
55.82100
55.83000
55.83400
55.84100
55.85300
55.87200
55.87100
55.88600
55.88500
55.88200
55.87800
55.87600
55.86800
55.86400
55.87700
55.88700
55.88000
55.87200
55.88000
55.88300
55.88500
55.88800
55.88400
55.87600
55.89000
55.89800
55.90200
55.91100
55.90600
55.90400
55.90500
55.90700
55.89900
55.89600
55.90600
55.91900
55.92200
55.93800
55.95200
55.96200
55.96700
55.97200
55.97000
55.97900
55.99400
56.00200
55.99200
55.99100
56.00100
56.00000
56.00400
56.00400
56.00700
56.02000
56.02000
56.02700
56.03300
56.03100
56.04800
56.05300
56.05900
56.05800
56.06400
56.05800
56.06800
56.07100
56.06400
56.06200
56.07100
56.06800
56.06800
56.06800
56.08100
56.08200
56.09500
56.10100
56.10000
56.10500
56.10700
56.12300
56.11100
56.11700
56.13300
56.12800
56.12900
56.12400
56.12400
56.13800
56.14600
56.14300
56.14500
56.16000
56.16800
56.17600
56.17500
56.17600
56.18100
56.19100
56.19900
56.20600
56.21700
56.21600
56.22200
56.23500
56.23100
56.22700
56.24000
56.23700
56.24100
56.25400
56.26300
56.25900
56.25700
56.25600
56.25300
56.25700
56.25400
56.26700
56.28700
56.28500
56.28300
56.27700
56.27700
56.28700
56.29300
56.29500
56.29000
56.28200
56.28700
56.30300
56.31400
56.31400
56.31800
56.31000
56.31600
56.31900
56.33000
56.32000
56.32300
56.32300
56.33000
56.32900
56.33400
56.33700
56.33600
56.31600
56.32500
56.33400
56.33300
56.33900
56.33400
56.33600
56.33300
56.33700
56.33900
56.35100
56.35200
56.35700
56.36700
56.37200
56.37700
56.37500
56.38000
56.39400
56.39100
56.39700
56.39300
56.40100
56.39800
56.40400
56.41300
56.41600
56.43800
56.42800
56.43600
56.43600
56.43300
56.43500
56.43700
56.44100
56.45400
56.45800
56.45800
56.46200
56.45900
56.45900
56.45600
56.46500
56.45400
56.44900
56.47300
56.48000
56.48600
56.49600
56.50900
56.51900
56.51700
56.52700
56.52200
56.52800
56.52100
56.53400
56.53400
56.53600
56.53900
56.55400
56.54800
56.54200
56.53500
56.54100
56.55500
56.56400
56.57400
56.57600
56.57100
56.58700
56.58100
56.57900
56.57200
56.56800
56.57700
56.57200
56.58400
56.58000
56.58100
56.58300
56.59000
56.58200
56.58700
56.59600
56.58900
56.59000
56.59600
56.60300
56.61900
56.62500
56.62300
56.61900
56.62900
56.63100
56.62600
56.61900
56.63800
56.62800
56.62100
56.62600
56.62900
56.62700
56.63000
56.62500
56.62600
56.62900
56.63500
56.62700
56.63300
56.64400
56.64700
56.65000
56.64400
56.64800
56.64900
56.64800
56.65800
56.64900
56.66000
56.67700
56.67400
56.67600
56.67800
56.68100
56.68200
56.69000
56.70500
56.71100
56.72000
56.72600
56.72500
56.72400
56.71700
56.72500
56.72600
56.74000
56.74500
56.75200
56.77000
56.77300
56.76500
56.76400
56.76300
56.76500
56.77200
56.76800
56.78000
56.77500
56.77700
56.78000
56.77700
56.78300
56.78800
56.81400
56.81600
56.81800
56.81500
56.82400
56.83000
56.83300
56.82700
56.81700
56.80400
56.80000
56.80700
56.81500
56.80800
56.81800
56.83100
56.83000
56.83900
56.82900
56.81900
56.82200
56.82100
56.83000
56.83900
56.84800
56.84600
56.84700
56.84400
56.83300
56.82600
56.84500
56.85300
56.84100
56.84600
56.85400
56.85500
56.86400
56.86000
56.86800
56.86800
56.88700
56.88300
56.88200
56.87600
56.88400
56.88400
56.88900
56.89600
56.90300
56.91000
56.90900
56.90900
56.90600
56.91200
56.90800
56.91300
56.91100
56.90200
56.91100
56.91500
56.92300
56.92200
56.91800
56.92200
56.92100
56.92100
56.92400
56.92200
56.91800
56.92900
56.93700
56.93300
56.93400
56.94300
56.94600
56.94900
56.95600
56.95400
56.94500
56.94300
56.95100
56.95100
56.95800
56.95600
56.94700
56.95100
56.95900
56.95500
56.95500
56.94400
56.94700
56.96300
56.96700
56.96600
56.96300
56.96700
56.96700
56.96600
56.97300
56.97200
56.97100
56.96800
56.98800
56.99000
57.00000
57.00400
57.01000
57.00200
57.00000
57.00200
57.00200
57.00600
57.01000
57.00700
57.00400
57.01400
57.00400
57.00600
57.01400
57.00800
57.00200
57.00000
57.00500
57.01400
57.01300
57.00900
57.00600
57.01200
57.00400
57.00300
57.01700
57.02300
57.02700
57.02700
57.03100
57.03700
57.03900
57.03900
57.04000
57.04400
57.04500
57.04000
57.04900
57.04400
57.04900
57.04400
57.04400
57.04700
57.04900
57.05900
57.06100
57.05900
57.07500
57.07400
57.07100
57.07800
57.08200
57.07700
57.08600
57.08400
57.08300
57.08600
57.08400
57.07600
57.08100
57.08300
57.08500
57.09900
57.09700
57.09200
57.09700
57.09400
57.09900
57.10900
57.10300
57.10500
57.09900
57.09200
57.09600
57.10400
57.10100
57.10400
57.10300
57.11700
57.11200
57.10800
57.11900
57.11500
57.11800
57.11600
57.11300
57.12300
57.12100
57.13100
57.12700
57.13200
57.13300
57.13700
57.13500
57.13000
57.13800
57.14100
57.14300
57.15300
57.15000
57.14400
57.14500
57.15400
57.15600
57.15900
57.15900
57.15400
57.16700
57.16300
57.16400
57.17500
57.16700
57.17200
57.17500
57.17200
57.18200
57.17900
57.17800
57.18400
57.18200
57.18300
57.18100
57.18500
57.18900
57.19500
57.19900
57.19900
57.21000
57.20000
57.21100
57.21000
57.20700
57.21100
57.20900
57.21800
57.20700
57.21600
57.22700
57.22800
57.22300
57.22300
57.22200
57.23600
57.23300
57.23200
57.22600
57.23700
57.23400
57.25100
57.24900
57.25200
57.26300
57.26400
57.26800
57.27300
57.27300
57.27900
57.27500
57.28400
57.28500
57.29300
57.30600
57.30200
57.31000
57.30600
57.31600
57.32300
57.32100
57.33300
57.32300
57.32100
57.32500
57.31900
57.32200
57.32200
57.33600
57.33600
57.34200
57.34100
57.33400
57.34100
57.34700
57.36000
57.35900
57.35900
57.35800
57.35200
57.35600
57.35100
57.35900
57.37000
57.37100
57.36600
57.36900
57.37100
57.37400
57.37000
57.36500
57.36100
57.36700
57.36800
57.38100
57.38700
57.38100
57.37900
57.38000
57.37700
57.37900
57.37800
57.37400
57.38100
57.37600
57.37900
57.37300
57.37800
57.37900
57.38600
57.38800
57.38800
57.39900
57.39900
57.40700
57.41600
57.41700
57.42900
57.43700
57.44000
57.42800
57.42200
57.42700
57.41800
57.42700
57.41700
57.41100
57.42200
57.41900
57.42900
57.44000
57.44000
57.43600
57.43600
57.44000
57.43400
57.43200
57.44400
57.45800
57.45900
57.46200
57.46500
57.45900
57.47000
57.47200
57.47200
57.47600
57.47600
57.48200
57.48600
57.49000
57.49100
57.49000
57.48900
57.49200
57.48600
57.48700
57.49000
57.49700
57.49600
57.48700
57.50100
57.50100
57.49300
57.49000
57.49100
57.50200
57.51200
57.51800
57.51600
57.51800
57.52100
57.51500
57.52400
57.52400
57.52300
57.52000
57.51100
57.52100
57.52800
57.53400
57.53900
57.54500
57.56100
57.55300
57.54800
57.55600
57.55200
57.54700
57.56500
57.57100
57.56800
57.56900
57.56500
57.57500
57.57800
57.58900
57.59900
57.59900
57.59300
57.59000
57.59500
57.60500
57.60600
57.60500
57.60800
57.59800
57.60500
57.61100
57.61700
57.61700
57.61400
57.62000
57.61900
57.62200
57.63100
57.63100
57.62700
57.62300
57.62000
57.62400
57.62200
57.63100
57.63600
57.63200
57.64200
57.64600
57.64300
57.64800
57.65200
57.65300
57.65500
57.66000
57.65300
57.65300
57.65500
57.65500
57.66800
57.67800
57.68000
57.67900
57.68000
57.69000
57.68900
57.69000
57.69700
57.69400
57.69900
57.71400
57.71200
57.70500
57.71100
57.71500
57.71600
57.71800
57.72900
57.72100
57.72800
57.72200
57.72200
57.72300
57.72800
57.73200
57.73500
57.74300
57.74200
57.74700
57.75000
57.75000
57.74400
57.74800
57.75000
57.74500
57.74900
57.75100
57.75600
57.76200
57.76300
57.76300
57.76200
57.76100
57.75900
57.76100
57.75700
57.76000
57.76300
57.76000
57.75800
57.75400
57.74500
57.74000
57.74600
57.75700
57.76500
57.77100
57.78500
57.78200
57.78200
57.78800
57.78600
57.78800
57.79400
57.80400
57.80400
57.81200
57.80800
57.81600
57.81700
57.81800
57.82000
57.81500
57.81700
57.81700
57.81800
57.82100
57.83100
57.82600
57.82800
57.84300
57.85200
57.84800
57.85200
57.85600
57.85400
57.85400
57.85700
57.86100
57.86000
57.85600
57.85200
57.85900
57.85200
57.85000
57.86500
57.85400
57.86400
57.86500
57.85800
57.85800
57.86500
57.86300
57.87200
57.87200
57.87400
57.87400
57.87300
57.87600
57.87700
57.87000
57.86600
57.87000
57.87400
57.86900
57.86900
57.87100
57.87600
57.89500
57.89400
57.89400
57.89300
57.88700
57.88900
57.88100
57.88700
57.88800
57.89100
57.89800
57.90300
57.90900
57.91400
57.91000
57.91200
57.90600
57.91200
57.91400
57.91600
57.91900
57.91900
57.91600
57.91600
57.92900
57.92800
57.93900
57.93000
57.93700
57.93000
57.92600
57.92700
57.93000
57.92700
57.92000
57.92300
57.92800
57.93100
57.92900
57.93500
57.94300
57.94700
57.94600
57.94700
57.94300
57.94300
57.94700
57.94800
57.94200
57.94400
57.95400
57.96300
57.96700
57.96600
57.96800
57.97500
57.97700
57.98400
57.97800
57.98100
57.98700
57.98400
57.98900
57.99200
58.00200
58.00300
58.01100
58.01100
58.01200
58.01100
58.01100
58.01100
58.01300
58.01900
58.01500
58.00800
58.00900
58.00600
58.00800
58.01800
58.02400
58.03400
58.03300
58.03800
58.04000
58.03300
58.03000
58.03500
58.04000
58.04000
58.04400
58.04200
58.04800
58.05400
58.05400
58.05700
58.05900
58.06200
58.06300
58.07700
58.08000
58.08400
58.08600
58.08600
58.08400
58.09000
58.09100
58.09100
58.08800
58.09400
58.09600
58.09700
58.08900
58.10500
58.10900
58.10200
58.11700
58.11800
58.11700
58.11300
58.12200
58.12300
58.13100
58.13400
58.12400
58.13500
58.14400
58.13800
58.15000
58.15200
58.14600
58.14800
58.15100
58.15400
58.15200
58.16100
58.16100
58.16500
58.16300
58.17500
58.18400
58.18300
58.18200
58.18300
58.17900
58.18800
58.18800
58.19600
58.19200
58.19200
58.18800
58.18100
58.19000
58.19200
58.19500
58.19600
58.20000
58.20200
58.21200
58.21100
58.21300
58.20700
58.21300
58.21200
58.21500
58.22500
58.23400
58.23200
58.23200
58.23500
58.23700
58.23700
58.24500
58.25000
58.25100
58.25100
58.25800
58.25800
58.26000
58.26600
58.26500
58.26700
58.26300
58.26900
58.26600
58.26300
58.26700
58.26000
58.26100
58.26100
58.26400
58.27000
58.27700
58.27300
58.27400
58.27500
58.27200
58.27000
58.27300
58.27600
58.28000
58.27700
58.28000
58.28800
58.28900
58.28400
58.28800
58.29300
58.28700
58.29000
58.28800
58.30100
58.30600
58.30500
58.31100
58.31900
58.31800
58.32000
58.32300
58.31700
58.31100
58.31700
58.31400
58.31800
58.31900
58.32000
58.31700
58.31700
58.32100
58.32400
58.32600
58.31900
58.32700
58.32700
58.33700
58.33800
58.34400
58.34700
58.34500
58.34600
58.34500
58.35300
58.34800
58.35500
58.35500
58.35700
58.35800
58.36100
58.36300
58.36900
58.37000
58.37500
58.38000
58.38000
58.38000
58.37600
58.38900
58.39000
58.39300
58.40000
58.40200
58.40100
58.40000
58.40300
58.40100
58.40500
58.41800
58.41300
58.41900
58.41700
58.42100
58.42100
58.42600
58.42900
58.43800
58.44200
58.44100
58.43700
58.44000
58.44300
58.44800
58.45000
58.44800
58.46100
58.45600
58.45600
58.46000
58.45300
58.45900
58.45700
58.46200
58.46900
58.47100
58.46700
58.47200
58.48300
58.48200
58.48000
58.47800
58.47400
58.47200
58.47400
58.48400
58.49500
58.49600
58.49500
58.49100
58.49700
58.50300
58.50200
58.50800
58.51100
58.51300
58.51600
58.52700
58.52700
58.53300
58.52900
58.53500
58.53300
58.53200
58.53500
58.53500
58.54500
58.54800
58.55100
58.55500
58.55800
58.56100
58.56000
58.56100
58.56300
58.57600
58.57500
58.57100
58.57300
58.57800
58.57900
58.57400
58.57500
58.57400
58.57400
58.58100
58.59000
58.58900
58.59100
58.58900
58.59100
58.58900
58.58900
58.58800
58.58600
58.59400
58.59400
58.59300
58.59100
58.59800
58.59700
58.59900
58.59900
58.59900
58.59600
58.60200
58.60500
58.60500
58.60700
58.60700
58.60800
58.61400
58.61400
58.61400
58.60900
58.61400
58.61200
58.61800
58.61900
58.61800
58.62300
58.62800
58.63200
58.63900
58.63300
58.63300
58.63700
58.63700
58.63900
58.63600
58.63700
58.64100
58.64000
58.64400
58.64300
58.64500
58.64100
58.64300
58.64000
58.63600
58.64800
58.64800
58.65000
58.65200
58.65800
58.66000
58.66200
58.66100
58.66200
58.65800
58.65400
58.65400
58.65700
58.66000
58.66500
58.66800
58.66600
58.67000
58.66800
58.66600
58.67300
58.68200
58.67900
58.68300
58.68400
58.68000
58.67900
58.67500
58.68200
58.68400
58.68600
58.68200
58.68900
58.68500
58.69400
58.70000
58.70100
58.69900
58.69700
58.70300
58.69900
58.70000
58.69700
58.69500
58.69800
58.70700
58.71000
58.70500
58.70600
58.70700
58.71900
58.72000
58.71800
58.71800
58.72200
58.72500
58.73200
58.72900
58.72800
58.72600
58.72900
58.72900
58.72700
58.72800
58.73100
58.73200
58.73200
58.73800
58.73900
58.74400
58.74300
58.74300
58.74700
58.74600
58.74800
58.75000
58.75400
58.76000
58.76200
58.75700
58.76900
58.77000
58.77800
58.78200
58.78500
58.78500
58.78800
58.79100
58.78900
58.79800
58.79700
58.79400
58.79600
58.79100
58.79500
58.80300
58.80600
58.80900
58.81400
58.81200
58.81500
58.82300
58.82500
58.81900
58.82100
58.82800
58.82600
58.82800
58.83400
58.84000
58.84100
58.84700
58.84900
58.85000
58.85100
58.85100
58.85700
58.85900
58.85800
58.86100
58.86600
58.87200
58.87700
58.88100
58.88300
58.89000
58.89100
58.89000
58.89200
58.90000
58.89900
58.91200
58.91000
58.91000
58.90900
58.91000
58.91700
58.92700
58.93300
58.93400
58.93400
58.94200
58.94100
58.94900
58.95100
58.95800
58.96100
58.96100
58.95400
58.95600
58.96400
58.97000
58.97500
58.97400
58.97500
58.97400
58.97500
58.97400
58.97600
58.98000
58.97300
58.97700
58.98100
58.98700
58.99200
58.99500
58.98900
58.99300
58.99800
59.00200
59.00700
59.01100
59.02100
59.02700
59.02800
59.03200
59.03200
59.04200
59.04400
59.05200
59.05100
59.05700
59.06600
59.06600
59.07000
59.07100
59.08300
59.08400
59.08600
59.09700
59.09800
59.09500
59.09500
59.09300
59.09900
59.10100
59.11200
59.11000
59.11000
59.10900
59.10900
59.11300
59.11500
59.11700
59.11200
59.11800
59.12300
59.12700
59.13100
59.13100
59.14900
59.15100
59.15700
59.15500
59.16100
59.16000
59.15600
59.16400
59.17100
59.17500
59.18400
59.18400
59.18800
59.19100
59.18900
59.19100
59.19000
59.20100
59.20700
59.21400
59.22200
59.22500
59.22400
59.23500
59.23100
59.23200
59.22800
59.22400
59.23000
59.23400
59.23600
59.23700
59.23600
59.23200
59.24100
59.24600
59.25100
59.26000
59.26100
59.26200
59.26700
59.27400
59.27700
59.28100
59.28100
59.28100
59.28500
59.29700
59.30100
59.29800
59.30000
59.30900
59.31300
59.33100
59.33100
59.33500
59.33400
59.35200
59.35500
59.35800
59.36000
59.36100
59.36400
59.36500
59.37300
59.37200
59.37500
59.37900
59.38000
59.38300
59.38900
59.39400
59.40300
59.40100
59.39700
59.40000
59.40000
59.40100
59.40900
59.41700
59.41900
59.42700
59.42400
59.43800
59.44100
59.44500
59.45700
59.46300
59.45900
59.45600
59.45600
59.45800
59.46000
59.46000
59.46900
59.47800
59.48500
59.48900
59.49200
59.49400
59.49900
59.50300
59.49900
59.50600
59.50400
59.50500
59.50800
59.51900
59.52300
59.52100
59.52000
59.52300
59.52300
59.52500
59.52600
59.52300
59.54000
59.53900
59.53900
59.53800
59.54600
59.54300
59.54600
59.55200
59.55500
59.55800
59.56000
59.56200
59.56400
59.56500
59.56600
59.57100
59.58000
59.58000
59.59200
59.59500
59.59600
59.60200
59.60000
59.60200
59.61200
59.61300
59.61200
59.61100
59.61600
59.61500
59.61500
59.60900
59.61200
59.61700
59.62200
59.63300
59.63100
59.63000
59.63300
59.63400
59.63200
59.62800
59.63100
59.63800
59.64800
59.64900
59.65000
59.65800
59.66100
59.65900
59.65900
59.67400
59.68100
59.67300
59.69000
59.69300
59.68900
59.69200
59.69400
59.69700
59.69600
59.70100
59.70400
59.70700
59.71000
59.72000
59.72700
59.72800
59.73200
59.73900
59.75000
59.75500
59.76000
59.76500
59.75900
59.76100
59.75800
59.76400
59.76800
59.77000
59.76600
59.77700
59.77900
59.78400
59.79100
59.80000
59.80100
59.81200
59.81500
59.81900
59.82400
59.82800
59.83200
59.84400
59.84100
59.84800
59.85600
59.86100
59.86000
59.86500
59.86900
59.87700
59.88000
59.87900
59.88300
59.89300
59.89500
59.90000
59.90700
59.91500
59.92000
59.91400
59.92000
59.92300
59.92000
59.92200
59.92200
59.92900
59.93900
59.93500
59.94600
59.94700
59.95100
59.95500
59.96000
59.96900
59.98200
59.97700
59.98500
59.98700
59.99000
59.99600
60.00400
60.01100
60.02200
60.02800
60.02800
60.02800
60.03800
60.04000
60.05200
60.05900
60.06300
60.07300
60.07400
60.07800
60.08100
60.08900
60.08700
60.09500
60.09900
60.10100
60.10800
60.11600
60.11800
60.11800
60.11800
60.11800
60.12500
60.13000
60.13300
60.13100
60.13300
60.13500
60.14400
60.15000
60.15700
60.15900
60.16800
60.16800
60.17900
60.18300
60.19000
60.19800
60.19500
60.19300
60.19300
60.20600
60.21200
60.21300
60.21600
60.22000
60.22700
60.23300
60.23100
60.23800
60.24700
60.25300
60.25700
60.26200
60.25800
60.25700
60.27000
60.27800
60.27500
60.28300
60.28400
60.28800
60.29300
60.30300
60.31100
60.32300
60.33300
60.33800
60.33700
60.33500
60.33800
60.33700
60.34300
60.34800
60.35200
60.35300
60.36100
60.36300
60.37400
60.37900
60.38200
60.38300
60.38600
60.39200
60.39200
60.39400
60.39900
60.39600
60.39900
60.40400
60.41000
60.41200
60.42100
60.43100
60.43400
60.44000
60.44200
60.45400
60.45600
60.45600
60.45700
60.46200
60.46000
60.47000
60.47200
60.47700
60.48100
60.48700
60.49100
60.49100
60.51100
60.51100
60.51300
60.51800
60.52000
60.52200
60.52500
60.52400
60.53800
60.54900
60.55300
60.55600
60.55600
60.56100
60.57000
60.57100
60.57200
60.57400
60.59100
60.59300
60.59800
60.60800
60.60800
60.60900
60.61800
60.62300
60.62600
60.63400
60.63500
60.63400
60.64500
60.64800
60.65600
60.66000
60.67400
60.67300
60.68200
60.68100
60.68400
60.69500
60.69200
60.70300
60.71100
60.71300
60.71600
60.72100
60.72400
60.73700
60.74600
60.74600
60.75500
60.76800
60.77100
60.77200
60.77200
60.78000
60.78300
60.79600
60.79700
60.80000
60.80500
60.80400
60.81600
60.82600
60.82600
60.84100
60.84500
60.84700
60.85700
60.86100
60.86400
60.86300
60.86100
60.87100
60.87900
60.88600
60.89200
60.89400
60.89700
60.90000
60.90100
60.90200
60.90700
60.91300
60.92400
60.93300
60.94100
60.94200
60.95000
60.95100
60.95000
60.94900
60.96200
60.96500
60.98000
60.98500
60.98600
60.99200
60.99800
61.00200
61.00700
61.00900
61.01500
61.00700
61.00900
61.01000
61.01100
61.02200
61.02500
61.03300
61.04300
61.04100
61.04700
61.05700
61.05700
61.06500
61.07100
61.07500
61.07200
61.08200
61.07800
61.08800
61.08700
61.09100
61.09600
61.09600
61.09700
61.10000
61.11100
61.11500
61.11700
61.12100
61.12700
61.13100
61.13300
61.13200
61.13200
61.13400
61.14200
61.14600
61.15000
61.14900
61.15000
61.16000
61.16200
61.16400
61.16800
61.17000
61.17000
61.17300
61.17700
61.18600
61.19200
61.19800
61.20300
61.20300
61.20800
61.20800
61.20800
61.20800
61.21400
61.21300
61.21100
61.21300
61.22300
61.23200
61.23800
61.24000
61.24100
61.24300
61.25200
61.25300
61.24900
61.25100
61.25300
61.25800
61.26400
61.26500
61.27200
61.27300
61.27300
61.28200
61.29200
61.30300
61.29900
61.30100
61.30000
61.30200
61.31300
61.31900
61.32200
61.32400
61.32700
61.33000
61.34100
61.34400
61.35100
61.35600
61.36500
61.36700
61.37400
61.38000
61.38100
61.39000
61.39100
61.39400
61.40300
61.40300
61.40700
61.40500
61.40900
61.41000
61.41300
61.41300
61.42500
61.42300
61.42600
61.43300
61.43900
61.43900
61.44600
61.44800
61.44900
61.45100
61.45400
61.45900
61.46600
61.46700
61.47200
61.48000
61.48200
61.48900
61.49200
61.48900
61.49300
61.49300
61.49700
61.49500
61.50000
61.50800
61.51000
61.51200
61.51900
61.51800
61.52100
61.52300
61.52700
61.53100
61.53300
61.53700
61.54000
61.54500
61.54200
61.54800
61.54800
61.56100
61.56900
61.57600
61.58400
61.58200
61.58100
61.59200
61.60500
61.60900
61.61200
61.61600
61.62000
61.61700
61.62200
61.62200
61.62200
61.62800
61.63500
61.63000
61.63300
61.63800
61.63900
61.64500
61.65200
61.65500
61.65600
61.66100
61.66500
61.67100
61.67100
61.67700
61.68100
61.69100
61.69300
61.69500
61.69600
61.69200
61.70900
61.71000
61.71200
61.72000
61.71800
61.72700
61.73000
61.73700
61.74400
61.75100
61.75600
61.75400
61.75300
61.75400
61.75900
61.76100
61.76900
61.77000
61.77500
61.78300
61.79200
61.79900
61.79900
61.79500
61.80100
61.80400
61.80700
61.80900
61.81800
61.81800
61.82200
61.82500
61.83100
61.83200
61.83700
61.83800
61.84900
61.85500
61.85500
61.85800
61.85900
61.86400
61.86600
61.87300
61.87600
61.87900
61.87600
61.88300
61.88200
61.88100
61.88900
61.90100
61.90300
61.91400
61.92200
61.92200
61.92800
61.93600
61.93900
61.94400
61.94800
61.94900
61.95100
61.96400
61.95800
61.96300
61.96700
61.96900
61.96800
61.96900
61.96700
61.97300
61.97700
61.98200
61.98700
61.99100
61.99900
62.00500
62.00900
62.01400
62.01600
62.01500
62.01300
62.01200
62.01300
62.01800
62.03000
62.03700
62.03900
62.05100
62.05400
62.06100
62.06100
62.06300
62.06800
62.06800
62.06800
62.07100
62.07800
62.08300
62.08400
62.08100
62.09000
62.09700
62.10000
62.10400
62.10400
62.10400
62.10700
62.11200
62.11700
62.12100
62.11600
62.11900
62.12400
62.13100
62.13100
62.13300
62.13900
62.14600
62.14600
62.14400
62.14700
62.15400
62.15400
62.15700
62.15800
62.16500
62.16700
62.16800
62.16600
62.16500
62.17100
62.19000
62.19100
62.19100
62.19600
62.19700
62.20500
62.21400
62.22100
62.22300
62.22500
62.23100
62.23600
62.24200
62.23900
62.24000
62.24200
62.24800
62.25300
62.25200
62.25700
62.26600
62.27100
62.27500
62.27500
62.28100
62.28400
62.28700
62.29600
62.30100
62.30500
62.31000
62.31300
62.31900
62.32100
62.32200
62.32900
62.33300
62.33500
62.34300
62.34600
62.35300
62.36900
62.37000
62.37600
62.37800
62.38200
62.38600
62.38700
62.39000
62.40300
62.40600
62.40400
62.41200
62.41500
62.41700
62.42100
62.43000
62.43300
62.43900
62.44000
62.44100
62.44700
62.44900
62.45900
62.47500
62.47500
62.48100
62.48200
62.48200
62.48600
62.49000
62.49100
62.49800
62.50300
62.50600
62.51500
62.52100
62.52800
62.53000
62.53100
62.53900
62.54200
62.54400
62.55700
62.56100
62.56100
62.55900
62.56900
62.57700
62.58600
62.58600
62.58800
62.59200
62.59900
62.60200
62.60900
62.61500
62.62300
62.62400
62.62500
62.63100
62.63500
62.64000
62.64900
62.64900
62.65500
62.66200
62.67000
62.67100
62.67600
62.68400
62.68400
62.69100
62.69000
62.69600
62.70400
62.70200
62.70700
62.70600
62.71100
62.71300
62.71800
62.72000
62.72000
62.72300
62.72800
62.73700
62.74600
62.74600
62.74800
62.75300
62.76100
62.76900
62.77000
62.77600
62.77900
62.78100
62.78600
62.78400
62.78500
62.78800
62.79200
62.79700
62.80000
62.80400
62.81400
62.82000
62.82500
62.82700
62.83400
62.83300
62.83200
62.83400
62.83800
62.83800
62.84100
62.84300
62.84800
62.85700
62.86000
62.86500
62.86500
62.87100
62.86800
62.87600
62.87600
62.88500
62.89000
62.89700
62.90100
62.90100
62.90200
62.90700
62.90400
62.90700
62.91500
62.92100
62.92700
62.92900
62.93100
62.93100
62.93600
62.93300
62.93400
62.94200
62.94200
62.94700
62.94500
62.95100
62.95300
62.95900
62.95700
62.95800
62.96200
62.96200
62.97100
62.97500
62.98000
62.98700
62.98700
62.99100
62.98900
62.99300
62.99400
63.00000
62.99800
62.99400
62.99700
63.00300
63.00000
63.01000
63.01700
63.02000
63.02300
63.02800
63.03200
63.03500
63.03500
63.04000
63.03800
63.04300
63.04600
63.05100
63.05300
63.05700
63.05800
63.06300
63.06500
63.06500
63.07200
63.07800
63.08100
63.07700
63.08400
63.08600
63.08700
63.09000
63.09500
63.09900
63.10400
63.10800
63.10900
63.11100
63.11200
63.11400
63.11600
63.11800
63.12700
63.13200
63.13400
63.13100
63.13400
63.14400
63.14400
63.14400
63.14400
63.14700
63.14900
63.15300
63.15800
63.16900
63.17000
63.16700
63.17300
63.18200
63.18700
63.18800
63.19200
63.19900
63.20800
63.20700
63.20900
63.21100
63.20900
63.21500
63.21800
63.22200
63.22000
63.22500
63.22800
63.23400
63.23700
63.23500
63.24400
63.25300
63.25900
63.25900
63.26600
63.27100
63.27900
63.28500
63.28300
63.28600
63.29000
63.29200
63.29600
63.29900
63.30100
63.30200
63.31300
63.31600
63.32400
63.33100
63.33500
63.34400
63.34700
63.34200
63.34500
63.34500
63.34600
63.35100
63.35900
63.36900
63.37000
63.37200
63.37500
63.38000
63.39000
63.39300
63.39700
63.39900
63.40000
63.40300
63.41000
63.41600
63.42100
63.42700
63.42800
63.44100
63.44700
63.45100
63.45100
63.44800
63.45300
63.45600
63.46000
63.46500
63.47000
63.47300
63.48500
63.48600
63.49200
63.49000
63.49000
63.49500
63.49900
63.50200
63.50900
63.50900
63.51400
63.51300
63.51600
63.52100
63.53000
63.53000
63.53200
63.53400
63.54100
63.54200
63.54500
63.55000
63.55400
63.55900
63.56300
63.56900
63.57200
63.57300
63.57600
63.57900
63.58200
63.58800
63.59300
63.59700
63.59900
63.60800
63.61300
63.61800
63.62800
63.63000
63.63400
63.64000
63.64600
63.65000
63.65300
63.65800
63.66400
63.66100
63.66800
63.66600
63.66900
63.67700
63.68200
63.68500
63.68900
63.69100
63.69700
63.70300
63.70500
63.71200
63.71500
63.72000
63.72600
63.72900
63.73100
63.73100
63.73700
63.73900
63.74400
63.74700
63.75000
63.75500
63.75500
63.75300
63.75800
63.76300
63.77000
63.77100
63.77200
63.77400
63.77300
63.77500
63.77700
63.77900
63.78300
63.78900
63.78800
63.79000
63.79500
63.80300
63.80900
63.81400
63.81800
63.82100
63.82200
63.82700
63.83500
63.83900
63.84700
63.84700
63.84600
63.85100
63.85100
63.86300
63.86800
63.87000
63.86900
63.87100
63.87000
63.87000
63.87900
63.88000
63.87900
63.88100
63.88300
63.89100
63.89300
63.89100
63.90300
63.89700
63.90300
63.90600
63.90600
63.90900
63.90700
63.90900
63.91800
63.92100
63.92100
63.92300
63.92600
63.93300
63.93400
63.93100
63.93300
63.93500
63.94000
63.94700
63.95100
63.95100
63.95400
63.95800
63.96500
63.97000
63.97700
63.97700
63.97600
63.97800
63.98000
63.98300
63.98600
63.98600
63.99100
63.99300
64.00100
63.99700
63.99900
64.00400
64.01000
64.01500
64.02100
64.01800
64.02300
64.01900
64.02500
64.03500
64.03800
64.04100
64.04500
64.04800
64.05300
64.05500
64.05900
64.06000
64.05900
64.06400
64.06900
64.07000
64.07700
64.08000
64.08800
64.09200
64.09800
64.10200
64.10800
64.11100
64.11100
64.11200
64.11700
64.11100
64.11400
64.11000
64.11600
64.11600
64.12400
64.12700
64.12700
64.12800
64.12700
64.13700
64.13800
64.14600
64.14400
64.14100
64.14600
64.15400
64.15500
64.15500
64.15600
64.16600
64.17000
64.17000
64.16600
64.17000
64.17300
64.17500
64.18500
64.19400
64.19900
64.19700
64.20100
64.20500
64.20500
64.21100
64.21200
64.21600
64.21600
64.22200
64.22400
64.22500
64.22600
64.22800
64.22900
64.23400
64.24300
64.24500
64.25300
64.26200
64.26200
64.26700
64.27100
64.27700
64.28100
64.28000
64.28400
64.29000
64.29200
64.29300
64.29700
64.30300
64.31000
64.31000
64.31800
64.32300
64.32300
64.32700
64.33100
64.33700
64.34200
64.33900
64.34000
64.34800
64.35200
64.35500
64.35600
64.35600
64.36000
64.37000
64.37200
64.37500
64.37700
64.38300
64.38400
64.38800
64.39000
64.39200
64.39000
64.39300
64.39700
64.40600
64.41400
64.41800
64.42000
64.41800
64.42900
64.43100
64.43900
64.44300
64.44600
64.44800
64.45500
64.45300
64.46500
64.46500
64.47000
64.47500
64.47700
64.48000
64.48000
64.48100
64.48800
64.49300
64.49600
64.49800
64.50300
64.50900
64.51400
64.51300
64.52100
64.52600
64.52900
64.53300
64.53400
64.53700
64.54400
64.54600
64.55400
64.55000
64.55300
64.55800
64.56300
64.56800
64.56800
64.57500
64.58700
64.59200
64.59400
64.59900
64.60400
64.61000
64.61900
64.62000
64.62200
64.62500
64.63200
64.63600
64.64600
64.65200
64.65700
64.66000
64.66000
64.66500
64.67100
64.67800
64.68300
64.68700
64.69500
64.69700
64.70800
64.71600
64.71600
64.71900
64.72600
64.73100
64.73600
64.73800
64.73900
64.74600
64.74600
64.75400
64.75500
64.75600
64.75900
64.76100
64.76700
64.77100
64.77100
64.77700
64.77900
64.78100
64.78900
64.78800
64.79100
64.79200
64.79300
64.79800
64.80700
64.81200
64.81600
64.82000
64.82300
64.82900
64.83200
64.83400
64.84000
64.84200
64.84600
64.84900
64.86300
64.86700
64.87600
64.87600
64.88800
64.89300
64.89800
64.90300
64.91000
64.91500
64.91800
64.92100
64.92600
64.93100
64.93800
64.93900
64.94100
64.95700
64.96100
64.96400
64.96900
64.97000
64.97900
64.98400
64.98700
64.99400
64.99900
64.99900
65.00500
65.00900
65.01200
65.02100
65.02700
65.02700
65.03200
65.03800
65.04000
65.04300
65.04700
65.04700
65.06200
65.07000
65.06800
65.07200
65.07900
65.08700
65.09100
65.09500
65.09500
65.10300
65.10900
65.10700
65.11200
65.11300
65.11800
65.11700
65.12700
65.12900
65.13500
65.14300
65.14600
65.14900
65.15400
65.16100
65.16600
65.16900
65.17900
65.18000
65.18500
65.18400
65.18700
65.18700
65.19100
65.19600
65.19700
65.20100
65.20600
65.21100
65.21500
65.21700
65.21900
65.23100
65.23800
65.23900
65.24500
65.25000
65.26000
65.26100
65.26600
65.27200
65.27200
65.27000
65.27600
65.27800
65.28500
65.28800
65.28600
65.29100
65.29700
65.30300
65.30900
65.31400
65.31300
65.32200
65.32500
65.32600
65.33000
65.33700
65.33600
65.34100
65.34300
65.34800
65.35700
65.36200
65.36200
65.37500
65.38100
65.38200
65.38400
65.39400
65.39500
65.39800
65.39700
65.39800
65.40500
65.41300
65.41500
65.42300
65.42600
65.42700
65.43300
65.43300
65.44100
65.44300
65.44300
65.45100
65.45900
65.45700
65.46200
65.47100
65.47400
65.47700
65.47700
65.48100
65.48700
65.48600
65.49700
65.50100
65.50200
65.50100
65.50900
65.51500
65.52400
65.52500
65.52700
65.53500
65.53900
65.54200
65.54900
65.55300
65.55800
65.56400
65.56400
65.56700
65.56900
65.57400
65.57500
65.57500
65.57700
65.57900
65.58300
65.58700
65.59200
65.59800
65.60200
65.59800
65.60200
65.60400
65.60500
65.60300
65.60900
65.61300
65.60900
65.61200
65.61700
65.62200
65.62700
65.62700
65.63600
65.63800
65.64000
65.64800
65.65100
65.65600
65.66300
65.66600
65.67000
65.67300
65.67500
65.68400
65.68800
65.68900
65.69100
65.68900
65.68700
65.68700
65.69200
65.69300
65.70400
65.70700
65.70500
65.70700
65.70500
65.70700
65.71100
65.70900
65.70400
65.70800
65.71000
65.71500
65.72000
65.72500
65.72800
65.72500
65.72100
65.72500
65.73300
65.73600
65.73900
65.74100
65.74200
65.74500
65.74800
65.75100
65.75300
65.75200
65.75800
65.76000
65.76700
65.77100
65.77200
65.77400
65.77100
65.77100
65.77500
65.78100
65.78700
65.79500
65.79400
65.80000
65.80500
65.80800
65.80500
65.80400
65.80200
65.81500
65.81600
65.82100
65.82800
65.82800
65.82700
65.82600
65.83000
65.82900
65.83400
65.83900
65.84000
65.83600
65.84000
65.84200
65.84400
65.84800
65.85000
65.85900
65.86300
65.86600
65.86600
65.86900
65.87300
65.87500
65.87700
65.87900
65.88500
65.88700
65.89300
65.89300
65.89800
65.89700
65.89900
65.90600
65.91100
65.91400
65.92400
65.92200
65.92400
65.92500
65.92700
65.92600
65.93000
65.93500
65.93700
65.94100
65.94100
65.94600
65.94600
65.95100
65.95200
65.95600
65.96000
65.96000
65.96400
65.96700
65.97500
65.98200
65.98300
65.98400
65.97900
65.97700
65.98000
65.98600
65.98900
65.99400
65.99800
65.99700
66.00200
66.00300
66.00100
66.00600
66.01000
66.01300
66.01500
66.02000
66.02200
66.02800
66.03000
66.03200
66.03300
66.03600
66.04400
66.04700
66.04900
66.05000
66.05500
66.05700
66.06000
66.06100
66.06600
66.06400
66.06400
66.07600
66.07800
66.08300
66.08800
66.09400
66.09500
66.09500
66.09800
66.10300
66.10100
66.11200
66.11500
66.11900
66.12200
66.12400
66.12400
66.12600
66.12800
66.13000
66.13200
66.14000
66.14400
66.14100
66.13800
66.13700
66.13700
66.14700
66.14300
66.14500
66.14800
66.15400
66.15600
66.15800
66.16100
66.16400
66.16600
66.17600
66.18000
66.18000
66.18300
66.18400
66.18900
66.18600
66.18900
66.19000
66.19000
66.19500
66.19400
66.19800
66.20600
66.21500
66.22000
66.22200
66.22000
66.22300
66.22000
66.22700
66.23000
66.22700
66.23600
66.23300
66.23600
66.24100
66.24100
66.25000
66.25300
66.25500
66.25800
66.25800
66.26400
66.26700
66.27500
66.28100
66.28400
66.28400
66.29400
66.29600
66.29700
66.30000
66.30300
66.30500
66.31200
66.31300
66.31500
66.32100
66.32200
66.32600
66.33000
66.33500
66.33300
66.34000
66.34100
66.34300
66.34500
66.35000
66.35200
66.35900
66.36100
66.36000
66.36300
66.36400
66.36600
66.36500
66.37000
66.37600
66.37600
66.37300
66.38300
66.38300
66.38100
66.38300
66.39100
66.38900
66.39600
66.39500
66.39800
66.40100
66.39600
66.39700
66.40500
66.40700
66.41500
66.41600
66.42300
66.42800
66.43300
66.43300
66.43600
66.43700
66.43900
66.43900
66.44400
66.44800
66.45500
66.45600
66.45900
66.46200
66.46000
66.46600
66.46500
66.47400
66.47400
66.47500
66.47800
66.47500
66.47900
66.48500
66.48600
66.48800
66.49200
66.49700
66.49700
66.49700
66.49600
66.50100
66.50800
66.51100
66.51300
66.51100
66.51200
66.51600
66.51600
66.51800
66.52400
66.52300
66.52300
66.52200
66.52400
66.53100
66.53100
66.53800
66.53900
66.54300
66.54400
66.54400
66.54600
66.55000
66.55400
66.55700
66.55900
66.55900
66.56200
66.57200
66.57400
66.57500
66.57800
66.57800
66.58300
66.58100
66.58000
66.58200
66.58400
66.58700
66.59500
66.59600
66.59700
66.60400
66.61000
66.61100
66.61500
66.61400
66.62000
66.62300
66.62600
66.62900
66.63400
66.63300
66.63100
66.63600
66.64200
66.64200
66.64300
66.64500
66.65100
66.65400
66.65600
66.66200
66.67100
66.67600
66.68100
66.68100
66.67700
66.68200
66.68100
66.68200
66.68100
66.68000
66.68400
66.69000
66.68900
66.69800
66.70000
66.70300
66.70500
66.70900
66.71500
66.71900
66.72300
66.72500
66.73500
66.73900
66.73500
66.73500
66.73600
66.73800
66.74200
66.74800
66.75000
66.75700
66.75800
66.75800
66.75800
66.76500
66.76300
66.76800
66.77100
66.77100
66.77300
66.77800
66.78000
66.78900
66.79900
66.79900
66.80100
66.80000
66.80700
66.81000
66.81400
66.82200
66.82200
66.82100
66.82400
66.82000
66.82400
66.82900
66.83300
66.83800
66.84200
66.83900
66.84000
66.84000
66.84700
66.85100
66.85700
66.85900
66.86100
66.85900
66.86200
66.86500
66.86700
66.86600
66.87000
66.87400
66.87700
66.87800
66.87800
66.88100
66.88300
66.88400
66.88700
66.89500
66.89800
66.89800
66.90500
66.91400
66.91700
66.92100
66.92700
66.93200
66.93600
66.94400
66.95300
66.95500
66.95500
66.95600
66.95800
66.95900
66.96100
66.96400
66.97300
66.97300
66.97400
66.98000
66.98000
66.98200
66.98600
66.98600
66.98600
66.99200
66.99700
66.99800
67.00000
67.00100
67.00500
67.00900
67.00900
67.01000
67.01700
67.01800
67.02200
67.02100
67.02000
67.02300
67.02300
67.02700
67.03400
67.03600
67.03700
67.04000
67.04100
67.04600
67.04600
67.05000
67.05200
67.05400
67.05700
67.06100
67.06800
67.06900
67.06700
67.06700
67.07000
67.07700
67.07800
67.08200
67.08800
67.09100
67.09900
67.10000
67.10100
67.09900
67.10800
67.11400
67.11700
67.11800
67.11900
67.12000
67.12700
67.13000
67.13000
67.13000
67.13900
67.14000
67.14600
67.15000
67.15400
67.15500
67.15900
67.15700
67.16100
67.16200
67.16300
67.16700
67.16900
67.17500
67.17600
67.17900
67.18300
67.18600
67.18700
67.19000
67.19100
67.19900
67.20100
67.20100
67.20500
67.20900
67.21200
67.21300
67.21300
67.20900
67.20900
67.21800
67.21900
67.22300
67.22500
67.22600
67.23000
67.23400
67.23000
67.23200
67.23000
67.23000
67.23300
67.23400
67.23200
67.23100
67.24000
67.24700
67.24700
67.24600
67.24800
67.25100
67.25900
67.26400
67.27300
67.27300
67.27400
67.27800
67.28000
67.28400
67.28500
67.29100
67.28700
67.29300
67.29300
67.29500
67.29700
67.30100
67.30600
67.31000
67.31200
67.32100
67.32400
67.32700
67.32900
67.33200
67.33400
67.33100
67.33700
67.33600
67.33700
67.34200
67.34300
67.34900
67.34900
67.35200
67.35400
67.35500
67.35400
67.35700
67.36100
67.36000
67.36500
67.36500
67.36900
67.36600
67.36900
67.37300
67.37700
67.37400
67.37900
67.38300
67.38300
67.38600
67.39000
67.39100
67.39200
67.39600
67.39700
67.39800
67.39900
67.40300
67.41000
67.41000
67.41800
67.41800
67.42200
67.42500
67.42700
67.42500
67.42700
67.43100
67.43300
67.43000
67.43300
67.43700
67.43800
67.44000
67.44300
67.44600
67.45000
67.45400
67.45800
67.45900
67.46100
67.46700
67.46700
67.47200
67.47200
67.48200
67.48000
67.47900
67.48400
67.48800
67.49200
67.49100
67.49500
67.49200
67.49300
67.49300
67.49800
67.50500
67.50700
67.50900
67.51000
67.50800
67.51200
67.51500
67.51700
67.51600
67.51400
67.52000
67.52900
67.53000
67.53200
67.53800
67.54000
67.54300
67.55000
67.55000
67.55200
67.55400
67.55600
67.56000
67.56500
67.57000
67.57100
67.57200
67.57100
67.57600
67.58200
67.58600
67.58800
67.58800
67.59400
67.59400
67.59300
67.59700
67.60000
67.60400
67.60700
67.61200
67.61300
67.61900
67.62000
67.62300
67.62900
67.63000
67.63500
67.63600
67.63800
67.64100
67.64200
67.64400
67.65000
67.65200
67.65600
67.65900
67.65900
67.66100
67.66100
67.66500
67.67200
67.67300
67.67900
67.67800
67.68000
67.68300
67.68700
67.69000
67.69300
67.69100
67.69700
67.69900
67.70600
67.70800
67.70900
67.70500
67.70800
67.71200
67.71400
67.71300
67.71900
67.72500
67.72700
67.73000
67.73200
67.73300
67.73600
67.73500
67.74100
67.74400
67.74700
67.75300
67.75600
67.75600
67.75600
67.76100
67.76400
67.76700
67.76400
67.76700
67.77400
67.78100
67.78600
67.78900
67.79300
67.79500
67.79600
67.79500
67.79800
67.79800
67.80100
67.80500
67.81000
67.81200
67.81500
67.81900
67.82300
67.82500
67.83300
67.83400
67.84100
67.84400
67.85000
67.85100
67.85400
67.85800
67.86300
67.86900
67.87600
67.88100
67.88500
67.88600
67.88900
67.89400
67.90200
67.90500
67.90700
67.91300
67.91700
67.92500
67.92700
67.93400
67.93900
67.94200
67.94800
67.95000
67.95400
67.96300
67.96900
67.97600
67.98000
67.98500
67.98900
67.99200
67.99800
68.00700
68.01000
68.01200
68.01800
68.02500
68.03000
68.03600
68.03900
68.04200
68.05000
68.05200
68.05800
68.06400
68.06900
68.07400
68.07600
68.07900
68.08600
68.09600
68.09800
68.10300
68.10600
68.11600
68.12100
68.12700
68.13200
68.13200
68.13600
68.14400
68.14600
68.15200
68.15500
68.16000
68.16500
68.17200
68.17800
68.18100
68.18300
68.19100
68.19600
68.19800
68.20200
68.20600
68.21000
68.21100
68.21800
68.22000
68.22500
68.22900
68.23100
68.23600
68.24400
68.24800
68.25100
68.25600
68.25900
68.26300
68.26400
68.26500
68.27000
68.27300
68.27600
68.27900
68.28200
68.28300
68.28700
68.29300
68.29600
68.29700
68.29900
68.30200
68.30400
68.30800
68.31000
68.31400
68.31600
68.32100
68.32400
68.32600
68.32600
68.33000
68.33500
68.34000
68.34100
68.34600
68.34900
68.34900
68.35100
68.35400
68.35500
68.35900
68.36000
68.36000
68.36600
68.36900
68.37000
68.37300
68.37500
68.37500
68.37800
68.37900
68.38000
68.38000
68.38400
68.38400
68.38700
68.39100
68.39100
68.39200
68.39300
68.39600
68.39800
68.39900
68.40200
68.40500
68.40800
68.40800
68.40900
68.41200
68.41400
68.41500
68.41600
68.41800
68.41900
68.41900
68.42000
68.41900
68.42000
68.42400
68.42700
68.42900
68.42800
68.43000
68.43100
68.43100
68.43200
68.43500
68.43600
68.43700
68.44100
68.44300
68.44400
68.44600
68.44600
68.44600
68.44700
68.44700
68.44800
68.44900
68.45300
68.45400
68.45700
68.45700
68.45800
68.46100
68.46100
68.46300
68.46400
68.46400
68.46700
68.47000
68.47000
68.47000
68.46900
68.47000
68.47200
68.47500
68.47500
68.47600
68.47900
68.47800
68.48000
68.48000
68.48100
68.48100
68.48200
68.48400
68.48400
68.48700
68.48800
68.49200
68.49300
68.49300
68.49300
68.49300
68.49400
68.49400
68.49500
68.49300
68.49500
68.49600
68.49700
68.49900
68.49900
68.50200
68.50200
68.50200
68.50100
68.50100
68.50000
68.50000
68.50000
68.49900
68.50000
68.50300
68.50200
68.49900
68.50100
68.50200
68.50400
68.50500
68.50400
68.50300
68.50400
68.50600
68.50400
68.50600
68.50600
68.50500
68.50500
68.50500
68.50500
68.50400
68.50500
68.50200
68.50200
68.50400
68.50500
68.50600
68.50700
68.50900
68.50700
68.50700
68.50800
68.50900
68.51000
68.51100
68.51000
68.50900
68.50800
68.50700
68.50700
68.50900
68.51000
68.51000
68.51000
68.51300
68.51500
68.51500
68.51300
68.51100
68.51100
68.51400
68.51300
68.51400
68.51400
68.51400
68.51500
68.51500
68.51700
68.51800
68.51700
68.51500
68.51700
68.51700
68.51800
68.51600
68.51800
68.52000
68.51800
68.51900
68.51900
68.51800
68.51700
68.51700
68.51800
68.51700
68.51900
68.51500
68.51700
68.51900
68.52000
68.52200
68.52100
68.52100
68.52000
68.52000
68.52200
68.52200
68.52100
68.52000
68.52200
68.52300
68.52300
68.52100
68.52400
68.52700
68.52600
68.52100
68.52100
68.51800
68.52000
68.51900
68.52100
68.52200
68.52200
68.52300
68.52400
68.52400
68.52400
68.52500
68.52400
68.52500
68.52500
68.52500
68.52500
68.52500
68.52600
68.52800
68.52900
68.53000
68.53200
68.53300
68.53300
68.53300
68.53300
68.53400
68.53500
68.53400
68.53300
68.53100
68.53200
68.53300
68.53300
68.53100
68.53100
68.53100
68.53500
68.53600
68.53800
68.53700
68.53800
68.53900
68.53900
68.53800
68.53700
68.53800
68.53900
68.53800
68.53800
68.53900
68.54000
68.54000
68.54100
68.54100
68.53900
68.53800
68.53900
68.54100
68.54100
68.54200
68.54100
68.54300
68.54600
68.54500
68.54300
68.54200
68.54100
68.53900
68.53900
68.54100
68.54200
68.54400
68.54500
68.54400
68.54400
68.54600
68.54400
68.54500
68.54400
68.54400
68.54400
68.54500
68.54400
68.54300
68.54400
68.54400
68.54600
68.54500
68.54800
68.54800
68.54900
68.55000
68.55000
68.55100
68.55200
68.55100
68.55100
68.55000
68.55000
68.55100
68.54900
68.55000
68.55000
68.54900
68.55000
68.55000
68.55300
68.55200
68.55200
68.55100
68.55500
68.55600
68.55600
68.55700
68.55700
68.55700
68.55700
68.55900
68.55800
68.55800
68.55900
68.56300
68.56500
68.56500
68.56400
68.56400
68.56500
68.56400
68.56500
68.56600
68.56600
68.56700
68.56800
68.56800
68.56800
68.56800
68.56900
68.57100
68.57100
68.57400
68.57500
68.57600
68.57700
68.57700
68.57700
68.57800
68.57800
68.57800
68.57900
68.57900
68.58000
68.58000
68.58200
68.58200
68.58300
68.58300
68.58400
68.58600
68.58900
68.59000
68.58900
68.59100
68.59000
68.59300
68.59400
68.59400
68.59400
68.59400
68.59600
68.59700
68.59700
68.59600
68.59500
68.59600
68.59700
68.59800
68.60000
68.60000
68.60300
68.60300
68.60400
68.60600
68.60800
68.60900
68.60900
68.60900
68.60900
68.61000
68.61200
68.61300
68.61300
68.61500
68.61700
68.61900
68.62000
68.62000
68.62200
68.62200
68.62200
68.62200
68.62500
68.62500
68.62700
68.62900
68.62900
68.62900
68.63000
68.63100
68.63200
68.63500
68.63500
68.63400
68.63600
68.63900
68.64100
68.64100
68.64100
68.64200
68.64300
68.64400
68.64500
68.64500
68.64700
68.64800
68.65000
68.64900
68.65000
68.65000
68.65100
68.65100
68.65200
68.65400
68.65400
68.65500
68.65500
68.65600
68.65700
68.65800
68.66100
68.66200
68.66200
68.66300
68.66400
68.66400
68.66600
68.66600
68.66600
68.66700
68.66800
68.66900
68.67100
68.67200
68.67300
68.67400
68.67600
68.67500
68.67700
68.67700
68.67800
68.68100
68.68100
68.68200
68.68100
68.68300
68.68500
68.68500
68.68700
68.68800
68.68900
68.68900
68.69100
68.69200
68.69300
68.69500
68.69600
68.69700
68.69700
68.69800
68.69900
68.70100
68.70300
68.70300
68.70300
68.70400
68.70400
68.70400
68.70500
68.70500
68.70500
68.70800
68.71000
68.71200
68.71200
68.71200
68.71100
68.71400
68.71500
68.71600
68.71900
68.72000
68.72000
68.72100
68.72400
68.72400
68.72600
68.72700
68.72700
68.72800
68.73100
68.73100
68.73100
68.73100
68.73200
68.73300
68.73500
68.73600
68.73600
68.73800
68.73900
68.73900
68.74000
68.74300
68.74300
68.74500
68.74500
68.74500
68.74600
68.74700
68.74800
68.74900
68.75100
68.75100
68.75500
68.75500
68.75600
68.75700
68.75700
68.75900
68.76000
68.76000
68.76100
68.76200
68.76200
68.76300
68.76500
68.76600
68.76600
68.76700
68.76800
68.77100
68.77200
68.77200
68.77200
68.77300
68.77400
68.77500
68.77900
68.77900
68.78000
68.78100
68.78100
68.78200
68.78300
68.78500
68.78600
68.78600
68.78700
68.78800
68.79000
68.79100
68.79100
68.79200
68.79300
68.79400
68.79600
68.79600
68.79600
68.79900
68.80000
68.80100
68.80400
68.80400
68.80400
68.80400
68.80500
68.80500
68.80600
68.80800
68.80900
68.81000
68.81100
68.81300
68.81400
68.81500
68.81500
68.81600
68.81800
68.81900
68.82000
68.82200
68.82200
68.82500
68.82600
68.82600
68.82800
68.82900
68.82900
68.82900
68.83000
68.83100
68.83100
68.83200
68.83200
68.83200
68.83300
68.83500
68.83500
68.83600
68.83600
68.83700
68.83800
68.84100
68.84300
68.84400
68.84500
68.84700
68.84700
68.84800
68.84800
68.84800
68.84800
68.84900
68.84900
68.84900
68.85000
68.85200
68.85300
68.85600
68.85600
68.85800
68.85700
68.85700
68.85600
68.85700
68.85900
68.86000
68.86200
68.86100
68.86200
68.86300
68.86300
68.86400
68.86500
68.86500
68.86700
68.86700
68.86700
68.86800
68.87000
68.87100
68.87100
68.87000
68.87200
68.87400
68.87600
68.87600
68.87800
68.87700
68.87700
68.87700
68.87800
68.87900
68.88100
68.88200
68.88200
68.88200
68.88300
68.88300
68.88400
68.88600
68.88700
68.88700
68.88700
68.88800
68.88900
68.89000
68.89000
68.89100
68.89100
68.89300
68.89300
68.89400
68.89400
68.89500
68.89500
68.89500
68.89600
68.89800
68.89900
68.90000
68.90100
68.90100
68.90100
68.90200
68.90200
68.90200
68.90200
68.90300
68.90300
68.90400
68.90400
68.90600
68.90700
68.90700
68.90800
68.90800
68.90800
68.91200
68.91100
68.91100
68.91100
68.91100
68.91300
68.91400
68.91400
68.91500
68.91600
68.91500
68.91500
68.91600
68.91800
68.91900
68.92100
68.92100
68.92300
68.92300
68.92300
68.92300
68.92300
68.92300
68.92400
68.92600
68.92600
68.92600
68.92700
68.92600
68.92800
68.92800
68.92800
68.92800
68.92900
68.93000
68.93000
68.93300
68.93300
68.93400
68.93400
68.93300
68.93300
68.93400
68.93500
68.93500
68.93500
68.93600
68.93700
68.93700
68.93900
68.94100
68.94200
68.94200
68.94400
68.94500
68.94600
68.94700
68.94700
68.94800
68.94800
68.94900
68.95000
68.95000
68.95000
68.94900
68.94900
68.95000
68.95200
68.95400
68.95300
68.95300
68.95500
68.95700
68.95900
68.96000
68.96100
68.96000
68.96000
68.96000
68.96000
68.96000
68.96200
68.96200
68.96200
68.96500
68.96500
68.96600
68.96700
68.96700
68.96900
68.96900
68.97000
68.97000
68.97000
68.97000
68.96900
68.97200
68.97200
68.97400
68.97400
68.97500
68.97700
68.97800
68.97800
68.97900
68.97900
68.98000
68.98000
68.98200
68.98500
68.98600
68.98600
68.98700
68.98700
68.98800
68.98800
68.98800
68.98800
68.98900
68.99000
68.99000
68.99100
68.99200
68.99400
68.99600
68.99700
68.99700
68.99900
68.99900
68.99900
69.00000
69.00100
69.00300
69.00400
69.00500
69.00600
69.00600
69.00600
69.00600
69.00800
69.00800
69.00900
69.00900
69.01100
69.01200
69.01400
69.01600
69.01600
69.01600
69.01600
69.01600
69.01600
69.01700
69.01800
69.01800
69.01900
69.02400
69.02400
69.02400
69.02400
69.02400
69.02400
69.02600
69.02600
69.02600
69.02800
69.02800
69.02900
69.03200
69.03300
69.03400
69.03400
69.03400
69.03600
69.03700
69.03800
69.03800
69.03900
69.04000
69.04000
69.04200
69.04300
69.04400
69.04500
69.04500
69.04500
69.04600
69.04800
69.04800
69.04900
69.04900
69.04900
69.05000
69.05100
69.05200
69.05400
69.05500
69.05500
69.05500
69.05600
69.05800
69.05900
69.06100
69.06300
69.06300
69.06400
69.06400
69.06400
69.06400
69.06500
69.06600
69.06700
69.06700
69.07000
69.07000
69.07200
69.07300
69.07300
69.07400
69.07500
69.07500
69.07500
69.07700
69.07900
69.07900
69.07900
69.07900
69.07900
69.08300
69.08300
69.08400
69.08600
69.08600
69.08600
69.08900
69.09000
69.09200
69.09200
69.09200
69.09200
69.09300
69.09300
69.09500
69.09600
69.09700
69.09800
69.10000
69.10100
69.10100
69.10200
69.10300
69.10400
69.10500
69.10700
69.10700
69.10800
69.10900
69.11200
69.11200
69.11200
69.11300
69.11400
69.11400
69.11600
69.11600
69.11700
69.11700
69.11800
69.11900
69.12000
69.12400
69.12500
69.12600
69.12600
69.12700
69.12800
69.12800
69.12900
69.12900
69.13100
69.13100
69.13100
69.13300
69.13600
69.13600
69.13700
69.13900
69.14100
69.14100
69.14200
69.14300
69.14600
69.14600
69.14700
69.14800
69.14800
69.14900
69.15000
69.15100
69.15300
69.15300
69.15300
69.15300
69.15500
69.15600
69.15800
69.15800
69.16100
69.16100
69.16200
69.16200
69.16400
69.16400
69.16500
69.16700
69.16800
69.17100
69.17300
69.17300
69.17300
69.17500
69.17500
69.17500
69.17500
69.17800
69.17900
69.18100
69.18100
69.18100
69.18600
69.18600
69.18600
69.18800
69.18900
69.19000
69.19000
69.19200
69.19300
69.19400
69.19500
69.19600
69.19600
69.19800
69.19800
69.20000
69.20200
69.20200
69.20200
69.20200
69.20400
69.20600
69.20800
69.20800
69.20900
69.20900
69.21000
69.21100
69.21300
69.21300
69.21300
69.21500
69.21500
69.21700
69.21800
69.21800
69.22100
69.22200
69.22300
69.22600
69.22600
69.22600
69.22800
69.22800
69.23100
69.23100
69.23200
69.23500
69.23700
69.23700
69.23700
69.23700
69.23800
69.23900
69.23900
69.24000
69.24000
69.24200
69.24500
69.24500
69.24600
69.24700
69.24700
69.24700
69.24900
69.25000
69.25300
69.25500
69.25600
69.25600
69.25600
69.25700
69.25900
69.26200
69.26200
69.26300
69.26500
69.26500
69.26600
69.26800
69.27100
69.27200
69.27200
69.27300
69.27300
69.27400
69.27600
69.27700
69.27700
69.27800
69.27900
69.28000
69.28000
69.28100
69.28100
69.28100
69.28300
69.28400
69.28600
69.28700
69.28800
69.28800
69.28800
69.28900
69.29000
69.29000
69.29100
69.29200
69.29300
69.29600
69.29600
69.29700
69.29700
69.29800
69.29800
69.29800
69.29900
69.30000
69.30100
69.30300
69.30200
69.30200
69.30400
69.30500
69.30500
69.30500
69.30700
69.30700
69.30700
69.30800
69.30800
69.30700
69.30600
69.31000
69.31200
69.31400
69.31300
69.31400
69.31500
69.31500
69.31600
69.31700
69.31900
69.31900
69.31900
69.32000
69.32100
69.32100
69.32200
69.32400
69.32400
69.32600
69.32700
69.32700
69.32900
69.33200
69.33300
69.33300
69.33300
69.33400
69.33400
69.33700
69.33700
69.33700
69.33800
69.33800
69.33800
69.33800
69.33900
69.33900
69.34000
69.34200
69.10000
69.10111
69.10222
69.10222
69.10333
69.10333
69.10444
69.10444
69.10556
69.10667
69.10778
69.11000
69.11111
69.11222
69.11333
69.11333
69.11333
69.11444
69.11444
69.11444
69.11556
69.11778
69.11889
69.12000
69.12000
69.12000
69.12222
69.12222
69.12444
69.12556
69.12889
69.13111
69.13111
69.13333
69.13333
69.13333
69.13333
69.13444
69.13556
69.13778
69.13889
69.13889
69.14111
69.14222
69.14444
69.14444
69.14556
69.14556
69.14667
69.14889
69.15000
69.15111
69.15222
69.15222
69.15333
69.15444
69.15444
69.15556
69.15889
69.16000
69.16000
69.16000
69.16000
69.16222
69.16444
69.16444
69.16556
69.16667
69.16889
69.16889
69.16889
69.17000
69.17000
69.17375
69.17625
69.17625
69.18000
69.18000
69.18125
69.18250
69.18500
69.19000
69.19000
69.19000
69.19125
69.19375
69.19375
69.19375
69.19375
69.19375
69.19500
69.19625
69.19875
69.20000
69.20000
69.20125
69.20125
69.20125
69.20250
69.20500
69.20625
69.20625
69.20625
69.20750
69.20875
69.20875
69.20875
69.21125
69.21000
69.21000
69.21125
69.21375
69.21375
69.21375
69.21375
69.21625
69.22000
69.22000
69.22125
69.22125
69.22125
69.22250
69.22375
69.22375
69.22500
69.22750
69.22750
69.22750
69.22750
69.22875
69.22875
69.22875
69.22875
69.23375
69.23500
69.23500
69.23625
69.23750
69.23750
69.23750
69.24000
69.24125
69.24250
69.24375
69.24375
69.24500
69.24500
69.24500
69.24750
69.24750
69.24750
69.24750
69.24750
69.25000
69.25250
69.25500
69.25500
69.25500
69.25625
69.26000
69.26000
69.26125
69.26250
69.26250
69.26250
69.26250
69.26250
69.26500
69.26500
69.26500
69.26500
69.26500
69.26750
69.26750
69.27000
69.27000
69.27000
69.27250
69.27250
69.27375
69.27500
69.27750
69.27875
69.27875
69.27875
69.28000
69.28000
69.28250
69.28375
69.28500
69.28625
69.28625
69.28750
69.28750
69.28750
69.29000
69.29250
69.29375
69.29375
69.29500
69.29750
69.29875
69.29875
69.29875
69.29875
69.30000
69.30250
69.30250
69.30500
69.30500
69.30500
69.30625
69.30750
69.30875
69.30875
69.30875
69.31125
69.31250
69.31375
69.31500
69.31500
69.31625
69.31750
69.31750
69.32000
69.32000
69.32250
69.32250
69.32375
69.32500
69.32750
69.32750
69.32875
69.32875
69.33000
69.33250
69.33250
69.33375
69.33375
69.33500
69.33500
69.33500
69.33625
69.33750
69.33875
69.34000
69.34125
69.34250
69.34375
69.34375
69.34500
69.34500
69.34500
69.34750
69.34750
69.34875
69.35000
69.35000
69.35000
69.35250
69.35500
69.35500
69.35750
69.36000
69.36000
68.75143
68.75286
68.75714
68.75714
68.75714
68.75714
68.76000
68.76143
68.76143
68.76286
68.76571
68.76571
68.76571
68.76571
68.76714
68.77000
68.77000
68.77000
68.77000
68.77143
68.77143
68.77429
68.77571
68.77571
68.77857
68.77857
68.78000
68.78143
68.78143
68.78143
68.78286
68.78286
68.78286
68.78429
68.78714
68.78714
68.78714
68.78714
68.79000
68.79286
68.79429
68.79571
68.79571
68.79857
68.79857
68.80143
68.80143
68.80286
68.80286
68.80429
68.80714
68.80857
68.80857
68.80857
68.80857
68.81000
68.81000
68.81143
68.81286
68.81714
68.81857
68.81857
68.81857
68.82000
68.82000
68.82000
68.82143
68.82143
68.82286
68.82429
68.82429
68.82571
68.82429
68.82429
68.82429
68.82714
68.82714
68.82714
68.82571
68.83000
68.83143
68.83143
68.83286
68.83286
68.83571
68.83571
68.83429
68.69333
68.69333
68.69333
68.69167
68.69333
68.69333
68.69333
68.69333
68.69500
68.69833
68.69833
68.70000
68.70000
68.70000
68.70000
68.70000
68.70333
67.68400
67.68400
67.68200
67.68400
67.68400
67.68400
67.68400
67.68400
67.69000
67.69200
67.69200
67.69200
67.69400
67.69400
67.69400
67.69400
67.69400
67.69600
67.69800
67.69800
67.69800
67.69800
67.69600
67.69600
67.69600
67.70000
67.70000
68.05500
68.05500
68.05750
68.05750
68.06000
68.06000
68.06000
68.06000
68.06000
68.06000
68.06000
68.06000
68.06000
68.05750
68.05750
68.05750
68.06250
68.06250
68.06000
68.06250
68.06250
68.06500
68.06500
68.06500
68.06500
67.92667
67.92333
67.92333
67.92667
67.92667
67.92667
67.92667
67.93000
67.93333
67.93000
67.93000
67.93000
67.93000
67.93000
67.93000
67.93000
67.93000
67.92667
65.58000
65.58000
65.58500
65.58500
65.58500
65.58000
65.58000
65.58000
65.58500
65.58500
65.58500
65.59000
65.58500
65.58500
65.58500
65.58000
65.58500
65.58500
65.58500
65.58500
65.58500
65.58500
65.58500
65.58500
65.58500
65.58500
65.59000
65.59000
65.59000
65.59500
65.59500
65.59000
65.59000
65.59000
65.59000
65.59000
65.59500
65.59000
65.59000
65.58500
65.58500
65.58000
65.58000
65.58000
65.58000
65.57500
65.57500
65.57000
65.57000
65.57000
65.57500
65.57000
65.57000
65.57000
65.57000
65.57500
65.57500
65.57000
65.57000
65.56500
65.56500
65.56500
65.56500
65.56500
65.56500
65.57000
65.57000
65.56500
65.56500
65.56500
65.56500
65.56500
65.56000
65.56000
65.56500
65.56500
65.56500
65.56000
65.56000
65.56000
65.56000
65.56000
65.56000
65.56500
65.56500
65.56500
65.56500
65.56500
65.56500
65.56500
65.56000
65.56000
65.56500
65.56500
65.56500
65.56000
65.56000
65.56000
65.56000
65.55500
65.55000
65.55000
65.55000
65.55500
65.55000
65.55000
65.55000
65.54500
65.54500
65.55000
65.55000
65.54500
65.54500
65.54500
65.54500
65.54000
65.54000
65.54000
65.54000
65.54000
65.54000
65.54500
65.54500
65.54500
65.54500
65.54500
65.54500
65.54000
65.54000
65.54000
65.54000
65.54500
65.54000
65.54000
65.54000
65.54000
65.54000
65.53500
65.53500
65.53000
65.53000
65.53000
65.53000
65.52500
65.52500
65.53000
65.53000
65.53000
65.53000
65.53000
65.52000
65.52000
58.98000
58.98000
58.98000
58.98000
58.98000
58.98000
58.99000
58.99000
58.99000
58.99000
58.99000
58.99000
59.00000
59.00000
59.00000
59.00000
59.00000
59.00000
59.00000
59.00000
59.00000
59.01000
59.01000
59.01000
59.01000
59.01000
59.01000
59.01000
59.01000
59.02000
59.02000
59.02000
59.02000
59.02000
59.02000
59.02000
59.03000
59.03000
59.04000
59.04000
59.04000
59.04000
59.04000
59.04000
59.04000
59.04000
59.04000
59.04000
59.05000
59.05000
59.05000
59.05000
59.05000
59.06000
59.06000
59.06000
59.06000
59.06000
59.06000
59.06000
59.07000
59.07000
59.07000
59.07000
59.07000
59.08000
59.08000
59.08000
59.08000
59.08000
59.08000
59.08000
59.08000
59.08000
59.08000
59.09000
59.09000
59.09000
59.09000
59.09000
59.09000
59.09000
59.09000
59.09000
59.10000
59.10000
59.10000
59.10000
59.10000
59.10000
59.11000
59.11000
59.11000
59.11000
59.11000
59.12000
59.12000
59.12000
59.13000
59.13000
59.13000
59.13000
59.13000
59.13000
59.13000
59.13000
59.13000
59.13000
59.14000
59.14000
59.14000
59.15000
59.15000
59.15000
59.15000
59.15000
59.15000
59.15000
59.15000
59.15000
59.16000
59.16000
59.16000
59.16000
59.16000
59.16000
59.16000
59.17000
59.17000
59.17000
59.17000
59.17000
59.18000
59.18000
59.18000
59.18000
59.19000
59.19000
59.19000
59.19000
59.19000
59.19000
59.19000
59.19000
59.19000
59.19000
59.21000
59.21000
59.21000
59.21000
59.21000
59.21000
59.21000
59.21000
59.21000
59.21000
59.21000
59.21000
59.21000
59.22000
59.22000
59.22000
59.22000
59.22000
59.22000
59.23000
59.23000
59.23000
59.23000
59.23000
59.23000
59.23000
59.23000
59.23000
59.23000
59.23000
59.23000
59.23000
59.23000
59.24000
59.24000
59.24000
59.24000
59.24000
59.24000
59.25000
59.25000
59.25000
59.25000
59.25000
59.25000
59.25000
59.26000
59.26000
59.26000
59.26000
59.26000
59.26000
59.26000
59.26000
59.26000
59.26000
59.27000
59.27000
59.27000
59.27000
59.27000
59.27000
59.27000
59.27000
59.27000
59.28000
59.28000
59.28000
59.28000
59.28000
59.28000
59.28000
59.28000
59.28000
59.28000
59.28000
59.29000
59.29000
59.29000
59.29000
59.29000
59.29000
59.30000
59.30000
59.30000
59.31000
59.31000
59.31000
59.31000
59.31000
59.31000
59.31000
59.31000
59.31000
59.32000
59.32000
59.32000
59.32000
59.32000
59.32000
59.32000
59.32000
59.32000
59.32000
59.33000
59.33000
59.33000
59.33000
59.33000
59.33000
59.33000
59.33000
59.33000
59.34000
59.34000
59.34000
59.34000
59.34000
59.34000
59.35000
59.35000
59.35000
59.35000
59.35000
59.36000
59.36000
59.36000
59.36000
59.36000
59.36000
59.36000
59.36000
59.36000
59.36000
59.36000
59.36000
59.36000
59.37000
59.37000
59.37000
59.37000
59.37000
59.37000
59.38000
59.38000
59.38000
59.38000
59.38000
59.38000
59.38000
59.38000
59.38000
59.38000
59.38000
59.39000
59.39000
59.39000
59.39000
59.39000
59.40000
59.40000
59.40000
59.40000
59.40000
59.40000
59.40000
59.40000
59.40000
59.40000
59.40000
59.40000
59.40000
59.40000
59.41000
59.41000
59.41000
59.41000
59.41000
59.41000
59.41000
59.41000
59.42000
59.42000
59.43000
59.43000
