0.00000
0.00000
0.00000
0.00000
0.00000
0.00000
0.00000
0.00000
0.00000
0.00000
0.00000
0.00000
0.00000
0.00000
0.00000
0.00000
0.00000
3.20000
3.20000
4.70000
4.70000
4.70000
4.70000
6.80000
8.70000
9.20000
11.60000
17.60000
17.80800
17.37500
17.64200
18.19200
18.19200
18.67500
22.49000
23.05700
22.86300
23.10600
23.47600
24.32400
24.81900
25.34500
25.25500
25.81300
26.01400
26.11900
26.15000
26.17300
26.50300
27.04600
27.45900
27.78200
27.92500
27.92200
28.34200
28.44700
28.53500
28.43000
28.55800
28.92200
29.05800
29.37800
29.47500
29.69500
30.11200
30.21100
30.69500
30.86400
30.81100
30.89500
31.11700
31.47600
31.61400
31.96300
31.92600
32.11000
32.30700
32.37100
32.53000
32.64600
32.69000
32.92300
33.08100
33.18300
33.36500
33.77200
33.73400
33.77300
33.79100
33.96800
34.20600
34.33300
34.41200
34.48100
34.39400
34.43000
34.44000
34.36300
34.38300
34.44500
34.43900
34.60500
34.79600
34.67900
34.74500
34.93000
34.95000
35.05200
35.12500
35.21200
35.32400
35.34600
35.34500
35.20900
35.23600
35.20800
35.24500
35.33200
35.49500
35.47800
35.54100
35.58200
35.65500
35.72600
35.84300
35.86700
35.97800
36.00700
36.06500
36.04700
36.13000
36.24800
36.32300
36.30500
36.37300
36.37400
36.38100
36.33900
36.40000
36.40500
36.54000
36.48000
36.62900
36.68800
36.75900
36.81500
36.85600
36.83600
36.91500
36.86200
36.88600
36.91400
36.79700
36.81800
36.83300
36.85200
36.85900
36.90100
36.89300
36.87200
36.90800
37.02600
37.05000
37.06700
37.06500
37.08900
37.08400
37.11900
37.08100
37.07000
37.11800
37.10900
37.17200
37.20000
37.18700
37.18500
37.20500
37.17800
37.23400
37.27200
37.28200
37.33700
37.37200
37.35500
37.41600
37.41100
37.41000
37.40400
37.40100
37.39700
37.39200
37.37300
37.42300
37.39300
37.42100
37.44200
37.40700
37.39900
37.45400
37.53200
37.56500
37.58300
37.60300
37.62100
37.64200
37.64200
37.57700
37.53700
37.58100
37.58800
37.55800
37.61200
37.61700
37.57300
37.57700
37.57200
37.62200
37.58300
37.57100
37.56600
37.57100
37.57400
37.56400
37.58400
37.59100
37.60200
37.62700
37.59500
37.55200
37.54400
37.58200
37.60900
37.60400
37.63200
37.60700
37.69200
37.69200
37.71600
37.71900
37.72200
37.68800
37.69000
37.68900
37.67000
37.70000
37.69000
37.65800
37.65400
37.66700
37.65900
37.66400
37.67100
37.70200
37.69000
37.65400
37.64000
37.62700
37.61100
37.51700
37.50600
37.47900
37.46500
37.46600
37.47600
37.51000
37.52500
37.56000
37.53600
37.55000
37.55300
37.53100
37.51500
37.49900
37.52100
37.50200
37.46900
37.47500
37.50600
37.52200
37.52300
37.51000
37.50000
37.50800
37.50700
37.48800
37.46500
37.47600
37.46500
37.49500
37.47900
37.46000
37.43700
37.37700
37.37600
37.36600
37.38100
37.35800
37.36100
37.37000
37.36200
37.35800
37.32200
37.32200
37.32100
37.30300
37.31800
37.32700
37.34000
37.36500
37.37700
37.35400
37.33300
37.34200
37.35000
37.32600
37.32100
37.32500
37.31700
37.30700
37.31100
37.29200
37.29100
37.26900
37.26200
37.25900
37.24300
37.24200
37.23600
37.23300
37.26300
37.26300
37.25000
37.23600
37.20500
37.20900
37.18900
37.20700
37.18000
37.17600
37.18800
37.20400
37.19500
37.20800
37.20000
37.23800
37.23000
37.23600
37.21800
37.25900
37.24500
37.26400
37.28100
37.26600
37.25500
37.27300
37.25400
37.27100
37.28100
37.30300
37.28600
37.29100
37.30200
37.30700
37.30000
37.30100
37.32400
37.35400
37.35200
37.35800
37.36200
37.34300
37.35600
37.33500
37.32800
37.34000
37.32600
37.32600
37.32600
37.33600
37.34900
37.35200
37.33200
37.33600
37.33900
37.34700
37.34700
37.36200
37.35200
37.36300
37.38500
37.37600
37.36200
37.35700
37.35400
37.36800
37.38200
37.39300
37.38000
37.39100
37.41300
37.39900
37.41400
37.41800
37.44100
37.46700
37.45700
37.46400
37.45000
37.42900
37.44400
37.43300
37.41500
37.39600
37.40000
37.41200
37.41200
37.42500
37.41200
37.40200
37.41600
37.40900
37.40600
37.40900
37.43600
37.42600
37.41800
37.42700
37.43400
37.43800
37.44400
37.44000
37.47200
37.47400
37.46600
37.45300
37.45500
37.46400
37.46400
37.47500
37.47200
37.48100
37.49200
37.46800
37.46700
37.44300
37.44800
37.43700
37.42300
37.40900
37.40700
37.38300
37.39600
37.40800
37.38800
37.38200
37.39100
37.40500
37.39200
37.40600
37.41500
37.42600
37.39900
37.40200
37.38800
37.37000
37.34900
37.34000
37.32300
37.33700
37.34600
37.34300
37.33900
37.33400
37.33300
37.35500
37.37700
37.38400
37.37600
37.35300
37.36100
37.37900
37.37300
37.37000
37.35500
37.37700
37.37400
37.37900
37.36200
37.37400
37.37400
37.37100
37.37200
37.37000
37.37400
37.38200
37.38900
37.38800
37.38700
37.39500
37.41200
37.40500
37.42600
37.42100
37.42000
37.40500
37.39500
37.39100
37.38800
37.39000
37.40300
37.41000
37.40900
37.39800
37.38900
37.39400
37.39000
37.38800
37.40600
37.40400
37.39700
37.40200
37.38100
37.38400
37.38400
37.38700
37.38400
37.40900
37.39000
37.38400
37.40900
37.38800
37.39700
37.40500
37.42200
37.41000
37.42500
37.41300
37.42000
37.40900
37.39700
37.38000
37.37900
37.38100
37.39200
37.39500
37.39600
37.38900
37.40100
37.40300
37.38600
37.39100
37.39300
37.38700
37.37700
37.38400
37.38200
37.38000
37.37100
37.34500
37.35600
37.34600
37.34200
37.33200
37.32000
37.33200
37.33200
37.33400
37.32700
37.33300
37.34400
37.33400
37.32200
37.30600
37.31600
37.31200
37.30900
37.30800
37.30600
37.29000
37.29300
37.30200
37.29200
37.28700
37.30800
37.30600
37.29600
37.30500
37.30100
37.30200
37.30300
37.30200
37.31100
37.31200
37.31700
37.30600
37.30500
37.31600
37.31100
37.31300
37.31800
37.31200
37.31400
37.31000
37.30100
37.30500
37.29900
37.29800
37.29400
37.28600
37.28600
37.28900
37.30400
37.29300
37.29900
37.29900
37.30500
37.29800
37.28800
37.27500
37.27800
37.28900
37.27600
37.27700
37.28700
37.25500
37.26000
37.26500
37.25000
37.24800
37.25000
37.24100
37.23900
37.23900
37.24000
37.23800
37.23700
37.22400
37.23800
37.23800
37.23800
37.23800
37.24400
37.25600
37.25500
37.26000
37.26400
37.25600
37.25100
37.24900
37.26100
37.25700
37.24500
37.24900
37.24900
37.23700
37.25000
37.23700
37.23600
37.23700
37.23300
37.22700
37.24500
37.24900
37.24800
37.25700
37.27400
37.26200
37.27000
37.26800
37.25700
37.25000
37.25400
37.24300
37.23100
37.23300
37.23400
37.23800
37.25200
37.23000
37.25500
37.27000
37.27100
37.25800
37.26200
37.27200
37.28000
37.26700
37.27900
37.29000
37.29300
37.30200
37.32000
37.33000
37.32500
37.33700
37.33400
37.33300
37.33700
37.33800
37.32200
37.31800
37.31400
37.32400
37.32700
37.31900
37.32800
37.32800
37.32800
37.32900
37.32100
37.32200
37.32200
37.32400
37.33100
37.33600
37.35300
37.35000
37.34400
37.35100
37.35000
37.35000
37.32900
37.33400
37.34300
37.33400
37.31100
37.32300
37.32600
37.32100
37.30600
37.30800
37.30300
37.29500
37.29100
37.28900
37.29800
37.29300
37.29100
37.29800
37.30700
37.31400
37.31200
37.31100
37.30200
37.30600
37.31000
37.30700
37.29800
37.29200
37.30200
37.31200
37.31200
37.30500
37.29800
37.29200
37.29700
37.29800
37.28500
37.29300
37.29300
37.29500
37.30600
37.31000
37.29800
37.30300
37.30200
37.30900
37.30300
37.30500
37.29600
37.29600
37.29500
37.29700
37.29200
37.29900
37.29600
37.29300
37.29300
37.29100
37.28000
37.27700
37.27700
37.28400
37.27900
37.27200
37.27100
37.27900
37.27800
37.29200
37.28200
37.27400
37.27600
37.28000
37.26800
37.27200
37.27000
37.28100
37.30000
37.30200
37.29200
37.30400
37.30100
37.30900
37.30900
37.32100
37.32200
37.31000
37.31600
37.32400
37.32800
37.33600
37.32900
37.34400
37.33500
37.32900
37.33700
37.34200
37.34200
37.34900
37.34200
37.35100
37.35000
37.34900
37.35600
37.36000
37.35300
37.35200
37.35300
37.34800
37.35000
37.35100
37.35200
37.34500
37.33900
37.33400
37.33000
37.32800
37.33600
37.34500
37.34800
37.35300
37.35300
37.35100
37.34800
37.34800
37.34500
37.34500
37.34000
37.34000
37.33700
37.33700
37.34000
37.34000
37.33500
37.33300
37.34200
37.33200
37.33000
37.32800
37.32700
37.33000
37.33400
37.33700
37.34300
37.34100
37.32600
37.32700
37.32700
37.32500
37.31400
37.31400
37.32000
37.31900
37.31600
37.30900
37.31600
37.31800
37.31500
37.32000
37.31200
37.31300
37.32500
37.33800
37.35200
37.35200
37.35600
37.35700
37.36900
37.37000
37.37700
37.36900
37.36200
37.35900
37.36100
37.36400
37.37800
37.36800
37.36400
37.35100
37.35700
37.36400
37.36800
37.35700
37.36200
37.36400
37.36300
37.36900
37.37900
37.37400
37.36900
37.36800
37.37200
37.37600
37.38000
37.37200
37.37200
37.37100
37.37100
37.37700
37.37700
37.37400
37.38000
37.37700
37.38600
37.38400
37.38200
37.37700
37.37100
37.36500
37.36300
37.36000
37.35400
37.35600
37.34600
37.35200
37.35900
37.36000
37.35700
37.34800
37.34000
37.34100
37.34600
37.33600
37.32900
37.33000
37.33300
37.33200
37.33100
37.33500
37.32700
37.32400
37.31700
37.31700
37.33300
37.32600
37.32100
37.31800
37.31300
37.31100
37.30900
37.30300
37.29800
37.30300
37.30600
37.31900
37.32000
37.32400
37.33000
37.32400
37.32000
37.32000
37.31100
37.31300
37.31500
37.31200
37.30400
37.31400
37.30500
37.30000
37.30000
37.30000
37.30000
37.30200
37.29500
37.28300
37.28000
37.28000
37.27700
37.27000
37.27500
37.27200
37.27800
37.28000
37.26000
37.26700
37.26700
37.27000
37.26400
37.25900
37.25400
37.25800
37.25000
37.24600
37.24800
37.25700
37.26100
37.25800
37.25800
37.26200
37.26100
37.26700
37.26400
37.27600
37.27500
37.27600
37.28400
37.28100
37.27800
37.28600
37.28200
37.27400
37.27200
37.27700
37.27600
37.27100
37.27600
37.27500
37.27200
37.28100
37.27100
37.26900
37.26600
37.26700
37.26400
37.26000
37.26300
37.26200
37.26500
37.26100
37.27200
37.27400
37.27600
37.27700
37.27400
37.26900
37.27100
37.27200
37.27000
37.26500
37.26400
37.26500
37.27100
37.26800
37.26900
37.26400
37.26100
37.26600
37.27000
37.28100
37.27700
37.27700
37.27900
37.27900
37.28300
37.28500
37.28100
37.28500
37.28100
37.28200
37.27800
37.27700
37.26900
37.26500
37.26800
37.27200
37.26700
37.26400
37.26900
37.27100
37.27400
37.27300
37.27100
37.27100
37.28000
37.28100
37.28400
37.28500
37.28400
37.28700
37.29000
37.28300
37.28100
37.28800
37.29200
37.29200
37.29300
37.29100
37.28500
37.28800
37.29400
37.28900
37.29600
37.29600
37.29500
37.29800
37.30000
37.29600
37.29800
37.29900
37.29500
37.30000
37.30200
37.29600
37.29800
37.30300
37.30800
37.30800
37.30300
37.29600
37.29800
37.30200
37.30400
37.30200
37.29700
37.30100
37.30500
37.30500
37.30500
37.31600
37.31700
37.31200
37.31400
37.31500
37.32600
37.32900
37.33200
37.33500
37.34000
37.34000
37.34800
37.34800
37.34400
37.35300
37.35000
37.35800
37.36600
37.36700
37.36700
37.37100
37.37100
37.38000
37.37900
37.37700
37.38200
37.38000
37.38100
37.38900
37.39900
37.40700
37.40600
37.40200
37.40100
37.40300
37.39900
37.40500
37.40600
37.40200
37.41100
37.41000
37.41900
37.41500
37.41500
37.41400
37.42000
37.42000
37.43000
37.42900
37.43800
37.43600
37.44000
37.43600
37.44700
37.44100
37.44700
37.44900
37.45100
37.45900
37.45200
37.46200
37.46300
37.46800
37.47100
37.46600
37.47500
37.47500
37.48200
37.48200
37.48300
37.48000
37.47300
37.47800
37.47800
37.47500
37.47800
37.48200
37.48000
37.48200
37.48100
37.47500
37.47700
37.47700
37.47900
37.48300
37.48200
37.48300
37.48400
37.47700
37.47000
37.47100
37.47200
37.47200
37.47700
37.47600
37.47400
37.47400
37.47400
37.47600
37.47400
37.47900
37.47400
37.45600
37.45600
37.45600
37.46100
37.46300
37.46700
37.47300
37.47200
37.46900
37.47200
37.46700
37.47100
37.46700
37.46300
37.46500
37.46400
37.46800
37.47100
37.47200
37.47600
37.47200
37.47300
37.47200
37.47100
37.46800
37.46900
37.46800
37.46800
37.46700
37.47200
37.47300
37.47500
37.48400
37.47600
37.47000
37.46600
37.46300
37.45600
37.45500
37.45500
37.46300
37.46100
37.46000
37.45600
37.45300
37.45200
37.44900
37.44900
37.45600
37.45600
37.45600
37.45800
37.46300
37.45900
37.45700
37.45900
37.45900
37.45900
37.45100
37.45300
37.46000
37.46300
37.46100
37.46700
37.46000
37.45300
37.46600
37.46600
37.46400
37.46400
37.46200
37.46400
37.46100
37.46300
37.46000
37.45900
37.45900
37.46000
37.45500
37.46000
37.46300
37.47000
37.47400
37.47200
37.47200
37.47900
37.47900
37.48400
37.49000
37.48600
37.48700
37.48600
37.49700
37.50100
37.50200
37.50700
37.51200
37.52000
37.51200
37.51900
37.51900
37.51900
37.52400
37.52600
37.52600
37.52800
37.52900
37.53100
37.53100
37.53200
37.53900
37.54000
37.54400
37.54500
37.55000
37.54500
37.54500
37.55000
37.54800
37.55200
37.55200
37.55300
37.55600
37.55500
37.55300
37.55100
37.55100
37.55100
37.54600
37.54100
37.54800
37.54800
37.53900
37.53700
37.53700
37.53900
37.53700
37.53000
37.52800
37.53300
37.53200
37.53100
37.52800
37.53100
37.52900
37.53100
37.53100
37.53900
37.54000
37.54300
37.54700
37.54900
37.55200
37.54700
37.54700
37.55000
37.55200
37.55400
37.54700
37.54700
37.54300
37.54200
37.54500
37.53900
37.53900
37.53800
37.54400
37.54400
37.54100
37.54000
37.53700
37.54400
37.54900
37.55200
37.54800
37.54800
37.55100
37.55000
37.55400
37.55700
37.56400
37.56500
37.56500
37.56700
37.56700
37.56800
37.56700
37.57100
37.57400
37.57300
37.57700
37.58000
37.58200
37.58000
37.58200
37.57900
37.57000
37.57100
37.57500
37.57300
37.57900
37.58200
37.58600
37.58900
37.58700
37.59300
37.59200
37.59900
37.60100
37.60400
37.60100
37.60400
37.61000
37.60800
37.60200
37.60500
37.60800
37.61300
37.61100
37.61300
37.61600
37.61500
37.61800
37.61400
37.61100
37.61200
37.61300
37.61500
37.62000
37.62300
37.63000
37.62800
37.63000
37.62800
37.62400
37.61900
37.61900
37.62000
37.62300
37.62200
37.63200
37.63400
37.63900
37.63700
37.64100
37.64400
37.64300
37.64400
37.64500
37.64800
37.65000
37.64500
37.64300
37.64400
37.64500
37.64300
37.64500
37.64400
37.63900
37.63900
37.64100
37.63400
37.63800
37.63300
37.63500
37.63900
37.63800
37.63400
37.63400
37.64700
37.65200
37.64900
37.64900
37.64900
37.65100
37.64800
37.64900
37.65100
37.65000
37.64800
37.64500
37.64700
37.64500
37.64800
37.64800
37.65100
37.65000
37.65300
37.65400
37.65100
37.65300
37.65300
37.65700
37.65700
37.65600
37.65400
37.65300
37.65500
37.65600
37.65100
37.64700
37.65000
37.65300
37.65500
37.65300
37.65900
37.65600
37.65600
37.65400
37.65700
37.65700
37.66500
37.66500
37.66100
37.66700
37.67600
37.68100
37.67900
37.67800
37.67800
37.68100
37.67900
37.68100
37.69500
37.69900
37.69800
37.70900
37.70900
37.71100
37.70900
37.70800
37.70300
37.70900
37.72200
37.72300
37.72200
37.71900
37.71200
37.71800
37.71600
37.72100
37.71900
37.72300
37.72600
37.72900
37.72800
37.72600
37.72700
37.72800
37.73300
37.73700
37.74100
37.74500
37.74900
37.75000
37.74900
37.75000
37.75200
37.75400
37.75700
37.76400
37.76500
37.76500
37.76500
37.76000
37.75600
37.76000
37.76200
37.76300
37.77300
37.77300
37.77300
37.77300
37.77300
37.77500
37.77200
37.76700
37.77200
37.77800
37.76900
37.77000
37.77400
37.77100
37.76900
37.76700
37.77000
37.77200
37.77100
37.76900
37.77100
37.77800
37.78400
37.78200
37.78100
37.78300
37.78100
37.78600
37.78300
37.78300
37.78500
37.77800
37.78000
37.78000
37.78200
37.78100
37.77900
37.77800
37.78500
37.77500
37.77500
37.77700
37.77100
37.77200
37.77400
37.77400
37.77500
37.77700
37.77800
37.78400
37.78600
37.78400
37.78200
37.78300
37.77900
37.77400
37.77500
37.77700
37.77400
37.77600
37.77900
37.78200
37.78600
37.78800
37.78900
37.78400
37.78700
37.79100
37.79600
37.79100
37.78800
37.78800
37.78200
37.77900
37.77600
37.77200
37.77200
37.77000
37.77000
37.77600
37.77700
37.77700
37.77300
37.77300
37.76700
37.76700
37.76600
37.76100
37.76200
37.76000
37.76300
37.77200
37.77100
37.77000
37.76900
37.76800
37.76400
37.76200
37.76200
37.76100
37.76200
37.76100
37.76300
37.76000
37.75700
37.75700
37.75400
37.75400
37.75600
37.75900
37.76300
37.76400
37.76200
37.75600
37.75800
37.75600
37.75500
37.75100
37.74500
37.74400
37.74500
37.74600
37.74600
37.74900
37.74800
37.75100
37.75100
37.75400
37.75800
37.75400
37.75000
37.74800
37.74500
37.75200
37.75100
37.75500
37.75700
37.75900
37.75500
37.75600
37.76100
37.75900
37.76200
37.76600
37.77000
37.77100
37.76800
37.76400
37.76600
37.76400
37.76100
37.75500
37.75500
37.75900
37.75900
37.75800
37.75800
37.75900
37.75800
37.76400
37.76600
37.77100
37.77100
37.77300
37.77400
37.77300
37.77100
37.77100
37.76600
37.77300
37.77300
37.77100
37.77500
37.78000
37.78000
37.78300
37.78700
37.78000
37.78200
37.78900
37.78700
37.78800
37.78800
37.78800
37.78900
37.78800
37.78900
37.78800
37.78900
37.78800
37.78800
37.78700
37.78900
37.79100
37.79100
37.79400
37.79100
37.78600
37.78700
37.78500
37.78600
37.78800
37.79100
37.78800
37.78500
37.78800
37.78500
37.78600
37.78300
37.78300
37.78500
37.78500
37.78400
37.78400
37.78500
37.78800
37.78700
37.78500
37.78500
37.78600
37.78700
37.78700
37.78800
37.78800
37.79100
37.79100
37.79100
37.79000
37.79700
37.79500
37.79300
37.79200
37.79000
37.78900
37.79000
37.79300
37.79600
37.79500
37.79600
37.79200
37.79100
37.79300
37.79500
37.80100
37.80500
37.80000
37.80500
37.80500
37.80500
37.80700
37.80300
37.80300
37.80300
37.80300
37.80500
37.80400
37.80600
37.80900
37.80900
37.80300
37.80000
37.80000
37.79900
37.80100
37.80400
37.80400
37.80300
37.79900
37.79400
37.79100
37.78400
37.78700
37.78700
37.78700
37.78500
37.78400
37.78300
37.78400
37.78400
37.78300
37.78000
37.77900
37.77800
37.78000
37.77700
37.78200
37.77900
37.78300
37.78600
37.78900
37.79300
37.79200
37.79500
37.79000
37.79200
37.79000
37.79100
37.78900
37.79400
37.79200
37.78900
37.79100
37.79800
37.80000
37.80500
37.80600
37.80900
37.80800
37.80200
37.80900
37.81300
37.81800
37.82200
37.81800
37.82300
37.82300
37.81900
37.81700
37.81600
37.81900
37.82300
37.82400
37.82400
37.82100
37.81800
37.81900
37.81900
37.82000
37.82200
37.82300
37.82000
37.82100
37.82600
37.82800
37.82700
37.82900
37.83000
37.82500
37.82800
37.82300
37.82400
37.82100
37.82200
37.82200
37.82000
37.81500
37.80900
37.81000
37.81100
37.81200
37.81600
37.81700
37.81800
37.81800
37.81300
37.81500
37.82000
37.81900
37.81800
37.81900
37.81700
37.81800
37.81700
37.81700
37.81800
37.81900
37.82000
37.81700
37.81400
37.81300
37.81200
37.81400
37.81300
37.80600
37.81000
37.80900
37.80500
37.80600
37.80200
37.80000
37.79900
37.79800
37.79700
37.79800
37.79600
37.79700
37.79700
37.79900
37.79900
37.79800
37.79900
37.79800
37.79700
37.80000
37.79600
37.79900
37.79900
37.79600
37.79600
37.79800
37.79500
37.79300
37.79100
37.79200
37.79400
37.79200
37.79100
37.79200
37.79400
37.79400
37.79900
37.80200
37.79900
37.79700
37.80000
37.79800
37.79400
37.78800
37.78800
37.79100
37.78700
37.78700
37.79100
37.79300
37.79500
37.79600
37.79400
37.79700
37.79600
37.79700
37.79500
37.79900
37.79000
37.78600
37.78300
37.78700
37.78500
37.78400
37.78400
37.78100
37.78000
37.78500
37.78400
37.78100
37.78200
37.78600
37.78900
37.78900
37.78400
37.78400
37.78700
37.78400
37.78200
37.78200
37.78000
37.77800
37.77500
37.77500
37.78000
37.77700
37.77500
37.77600
37.77600
37.77600
37.77200
37.76900
37.77500
37.77400
37.77700
37.77700
37.77600
37.77800
37.77800
37.77900
37.77900
37.77500
37.77300
37.77100
37.77200
37.77800
37.78100
37.78000
37.78300
37.78500
37.78300
37.78200
37.78500
37.78300
37.78000
37.78600
37.78400
37.78500
37.78500
37.78500
37.78600
37.78500
37.78300
37.78100
37.78200
37.77900
37.78200
37.78200
37.78100
37.78100
37.78200
37.78200
37.78100
37.78200
37.78200
37.78700
37.79000
37.79000
37.78800
37.79000
37.78800
37.79100
37.78700
37.79000
37.78900
37.78900
37.78900
37.78900
37.78900
37.78800
37.78800
37.78600
37.78400
37.79200
37.79200
37.78700
37.79200
37.79100
37.79200
37.79200
37.79400
37.79700
37.79900
37.79500
37.79800
37.79800
37.79900
37.79900
37.80100
37.79600
37.79900
37.79600
37.79500
37.79500
37.79200
37.78800
37.79100
37.79100
37.79000
37.79300
37.79000
37.79000
37.79000
37.79000
37.78900
37.78900
37.78800
37.79000
37.78400
37.78500
37.78300
37.78200
37.78200
37.78200
37.78100
37.78100
37.77800
37.78300
37.77700
37.77600
37.77500
37.77400
37.77500
37.77700
37.77400
37.77500
37.77300
37.77400
37.77400
37.77300
37.77400
37.77000
37.76900
37.76200
37.76200
37.76100
37.76400
37.76100
37.76100
37.76200
37.76200
37.76500
37.76200
37.76300
37.76200
37.76100
37.75800
37.75800
37.75900
37.75900
37.75800
37.75900
37.76200
37.76400
37.76400
37.76400
37.76500
37.76600
37.77200
37.77000
37.77200
37.77000
37.77100
37.77200
37.77700
37.77400
37.77900
37.78200
37.78300
37.78500
37.78600
37.78500
37.78700
37.79000
37.78900
37.79100
37.79200
37.79100
37.78900
37.79100
37.79000
37.79200
37.79400
37.79600
37.79500
37.79300
37.79100
37.79500
37.79100
37.79500
37.79900
37.80000
37.79900
37.79900
37.79600
37.79500
37.79500
37.79900
37.80100
37.80100
37.79800
37.79800
37.79700
37.79700
37.79500
37.79300
37.79500
37.79600
37.80200
37.80300
37.80500
37.80500
37.80500
37.79900
37.79700
37.80200
37.80500
37.80600
37.80700
37.80500
37.80300
37.80400
37.80300
37.80200
37.80400
37.80500
37.79800
37.80100
37.79800
37.79800
37.79800
37.79800
37.79900
37.79700
37.79700
37.79700
37.80100
37.80000
37.80400
37.80600
37.80900
37.81000
37.81000
37.81400
37.81200
37.81600
37.81700
37.82200
37.82000
37.82500
37.82900
37.82200
37.82100
37.81900
37.82000
37.82000
37.82400
37.82500
37.82300
37.82300
37.82700
37.82800
37.82900
37.83100
37.83000
37.82900
37.82700
37.82800
37.82800
37.82900
37.83000
37.82900
37.82800
37.82900
37.83200
37.83200
37.83700
37.83800
37.84100
37.83900
37.84100
37.84300
37.84100
37.83800
37.84100
37.84100
37.83600
37.84100
37.84300
37.84200
37.83700
37.83700
37.83100
37.82800
37.83000
37.82900
37.82900
37.82700
37.82900
37.83200
37.83500
37.83100
37.82900
37.83100
37.82900
37.83300
37.83600
37.83400
37.83600
37.83300
37.83100
37.83200
37.83300
37.83200
37.83400
37.83900
37.84300
37.84000
37.83900
37.84100
37.83900
37.83800
37.83700
37.83200
37.83600
37.83500
37.83300
37.83600
37.83700
37.83500
37.83400
37.83100
37.83200
37.83600
37.83400
37.83400
37.83700
37.83700
37.83900
37.83800
37.83700
37.83600
37.83700
37.84000
37.83700
37.83800
37.83800
37.83700
37.83800
37.83600
37.83800
37.83900
37.84300
37.84600
37.84300
37.84700
37.84600
37.84700
37.85100
37.85400
37.85200
37.85200
37.85400
37.85400
37.85400
37.85000
37.85100
37.85200
37.85300
37.85500
37.85800
37.85600
37.85800
37.86100
37.86100
37.85900
37.86000
37.85900
37.85900
37.86000
37.85500
37.85700
37.85800
37.85900
37.85600
37.85600
37.85500
37.85600
37.85700
37.85700
37.85700
37.85900
37.85800
37.85700
37.86000
37.86300
37.86000
37.86100
37.86200
37.86000
37.86300
37.86300
37.86300
37.86400
37.86300
37.86600
37.86800
37.86900
37.87200
37.87000
37.86800
37.87300
37.87100
37.86700
37.86700
37.86300
37.86300
37.86200
37.86300
37.86200
37.86600
37.86600
37.86800
37.86400
37.86400
37.86300
37.86400
37.86800
37.86500
37.86400
37.86700
37.86600
37.86800
37.86700
37.86900
37.86600
37.86500
37.86800
37.86700
37.87300
37.87500
37.87400
37.87400
37.87100
37.87100
37.87600
37.87700
37.87600
37.87500
37.87700
37.87300
37.87300
37.87200
37.87200
37.87400
37.87700
37.88100
37.88100
37.87900
37.88100
37.88300
37.88300
37.88600
37.88600
37.88500
37.88500
37.88600
37.88500
37.88700
37.88500
37.88400
37.88100
37.88200
37.88200
37.88100
37.88300
37.87800
37.87900
37.87900
37.88100
37.88200
37.88200
37.88500
37.88400
37.88400
37.88500
37.88500
37.88700
37.88400
37.88600
37.89000
37.89200
37.89300
37.88400
37.88500
37.88500
37.89000
37.88900
37.89000
37.89300
37.89400
37.89600
37.89900
37.89500
37.89400
37.89600
37.89700
37.89500
37.89400
37.89900
37.90000
37.90000
37.89700
37.89600
37.89500
37.89600
37.89000
37.89300
37.89700
37.89800
37.90100
37.89800
37.89500
37.89500
37.89500
37.89800
37.89800
37.90000
37.89900
37.89800
37.89700
37.89800
37.89800
37.90400
37.90100
37.89700
37.89600
37.89400
37.89200
37.89200
37.88700
37.88600
37.88500
37.88300
37.88400
37.88100
37.88200
37.88400
37.88500
37.88600
37.88700
37.89300
37.89500
37.89600
37.89900
37.89800
37.90000
37.89800
37.89600
37.89600
37.89300
37.89300
37.88800
37.89100
37.88900
37.88600
37.88600
37.88600
37.88300
37.88200
37.88300
37.88500
37.88600
37.88600
37.88600
37.88500
37.88600
37.88800
37.88800
37.88900
37.88900
37.89000
37.89100
37.89000
37.88700
37.88800
37.88700
37.89200
37.89300
37.89300
37.89000
37.88700
37.88700
37.89200
37.89600
37.89700
37.90100
37.90100
37.90000
37.89700
37.89900
37.89900
37.90200
37.90400
37.90200
37.90400
37.90800
37.90800
37.91100
37.90900
37.91000
37.91000
37.91000
37.90800
37.90900
37.90900
37.91000
37.91300
37.91200
37.91500
37.91200
37.91500
37.91800
37.91900
37.92100
37.92300
37.92400
37.92500
37.92400
37.92800
37.92800
37.93100
37.93300
37.93500
37.93500
37.93600
37.93900
37.94100
37.94200
37.94700
37.94600
37.94600
37.95000
37.95400
37.95500
37.95500
37.95800
37.95900
37.96000
37.95900
37.96300
37.96500
37.96500
37.96400
37.96800
37.96700
37.96600
37.96900
37.97200
37.97200
37.97600
37.97400
37.97400
37.98000
37.98400
37.98000
37.97800
37.98100
37.98100
37.98100
37.98500
37.98600
37.98300
37.98500
37.98300
37.98600
37.98800
37.98900
37.98900
37.98900
37.98900
37.99100
37.98800
37.98900
37.98900
37.99500
37.99600
37.99700
37.99700
37.99800
38.00500
38.00700
38.00900
38.01100
38.01300
38.01700
38.01800
38.01700
38.01900
38.01900
38.02100
38.02100
38.02700
38.02700
38.03000
38.03000
38.02900
38.02800
38.03200
38.03500
38.03400
38.03400
38.03700
38.03500
38.03700
38.03400
38.03700
38.03700
38.04100
38.03700
38.03900
38.03900
38.03800
38.04400
38.04200
38.04600
38.04600
38.04700
38.04600
38.04800
38.05100
38.05500
38.05600
38.05700
38.05900
38.06000
38.05800
38.05700
38.05700
38.05400
38.05800
38.06400
38.06600
38.06600
38.06600
38.06500
38.07000
38.06800
38.06900
38.06700
38.07100
38.07400
38.07500
38.07400
38.07500
38.07400
38.07400
38.07500
38.07500
38.07700
38.07300
38.06900
38.06900
38.06800
38.06900
38.06800
38.07300
38.07100
38.07200
38.07400
38.07600
38.07800
38.07800
38.07800
38.07800
38.08200
38.07900
38.07900
38.08400
38.08300
38.08400
38.09000
38.08800
38.08600
38.08600
38.08600
38.08700
38.08600
38.09000
38.09400
38.09400
38.10000
38.09800
38.10200
38.10100
38.10500
38.10600
38.10700
38.11000
38.10900
38.10800
38.10900
38.10800
38.10900
38.11100
38.12000
38.11900
38.11900
38.12000
38.12000
38.11700
38.11700
38.11700
38.11600
38.11700
38.11500
38.11700
38.12300
38.11800
38.11800
38.12100
38.12200
38.12700
38.12600
38.13000
38.13200
38.13200
38.13500
38.13600
38.13700
38.13800
38.14200
38.14100
38.13900
38.14100
38.14000
38.13900
38.13500
38.13500
38.13300
38.13300
38.13300
38.13000
38.12600
38.12800
38.12500
38.12600
38.12800
38.13000
38.12800
38.12900
38.12800
38.12900
38.13200
38.13300
38.13100
38.12800
38.12700
38.12300
38.12600
38.12500
38.12200
38.12400
38.12300
38.12200
38.12300
38.12400
38.12100
38.12500
38.12500
38.12500
38.12600
38.12500
38.12400
38.12500
38.12600
38.12100
38.12200
38.11900
38.11700
38.11600
38.11400
38.10900
38.11100
38.11400
38.11200
38.11900
38.11700
38.12000
38.12300
38.12300
38.12300
38.11900
38.12100
38.12200
38.12200
38.12400
38.12300
38.12200
38.12500
38.12300
38.12000
38.11900
38.11900
38.12200
38.12200
38.12300
38.12100
38.12300
38.12300
38.12300
38.12700
38.12600
38.12500
38.12900
38.12800
38.12300
38.12200
38.12300
38.12400
38.12200
38.12300
38.12200
38.12600
38.12600
38.12600
38.12400
38.12600
38.12700
38.13100
38.13000
38.13000
38.13100
38.13200
38.12900
38.13300
38.13500
38.13400
38.13300
38.13000
38.13100
38.13200
38.13200
38.13000
38.13000
38.13200
38.13100
38.13000
38.13300
38.13400
38.13300
38.13300
38.13100
38.12900
38.12900
38.12500
38.12600
38.12700
38.12500
38.12600
38.12700
38.12600
38.12600
38.12700
38.12500
38.12800
38.12800
38.12800
38.12700
38.12900
38.12900
38.13000
38.13000
38.13200
38.13500
38.13500
38.13400
38.13600
38.13600
38.13500
38.13600
38.13900
38.13700
38.13700
38.13600
38.13500
38.13500
38.13500
38.13400
38.13500
38.13800
38.14100
38.14100
38.14200
38.14200
38.14500
38.14100
38.14200
38.14400
38.14300
38.14600
38.14600
38.14200
38.14300
38.14400
38.14400
38.14900
38.14900
38.14700
38.14400
38.14300
38.14200
38.14500
38.14400
38.14700
38.14600
38.14700
38.14900
38.14700
38.14300
38.14400
38.14400
38.14700
38.14600
38.14600
38.14600
38.14600
38.14700
38.14500
38.14800
38.14800
38.14600
38.14900
38.14800
38.15100
38.15100
38.15100
38.15200
38.15400
38.15400
38.15200
38.15100
38.15000
38.15200
38.15300
38.15400
38.15600
38.15500
38.15500
38.15600
38.15600
38.15800
38.15700
38.15500
38.15300
38.15600
38.16000
38.16400
38.16500
38.16700
38.16700
38.16700
38.16600
38.16700
38.16900
38.16800
38.16700
38.16600
38.16700
38.16700
38.16500
38.16800
38.16800
38.16700
38.16400
38.16500
38.16600
38.16300
38.16200
38.15900
38.15900
38.16000
38.16200
38.16400
38.16700
38.16400
38.16700
38.16700
38.16500
38.16400
38.16400
38.16300
38.16400
38.16600
38.16400
38.16300
38.16500
38.16700
38.17000
38.16800
38.16700
38.16600
38.16600
38.16600
38.16700
38.17100
38.16800
38.17000
38.17100
38.17000
38.17100
38.17200
38.16800
38.17000
38.17300
38.17000
38.17000
38.17100
38.17200
38.17000
38.17000
38.16900
38.16800
38.17000
38.17000
38.17300
38.17500
38.17400
38.17400
38.17400
38.17200
38.17200
38.17200
38.17100
38.17000
38.17300
38.17100
38.17300
38.17000
38.17200
38.17300
38.17500
38.17500
38.17800
38.18000
38.18200
38.18300
38.18200
38.18000
38.18100
38.18200
38.18200
38.18000
38.18000
38.17900
38.18000
38.18000
38.17900
38.18100
38.18300
38.18200
38.18500
38.18600
38.18700
38.18500
38.18400
38.18100
38.18200
38.18200
38.18300
38.18600
38.18800
38.18700
38.18800
38.18700
38.19200
38.19000
38.18600
38.18600
38.18700
38.18700
38.18600
38.18900
38.18800
38.18700
38.18600
38.18700
38.18700
38.18700
38.18600
38.18200
38.18000
38.17800
38.18200
38.18400
38.18600
38.18900
38.18800
38.18700
38.18700
38.18900
38.18900
38.18900
38.19100
38.19100
38.18900
38.18700
38.18600
38.18700
38.18800
38.18500
38.18500
38.18400
38.18700
38.18800
38.18800
38.19000
38.19000
38.18900
38.19200
38.18900
38.18600
38.18900
38.18700
38.18600
38.18600
38.18800
38.19100
38.19000
38.18800
38.18800
38.18800
38.18900
38.19000
38.19100
38.19100
38.19000
38.19200
38.18900
38.19100
38.18700
38.18600
38.18900
38.19000
38.18600
38.18800
38.18800
38.18600
38.18400
38.18100
38.17900
38.18100
38.18100
38.18200
38.18200
38.18400
38.18200
38.18200
38.18300
38.18500
38.18400
38.18600
38.18900
38.18900
38.19200
38.19200
38.19200
38.19200
38.19300
38.19200
38.19400
38.19700
38.19600
38.19400
38.19500
38.19800
38.20300
38.20300
38.20200
38.19700
38.19900
38.19900
38.20300
38.20400
38.20200
38.20500
38.20500
38.20300
38.20300
38.20100
38.20300
38.20300
38.20300
38.20400
38.20400
38.20700
38.20400
38.20500
38.20400
38.20300
38.20500
38.20100
38.19800
38.19700
38.19800
38.20000
38.19800
38.19800
38.19800
38.20000
38.20000
38.19700
38.20000
38.20400
38.20600
38.20600
38.20600
38.20900
38.20600
38.20600
38.20700
38.20600
38.20700
38.20700
38.20800
38.20900
38.20800
38.21300
38.21500
38.21600
38.21600
38.21700
38.21600
38.21500
38.21600
38.21700
38.21600
38.21800
38.21900
38.21800
38.21800
38.21800
38.21800
38.22000
38.22300
38.22300
38.22200
38.21900
38.22200
38.22100
38.21800
38.21800
38.21700
38.21800
38.21500
38.21800
38.22000
38.22000
38.22300
38.22600
38.22400
38.22400
38.22800
38.22700
38.22500
38.22700
38.22500
38.22800
38.22500
38.22200
38.22500
38.22300
38.22100
38.22100
38.21900
38.22000
38.22100
38.22100
38.21800
38.21800
38.21900
38.22000
38.22300
38.22300
38.22600
38.22800
38.22900
38.23000
38.23000
38.23100
38.23300
38.23200
38.23800
38.23900
38.24000
38.24100
38.24100
38.23900
38.23800
38.24100
38.24200
38.24200
38.24000
38.23800
38.23700
38.23800
38.24000
38.24200
38.24500
38.24700
38.24400
38.24300
38.24800
38.25200
38.25300
38.25300
38.25300
38.25100
38.25300
38.25200
38.25300
38.25300
38.25300
38.25300
38.25300
38.25300
38.25300
38.25000
38.25400
38.25100
38.25300
38.25600
38.25400
38.25400
38.25700
38.26100
38.26100
38.25900
38.25900
38.25800
38.25800
38.25700
38.25700
38.25600
38.25600
38.25800
38.25400
38.25500
38.25700
38.25900
38.26200
38.26300
38.26200
38.25800
38.25700
38.26100
38.26100
38.26300
38.26100
38.26300
38.26000
38.26200
38.26200
38.26400
38.26300
38.26100
38.25900
38.25800
38.25700
38.25800
38.25800
38.25900
38.25600
38.25600
38.25500
38.25700
38.25800
38.25600
38.25700
38.25700
38.25800
38.25900
38.25900
38.25800
38.25800
38.25700
38.26000
38.26000
38.25900
38.25800
38.25800
38.25700
38.25800
38.25700
38.25600
38.25500
38.25500
38.25700
38.25300
38.25300
38.25600
38.25500
38.25400
38.25300
38.25300
38.25500
38.25800
38.25600
38.25600
38.25800
38.25800
38.25700
38.25700
38.25600
38.25600
38.25700
38.25700
38.25800
38.25900
38.25700
38.25800
38.25500
38.25800
38.25800
38.26200
38.26200
38.26100
38.26300
38.26600
38.26800
38.26800
38.26800
38.26900
38.26700
38.26900
38.26900
38.26900
38.26900
38.26800
38.26800
38.26800
38.27100
38.26900
38.27000
38.27100
38.27200
38.27200
38.27100
38.27200
38.27200
38.27100
38.27100
38.27100
38.26900
38.26900
38.26900
38.26600
38.26700
38.26700
38.26800
38.26800
38.26800
38.26700
38.26700
38.26800
38.26800
38.27000
38.27200
38.27400
38.27600
38.27800
38.27800
38.27800
38.27500
38.27600
38.27400
38.27700
38.27500
38.27600
38.27600
38.27600
38.27800
38.27800
38.27800
38.28000
38.27700
38.27500
38.27800
38.27800
38.27900
38.27900
38.27600
38.27500
38.27700
38.27900
38.27800
38.28000
38.27900
38.28000
38.28200
38.28400
38.28100
38.28100
38.28300
38.27800
38.27700
38.28000
38.28000
38.28000
38.27400
38.27700
38.27800
38.28000
38.28000
38.28100
38.28100
38.28100
38.27900
38.28100
38.28100
38.28200
38.28200
38.28200
38.28100
38.28100
38.28300
38.28100
38.28200
38.28300
38.28200
38.28000
38.28400
38.28500
38.28300
38.28500
38.28700
38.28800
38.28800
38.28900
38.29000
38.29100
38.29200
38.29200
38.29200
38.29200
38.29100
38.29300
38.29300
38.29500
38.29600
38.29500
38.29700
38.29500
38.29500
38.29400
38.29500
38.29700
38.29700
38.29700
38.29700
38.29400
38.29500
38.29400
38.29500
38.29800
38.29600
38.29900
38.30000
38.30100
38.29900
38.29800
38.29900
38.30100
38.30300
38.30100
38.30500
38.30400
38.30400
38.30700
38.30900
38.30700
38.30800
38.30800
38.31100
38.31100
38.31000
38.31100
38.31300
38.31300
38.31400
38.31700
38.31500
38.31500
38.32100
38.32200
38.32000
38.32000
38.32000
38.32000
38.32200
38.32200
38.32300
38.32400
38.32500
38.32400
38.32200
38.32500
38.32700
38.32800
38.32800
38.32900
38.33000
38.32900
38.33000
38.33000
38.32800
38.32900
38.32900
38.33000
38.32900
38.33000
38.33100
38.33000
38.32900
38.32900
38.32700
38.32600
38.32500
38.32700
38.32700
38.32800
38.32600
38.32600
38.32300
38.32500
38.32200
38.32400
38.32200
38.32200
38.32300
38.32200
38.32400
38.33000
38.33000
38.33000
38.33300
38.33400
38.33400
38.33400
38.33500
38.33600
38.33900
38.33900
38.34100
38.34100
38.34000
38.34000
38.34000
38.33800
38.34100
38.33900
38.34000
38.34100
38.34300
38.34100
38.33900
38.34200
38.34300
38.34400
38.34300
38.34200
38.34200
38.34300
38.34200
38.34100
38.34100
38.34100
38.34500
38.34500
38.34500
38.34200
38.34100
38.34100
38.34100
38.34100
38.34400
38.34500
38.34400
38.34400
38.34600
38.34800
38.34800
38.35000
38.35000
38.35000
38.35000
38.35200
38.35300
38.35200
38.35100
38.35200
38.35300
38.35300
38.35400
38.35100
38.35200
38.35200
38.35500
38.35700
38.35800
38.35800
38.35700
38.35900
38.36100
38.36100
38.36200
38.36200
38.36300
38.36200
38.35900
38.36000
38.35800
38.36000
38.36000
38.36300
38.36100
38.36000
38.36100
38.35600
38.35400
38.35400
38.35400
38.35300
38.35200
38.34700
38.35000
38.35000
38.35100
38.35400
38.35400
38.35200
38.35300
38.35200
38.35300
38.35400
38.35400
38.35300
38.35300
38.35400
38.35300
38.35400
38.35300
38.34900
38.35000
38.34900
38.35000
38.34900
38.35100
38.35100
38.35000
38.35300
38.35300
38.35100
38.35200
38.35200
38.35400
38.35300
38.35400
38.35400
38.35500
38.35500
38.35700
38.35800
38.35700
38.35600
38.35700
38.35800
38.35900
38.36000
38.35900
38.36000
38.35800
38.35800
38.36000
38.36000
38.35900
38.35500
38.35300
38.35300
38.35300
38.35600
38.35500
38.35400
38.35400
38.35200
38.35100
38.35200
38.35100
38.35400
38.35400
38.35500
38.35500
38.35700
38.35700
38.35500
38.35600
38.35500
38.35500
38.35600
38.35800
38.35800
38.35600
38.35600
38.35600
38.35600
38.35000
38.34900
38.34800
38.34800
38.34700
38.34600
38.34500
38.34600
38.34600
38.34600
38.34700
38.34900
38.34700
38.34400
38.34300
38.34400
38.34200
38.34000
38.34200
38.34500
38.34500
38.34500
38.34400
38.34200
38.34400
38.34500
38.34300
38.34200
38.34200
38.34300
38.34300
38.34200
38.34200
38.34200
38.34200
38.34000
38.34100
38.34300
38.34200
38.34200
38.34200
38.34100
38.33800
38.34000
38.33900
38.34000
38.33900
38.34000
38.34000
38.34100
38.34300
38.33900
38.34100
38.34200
38.34100
38.34200
38.34800
38.34700
38.34500
38.34700
38.34700
38.34500
38.34500
38.34600
38.34600
38.34600
38.34300
38.34300
38.34000
38.34000
38.34000
38.34300
38.34600
38.34700
38.35000
38.35100
38.35000
38.34700
38.34600
38.34900
38.34900
38.35100
38.35000
38.35300
38.35400
38.35300
38.35400
38.35200
38.35300
38.35200
38.35400
38.35200
38.35300
38.35600
38.35700
38.35500
38.35700
38.35800
38.35400
38.35500
38.35300
38.35300
38.35300
38.35200
38.35300
38.35300
38.35300
38.35200
38.35400
38.35600
38.35600
38.35900
38.35700
38.35900
38.36000
38.36000
38.35700
38.35800
38.35600
38.35700
38.35800
38.35800
38.35800
38.35900
38.35800
38.35800
38.35800
38.35800
38.35800
38.35600
38.35600
38.35500
38.35700
38.36000
38.35800
38.36100
38.36100
38.36100
38.35800
38.36000
38.35900
38.36100
38.36200
38.36300
38.36300
38.36200
38.36300
38.36300
38.36600
38.36600
38.36700
38.36700
38.36800
38.36700
38.36500
38.36700
38.37000
38.36800
38.36600
38.36600
38.36500
38.36500
38.36600
38.36700
38.36800
38.36700
38.36600
38.36600
38.36900
38.36700
38.36800
38.36900
38.36900
38.36800
38.36700
38.37000
38.37000
38.37100
38.37200
38.37200
38.37100
38.37100
38.37100
38.37000
38.37000
38.37300
38.37400
38.37100
38.37200
38.37000
38.36900
38.37300
38.37100
38.37200
38.37200
38.37400
38.37600
38.37700
38.37800
38.37600
38.37600
38.37700
38.37700
38.37800
38.38000
38.38200
38.38200
38.38400
38.38400
38.38500
38.38500
38.38600
38.38600
38.38700
38.38900
38.38900
38.38900
38.39000
38.39000
38.39100
38.38900
38.38900
38.38900
38.38800
38.39000
38.38900
38.39200
38.39400
38.39300
38.39400
38.39400
38.39500
38.39600
38.39900
38.40100
38.39900
38.39700
38.39900
38.40000
38.40100
38.39900
38.40100
38.40100
38.40000
38.40200
38.40200
38.40100
38.40300
38.40300
38.40600
38.40700
38.40700
38.40800
38.40700
38.40600
38.41000
38.41000
38.41000
38.41000
38.40800
38.40800
38.40900
38.41000
38.41000
38.41300
38.41400
38.41500
38.41400
38.41600
38.41600
38.41600
38.41500
38.41300
38.41200
38.41700
38.41600
38.41600
38.41600
38.41700
38.41900
38.41800
38.41700
38.42000
38.42100
38.42200
38.42000
38.42000
38.42200
38.42100
38.42000
38.41900
38.41800
38.41800
38.41900
38.41800
38.42000
38.42100
38.42300
38.42400
38.42600
38.42800
38.42800
38.42800
38.43100
38.43000
38.43100
38.43000
38.43200
38.43400
38.43500
38.43600
38.43600
38.43500
38.43400
38.43300
38.43300
38.43300
38.43300
38.43400
38.43300
38.43500
38.43700
38.43800
38.43800
38.43700
38.43900
38.43400
38.43600
38.43700
38.43500
38.43600
38.43900
38.44400
38.44400
38.44300
38.44300
38.44200
38.43900
38.44000
38.44100
38.44100
38.44200
38.43900
38.44100
38.44200
38.44300
38.44300
38.44400
38.44100
38.44300
38.44200
38.43900
38.44100
38.44100
38.44300
38.44100
38.44100
38.44100
38.44300
38.44400
38.44400
38.44300
38.44500
38.44500
38.44800
38.44800
38.45100
38.45300
38.45400
38.45300
38.45300
38.45300
38.45200
38.45200
38.45000
38.45100
38.45100
38.45000
38.45000
38.44900
38.44500
38.44700
38.45200
38.44900
38.44800
38.44900
38.44900
38.45100
38.45000
38.45200
38.45200
38.45000
38.44900
38.44800
38.45100
38.45100
38.45200
38.45200
38.45200
38.45300
38.45600
38.45500
38.45300
38.45300
38.45400
38.45300
38.45100
38.45400
38.45300
38.45300
38.45000
38.44900
38.44800
38.45000
38.44800
38.45000
38.45000
38.44900
38.44900
38.44800
38.44800
38.44800
38.45000
38.44900
38.45000
38.45000
38.44800
38.44900
38.44800
38.44800
38.44900
38.44800
38.44800
38.44700
38.44700
38.44800
38.45200
38.45300
38.45600
38.45500
38.45500
38.45400
38.45700
38.45600
38.45500
38.45800
38.45800
38.45800
38.45800
38.46100
38.46100
38.46000
38.45900
38.46100
38.46300
38.46400
38.46300
38.46400
38.46400
38.46500
38.46500
38.46900
38.46800
38.46900
38.46400
38.46700
38.46900
38.46900
38.47200
38.47100
38.47100
38.47400
38.47500
38.47600
38.47500
38.47400
38.47500
38.47700
38.47700
38.47700
38.47700
38.47800
38.48000
38.48000
38.48200
38.48100
38.48100
38.48100
38.48200
38.48400
38.48500
38.48500
38.48200
38.48200
38.48000
38.47800
38.48000
38.48000
38.48200
38.48300
38.48300
38.48400
38.48300
38.48500
38.48600
38.48200
38.48300
38.48300
38.48000
38.47700
38.47700
38.47700
38.47700
38.47800
38.47600
38.47500
38.47500
38.47600
38.47400
38.47200
38.47300
38.47500
38.47900
38.47700
38.47700
38.47700
38.47500
38.47400
38.47300
38.47300
38.47200
38.47100
38.47100
38.47200
38.47200
38.47200
38.47300
38.47600
38.47400
38.47600
38.47300
38.47100
38.47200
38.47300
38.47300
38.47500
38.47600
38.47700
38.47500
38.47600
38.47700
38.47700
38.47600
38.47700
38.47500
38.47700
38.47800
38.47800
38.47700
38.47700
38.47700
38.47900
38.47900
38.47900
38.48100
38.48200
38.48200
38.48200
38.48300
38.48400
38.48500
38.48400
38.48600
38.48400
38.48400
38.48500
38.48600
38.48400
38.48300
38.48400
38.48400
38.48400
38.48400
38.48600
38.48800
38.48600
38.48600
38.48600
38.48300
38.48100
38.48200
38.48400
38.48500
38.48300
38.48200
38.48300
38.48300
38.48500
38.48400
38.48400
38.48500
38.48100
38.48000
38.48200
38.48100
38.48000
38.48100
38.48100
38.48300
38.48400
38.48400
38.48500
38.48700
38.48800
38.48600
38.48500
38.48700
38.48300
38.48400
38.48300
38.48500
38.48500
38.48500
38.48500
38.48300
38.48300
38.48300
38.48600
38.48500
38.48500
38.48400
38.48400
38.48400
38.48200
38.48100
38.48200
38.48300
38.48300
38.48200
38.48400
38.48400
38.48600
38.48700
38.48600
38.48500
38.48300
38.48300
38.48100
38.48200
38.48100
38.48300
38.48300
38.48300
38.48700
38.48700
38.48900
38.48900
38.48700
38.48700
38.48500
38.48700
38.48800
38.48800
38.48900
38.48700
38.48800
38.48900
38.49000
38.49000
38.48900
38.49100
38.49000
38.49300
38.49300
38.49400
38.49300
38.49600
38.49600
38.49800
38.49500
38.49700
38.49300
38.49200
38.49300
38.49300
38.49500
38.49300
38.49500
38.49400
38.49800
38.49700
38.49700
38.49700
38.49600
38.49400
38.49400
38.49500
38.49200
38.49000
38.48900
38.49100
38.48700
38.49400
38.49200
38.49100
38.49600
38.49700
38.49700
38.49800
38.49800
38.49700
38.49800
38.49700
38.49500
38.49500
38.49500
38.49400
38.49400
38.49700
38.49500
38.49400
38.49500
38.49600
38.49500
38.49700
38.49700
38.49700
38.49700
38.49700
38.49400
38.49200
38.49200
38.49300
38.49300
38.49400
38.49200
38.49400
38.49400
38.49100
38.49000
38.48900
38.48900
38.48700
38.48700
38.49000
38.48900
38.48800
38.48700
38.48800
38.48800
38.48700
38.48500
38.48400
38.48300
38.48000
38.48200
38.48100
38.48400
38.48400
38.48500
38.48200
38.48000
38.47900
38.48000
38.48000
38.47800
38.47600
38.47900
38.47900
38.48000
38.47700
38.47800
38.47900
38.47900
38.47900
38.48000
38.48200
38.48100
38.48100
38.48100
38.48200
38.48200
38.48400
38.48300
38.48300
38.48200
38.48200
38.48100
38.48200
38.48100
38.48000
38.48000
38.48000
38.48100
38.48200
38.48400
38.48400
38.48400
38.48500
38.48300
38.48200
38.48300
38.48600
38.48600
38.48400
38.48200
38.48300
38.48600
38.48500
38.48300
38.48300
38.48100
38.48200
38.48100
38.48100
38.48300
38.48200
38.48200
38.47900
38.48200
38.48200
38.48200
38.48400
38.48400
38.48200
38.48200
38.48100
38.48100
38.48000
38.48000
38.48000
38.48200
38.48500
38.48200
38.48300
38.48400
38.48400
38.48600
38.48600
38.48800
38.48600
38.48600
38.48800
38.48700
38.49000
38.49000
38.49100
38.49200
38.49200
38.49200
38.48900
38.49100
38.49000
38.49100
38.49000
38.49300
38.49300
38.49200
38.49200
38.48800
38.49200
38.49200
38.49500
38.49500
38.49400
38.49300
38.49400
38.49400
38.49200
38.49300
38.49300
38.49200
38.49300
38.49200
38.49300
38.49300
38.49300
38.49400
38.49500
38.49400
38.49400
38.49300
38.49500
38.49400
38.49700
38.49900
38.49800
38.49800
38.49800
38.49700
38.49500
38.49500
38.49400
38.49200
38.49100
38.49200
38.49000
38.49000
38.49000
38.49100
38.49000
38.49100
38.49300
38.49200
38.49200
38.49400
38.49100
38.49200
38.49100
38.49000
38.49200
38.49500
38.49700
38.49800
38.49800
38.49800
38.49900
38.50100
38.50100
38.50100
38.50100
38.49900
38.49900
38.49900
38.49900
38.49900
38.49900
38.49800
38.49900
38.50000
38.50000
38.49700
38.49600
38.49700
38.49800
38.49800
38.49800
38.49700
38.49900
38.49800
38.49900
38.49800
38.49600
38.49500
38.49400
38.49200
38.49200
38.49500
38.49600
38.49600
38.49500
38.49500
38.49400
38.49300
38.49200
38.49100
38.49100
38.49100
38.49100
38.49200
38.49100
38.49000
38.48800
38.48900
38.48700
38.48800
38.48800
38.49000
38.48900
38.49000
38.48900
38.48800
38.48600
38.48600
38.48600
38.48600
38.48700
38.48500
38.48700
38.48800
38.48800
38.48700
38.48900
38.49100
38.48900
38.48700
38.48700
38.48800
38.48700
38.48400
38.48500
38.48700
38.48800
38.48700
38.48700
38.48700
38.48600
38.48600
38.48800
38.48800
38.48600
38.48400
38.48400
38.48700
38.49100
38.49300
38.49400
38.49300
38.49300
38.49300
38.49200
38.48900
38.49000
38.49100
38.48600
38.48700
38.48700
38.48900
38.49000
38.49100
38.49000
38.48900
38.48900
38.48800
38.48900
38.48700
38.48700
38.48600
38.48700
38.48500
38.48700
38.48600
38.48600
38.48500
38.48600
38.48600
38.48400
38.48600
38.48500
38.48700
38.48700
38.48800
38.48600
38.48400
38.48700
38.48800
38.49000
38.49000
38.49000
38.48900
38.49100
38.49300
38.49300
38.49600
38.49500
38.49500
38.49300
38.49300
38.49300
38.49500
38.49500
38.49500
38.49500
38.49700
38.49900
38.50000
38.49900
38.49900
38.49900
38.49900
38.49900
38.49900
38.49700
38.49500
38.49500
38.49400
38.49500
38.49500
38.49700
38.49800
38.49700
38.49400
38.49600
38.49400
38.49300
38.49300
38.49200
38.49100
38.49100
38.49300
38.49300
38.49300
38.49500
38.49300
38.49500
38.49600
38.49700
38.49500
38.49300
38.49200
38.49100
38.49000
38.48700
38.48800
38.48900
38.48700
38.48800
38.48800
38.48900
38.48800
38.48800
38.48800
38.48900
38.49000
38.48900
38.48800
38.48700
38.48700
38.48700
38.48500
38.48400
38.48300
38.48100
38.48100
38.48200
38.48100
38.48100
38.48100
38.48100
38.48200
38.48100
38.48100
38.48000
38.48100
38.48200
38.48200
38.48300
38.48300
38.48200
38.48300
38.48300
38.48300
38.48100
38.47900
38.48000
38.48100
38.48100
38.48100
38.48100
38.48100
38.47900
38.47800
38.47800
38.47800
38.47800
38.47800
38.48200
38.48200
38.48200
38.48200
38.48000
38.48100
38.48100
38.48200
38.48300
38.48500
38.48500
38.48300
38.48400
38.48300
38.48200
38.48300
38.48100
38.48300
38.48300
38.48100
38.48100
38.48100
38.48100
38.48100
38.48100
38.48300
38.48200
38.48200
38.48300
38.48400
38.48400
38.48400
38.48300
38.48200
38.48200
38.48300
38.48200
38.48100
38.48100
38.48000
38.48200
38.48200
38.48300
38.48100
38.48000
38.48100
38.48000
38.47900
38.47800
38.47800
38.47800
38.47700
38.47600
38.47700
38.47500
38.47700
38.47800
38.47600
38.47600
38.47500
38.47500
38.47500
38.47100
38.47200
38.47100
38.47100
38.47000
38.47000
38.46800
38.46800
38.46700
38.46700
38.46600
38.46700
38.46800
38.47100
38.47100
38.47200
38.47200
38.47200
38.47000
38.47200
38.47100
38.47100
38.47000
38.46900
38.46700
38.46700
38.46600
38.46700
38.46500
38.46500
38.46600
38.46500
38.46600
38.46700
38.46800
38.46500
38.46600
38.46700
38.46700
38.46500
38.46500
38.46600
38.46600
38.46800
38.46600
38.46900
38.47000
38.46800
38.46700
38.46700
38.46800
38.46700
38.46800
38.46800
38.46800
38.46800
38.46800
38.46500
38.46600
38.46300
38.46300
38.46200
38.46100
38.46200
38.46300
38.46400
38.46500
38.46300
38.46200
38.46400
38.46300
38.46200
38.46300
38.46300
38.46300
38.46300
38.46300
38.46500
38.46300
38.46200
38.46100
38.46100
38.46200
38.46000
38.45900
38.45900
38.45900
38.45900
38.45700
38.45800
38.45600
38.45700
38.45500
38.45500
38.45500
38.45600
38.45600
38.46000
38.46000
38.46100
38.46100
38.46300
38.46300
38.46200
38.46200
38.46100
38.45800
38.45700
38.45800
38.45800
38.46100
38.45800
38.45800
38.46100
38.46000
38.46000
38.46100
38.46200
38.46100
38.45800
38.45800
38.46000
38.46000
38.46000
38.45900
38.45900
38.45900
38.45800
38.45900
38.45700
38.45500
38.45700
38.45800
38.45800
38.45700
38.45700
38.45700
38.45600
38.45500
38.45500
38.45400
38.45300
38.45400
38.45100
38.45000
38.45000
38.45100
38.45200
38.45200
38.45100
38.45100
38.45100
38.45100
38.44900
38.44900
38.45000
38.45200
38.45300
38.45500
38.45700
38.45500
38.45600
38.45700
38.45500
38.45300
38.45500
38.45300
38.45300
38.45400
38.45500
38.45500
38.45400
38.45300
38.45500
38.45600
38.45700
38.45600
38.45600
38.45500
38.45400
38.45500
38.45400
38.45300
38.45600
38.45500
38.45600
38.45700
38.45800
38.45700
38.45800
38.45900
38.46000
38.46200
38.45900
38.45900
38.45800
38.45800
38.45800
38.45900
38.46000
38.46000
38.46100
38.46100
38.46200
38.46300
38.46400
38.46300
38.46400
38.46400
38.46600
38.46600
38.46700
38.46700
38.47000
38.47100
38.47100
38.47200
38.47200
38.47300
38.47300
38.47400
38.47300
38.47200
38.47300
38.47200
38.47300
38.47500
38.47500
38.47700
38.47800
38.47900
38.47900
38.48000
38.48000
38.48100
38.48100
38.48300
38.48300
38.48400
38.48600
38.48700
38.48700
38.48900
38.48900
38.49000
38.49200
38.49200
38.49300
38.49600
38.49600
38.49600
38.49700
38.49900
38.50000
38.50300
38.50500
38.50500
38.50500
38.50600
38.50800
38.50900
38.51200
38.52889
38.52500
38.52429
38.46667
38.48800
38.49400
38.50750
38.08000
38.08000
38.08000
38.31000
38.31000
