0.00000
0.00000
0.00000
0.00000
0.00000
0.00000
0.00000
0.00000
0.00000
0.00000
0.00000
0.00000
0.00000
0.00000
0.00000
0.00000
1.60000
6.40000
8.30000
15.23300
15.43300
15.49200
15.45900
15.50400
15.48700
15.55800
17.15400
17.20300
17.22900
17.44400
17.46500
17.49700
17.94800
18.63300
19.74000
19.81100
20.14600
20.93100
21.18200
21.80800
22.31900
23.30700
23.85900
24.28700
24.51500
24.99400
25.80900
25.91800
26.09100
26.46500
26.72100
27.15400
27.31000
27.53400
27.70800
27.73200
27.85600
27.93800
28.34100
28.49600
28.82900
28.97800
29.11000
29.23500
29.18300
29.35500
29.61300
29.61900
29.60600
29.71500
29.78500
29.88000
30.05600
30.51200
30.69300
30.77700
30.91300
31.11400
31.29900
31.59000
31.63200
31.61000
31.75000
31.78800
31.95700
32.14300
32.03300
32.01100
32.11900
32.23300
32.43400
32.64500
32.86800
33.02600
33.09100
33.20600
33.35500
33.53100
33.61000
33.84700
34.16600
34.28800
34.44200
34.43700
34.46100
34.52600
34.55800
34.64100
34.74200
34.95400
35.02500
35.22200
35.28000
35.35900
35.48300
35.58700
35.75000
35.71400
35.88400
35.99600
36.27500
36.45500
36.54800
36.58500
36.62300
36.73000
36.76900
36.93000
36.99000
37.08200
37.19600
37.20800
37.28000
37.40200
37.48000
37.66000
37.70000
37.72100
37.78900
37.82200
37.85500
37.92500
38.02800
38.08100
38.06800
38.07100
38.13400
38.21600
38.35700
38.43900
38.54600
38.55300
38.57100
38.66500
38.77200
38.87900
38.85200
38.93900
38.99000
39.04100
39.16100
39.30500
39.40000
39.40100
39.44800
39.46300
39.54100
39.58000
39.61800
39.59400
39.71700
39.80600
39.82500
39.85600
39.89000
39.94300
40.00300
40.02800
40.04500
40.25100
40.26200
40.25700
40.27500
40.37900
40.41900
40.46200
40.50600
40.59500
40.75500
40.83000
40.91200
40.99300
41.04400
41.06000
41.17600
41.20800
41.33500
41.40200
41.46000
41.49200
41.53700
41.59400
41.77000
41.80200
41.84600
41.95100
41.99100
42.02400
42.09500
42.11800
42.18100
42.18000
42.30800
42.37700
42.39100
42.45200
42.52500
42.55600
42.58600
42.56800
42.59800
42.69500
42.75400
42.82900
42.86200
42.97000
43.03600
43.08600
43.13200
43.16100
43.24900
43.29300
43.36500
43.36300
43.43000
43.61100
43.59800
43.66200
43.72100
43.78300
43.85600
43.94800
43.99700
44.01400
43.99800
44.01900
44.06000
44.09200
44.16300
44.24400
44.27100
44.28700
44.35400
44.45000
44.49900
44.54300
44.58200
44.63900
44.64900
44.69600
44.78200
44.81100
44.80600
44.83500
44.87600
44.93300
44.96300
44.99300
45.03500
45.04900
45.15000
45.23500
45.27800
45.32100
45.42100
45.43300
45.48000
45.44700
45.51700
45.67900
45.75300
45.80600
45.83500
45.89400
45.95200
45.93700
45.99100
46.05000
46.04100
46.00700
46.06900
46.17500
46.35100
46.41300
46.46800
46.47200
46.53800
46.58200
46.64300
46.64300
46.75200
46.76700
46.77500
46.84900
46.86100
46.94100
47.00600
47.04800
47.13300
47.22600
47.22400
47.30600
47.29500
47.35200
47.36100
47.33800
47.42000
47.51400
47.57700
47.69800
47.70200
47.77400
47.80000
47.79800
47.83000
47.92600
47.97000
48.09500
48.10300
48.15300
48.25100
48.26400
48.32800
48.45800
48.50100
48.50700
48.51500
48.52800
48.60200
48.68500
48.72400
48.71500
48.73100
48.79600
48.93600
49.02800
49.08300
49.17000
49.20900
49.28900
49.40400
49.43300
49.47400
49.49100
49.55700
49.62200
49.63300
49.66900
49.68300
49.70000
49.80900
49.82800
49.86800
49.93600
49.97800
50.01400
50.07800
50.10800
50.12600
50.19100
50.21400
50.27900
50.32500
50.40000
50.43500
50.45200
50.49800
50.53700
50.54300
50.56800
50.56700
50.60000
50.63200
50.68300
50.68700
50.70900
50.77600
50.85300
50.88100
50.90900
50.89100
50.93500
50.97600
51.00800
51.03300
51.03200
51.03300
51.04100
51.03200
51.03000
51.04900
51.15600
51.24500
51.28100
51.27900
51.32100
51.33300
51.37100
51.37900
51.38800
51.39600
51.42000
51.46100
51.53900
51.56300
51.59400
51.61800
51.66600
51.69900
51.71700
51.75500
51.78000
51.80700
51.85800
51.95200
51.98400
52.04100
52.07300
52.08600
52.18200
52.23500
52.26600
52.28900
52.33400
52.39900
52.48800
52.49900
52.53400
52.54400
52.61100
52.60500
52.64800
52.64900
52.69900
52.76400
52.78300
52.81300
52.85800
52.83200
52.88400
52.90100
52.91400
52.92000
52.92700
52.93400
53.02500
53.06400
53.13400
53.22200
53.26900
53.31900
53.34600
53.36400
53.37900
53.41900
53.44200
53.47800
53.47600
53.56400
53.57000
53.61600
53.63800
53.64900
53.72900
53.75200
53.82600
53.85300
53.89100
53.95200
54.02300
54.06500
54.08900
54.11800
54.19200
54.23500
54.26400
54.26700
54.30900
54.30000
54.32200
54.37300
54.39100
54.45300
54.50000
54.53100
54.59900
54.61500
54.61200
54.65300
54.70200
54.74500
54.77500
54.77700
54.83800
54.89600
54.93700
54.96700
55.01200
55.06200
55.10100
55.14200
55.18800
55.21200
55.24300
55.26200
55.29200
55.32300
55.36300
55.39100
55.45400
55.46800
55.57100
55.61000
55.66000
55.66200
55.70200
55.68400
55.76700
55.81500
55.82300
55.84700
55.88900
55.91100
55.89800
55.93800
55.93900
55.93600
55.97200
55.96400
55.99300
56.00800
56.07400
56.10500
56.14800
56.17100
56.26600
56.25100
56.26900
56.31200
56.35300
56.36400
56.39500
56.42600
56.43500
56.44000
56.49100
56.53600
56.57900
56.63200
56.66600
56.68700
56.73700
56.77300
56.75600
56.80600
56.83300
56.88400
56.90500
56.93300
56.96200
56.95500
56.96400
56.98000
56.98800
57.03900
57.07900
57.09100
57.11100
57.14600
57.13100
57.15500
57.17900
57.20600
57.22500
57.20300
57.19700
57.20600
57.23100
57.29100
57.27000
57.31500
57.32300
57.33600
57.36600
57.35200
57.40600
57.38200
57.41900
57.44400
57.45400
57.48400
57.49400
57.48300
57.51200
57.56800
57.56800
57.57700
57.60900
57.66000
57.71200
57.72500
57.74800
57.76400
57.78200
57.78500
57.82500
57.87300
57.90600
57.95200
58.04700
58.07400
58.05400
58.08000
58.12500
58.11100
58.16800
58.20400
58.20100
58.22500
58.26500
58.28000
58.31100
58.36100
58.35800
58.39200
58.42700
58.43100
58.42800
58.44300
58.45600
58.49200
58.51500
58.54500
58.56000
58.56000
58.56700
58.54200
58.55000
58.56000
58.57300
58.57600
58.60300
58.61200
58.64300
58.68300
58.72400
58.74800
58.75900
58.76500
58.74900
58.72200
58.73000
58.74000
58.75200
58.75200
58.79800
58.82600
58.83100
58.87300
58.85800
58.84700
58.87000
58.86900
58.87100
58.86900
58.88800
58.90400
58.89900
58.92200
58.94200
58.96800
59.00300
59.02000
59.02700
59.04400
59.05300
59.07500
59.12500
59.12400
59.18200
59.21400
59.20100
59.22600
59.25400
59.26700
59.28000
59.28700
59.29600
59.34700
59.36500
59.38400
59.41300
59.42000
59.45300
59.49100
59.51500
59.55300
59.58200
59.58700
59.58900
59.57300
59.60600
59.61000
59.64600
59.69100
59.72400
59.75000
59.75800
59.76200
59.82800
59.83600
59.86000
59.91000
59.94600
59.93400
59.95100
59.95800
59.99300
60.03700
60.08800
60.11200
60.14500
60.16100
60.16700
60.22400
60.25900
60.28400
60.31100
60.32700
60.37200
60.39200
60.41200
60.39900
60.40200
60.40100
60.41300
60.46300
60.47400
60.49000
60.51600
60.57200
60.60000
60.63400
60.62500
60.63900
60.65300
60.67300
60.69200
60.71100
60.69900
60.69900
60.73900
60.77200
60.80900
60.81300
60.84200
60.84800
60.85400
60.87100
60.85100
60.88900
60.89900
60.92100
60.96400
60.98500
60.99400
61.03900
61.04700
61.07100
61.07700
61.09800
61.10700
61.11300
61.14300
61.19300
61.21900
61.21400
61.22100
61.24500
61.29500
61.31800
61.30400
61.31100
61.34500
61.36100
61.38700
61.37800
61.38900
61.40800
61.41100
61.45700
61.46800
61.49700
61.52300
61.55600
61.61300
61.63700
61.65600
61.68400
61.71800
61.75500
61.78700
61.79000
61.79500
61.83000
61.83300
61.83200
61.86600
61.89800
61.95000
61.98600
61.96700
61.98800
62.01100
62.05200
62.07900
62.11700
62.15000
62.15400
62.14500
62.18200
62.20600
62.21300
62.22300
62.22800
62.26000
62.28200
62.30300
62.30700
62.32000
62.34300
62.34800
62.34000
62.34400
62.34800
62.36700
62.39500
62.39100
62.39700
62.43000
62.45400
62.46200
62.49000
62.50200
62.50400
62.49800
62.52500
62.52900
62.54800
62.56400
62.56400
62.60700
62.59100
62.56700
62.61000
62.61200
62.62600
62.64300
62.65300
62.64700
62.68500
62.70000
62.70800
62.71600
62.72700
62.73600
62.77000
62.79700
62.80400
62.82900
62.84000
62.84600
62.85100
62.85100
62.86300
62.86100
62.90000
62.90900
62.91600
62.92500
62.91800
62.93100
62.94600
62.96100
62.97100
62.98300
63.01700
63.04300
63.05800
63.08200
63.08800
63.10100
63.09600
63.12200
63.12500
63.11600
63.14300
63.14100
63.15700
63.16000
63.17500
63.16900
63.20100
63.21900
63.23300
63.23200
63.22400
63.22700
63.24800
63.25200
63.26800
63.27000
63.26900
63.26500
63.28100
63.27600
63.27300
63.28900
63.29500
63.31000
63.31400
63.32300
63.35200
63.35000
63.35300
63.36000
63.35700
63.37100
63.37900
63.39600
63.40500
63.39200
63.40900
63.42600
63.41800
63.42300
63.43200
63.43100
63.45000
63.48000
63.47800
63.47100
63.48700
63.48800
63.50100
63.52700
63.55400
63.59500
63.60300
63.61200
63.61700
63.62700
63.64700
63.64100
63.64700
63.65100
63.70200
63.71500
63.71800
63.77300
63.78600
63.80800
63.81100
63.81400
63.80100
63.79800
63.79600
63.81900
63.83200
63.84100
63.81200
63.84300
63.83900
63.86800
63.87500
63.87700
63.89300
63.88800
63.89200
63.90200
63.94000
63.94600
63.95300
63.94200
63.96200
63.96800
63.98000
64.00300
64.00700
64.01000
64.02600
64.01100
64.05200
64.05800
64.07400
64.08500
64.08600
64.09800
64.09800
64.12600
64.11000
64.12900
64.15700
64.16200
64.17400
64.18700
64.19000
64.19100
64.19300
64.21000
64.22800
64.23700
64.25200
64.26300
64.28500
64.28400
64.27500
64.29500
64.30000
64.34200
64.33800
64.35200
64.36200
64.37200
64.37900
64.41700
64.42600
64.43600
64.46000
64.48800
64.51500
64.51600
64.52400
64.52800
64.53300
64.54100
64.55000
64.54300
64.53100
64.56100
64.56700
64.57200
64.58300
64.60100
64.63200
64.65600
64.69800
64.69600
64.71500
64.72900
64.76100
64.76300
64.78300
64.78600
64.78200
64.79000
64.81100
64.83300
64.84600
64.87300
64.88400
64.90000
64.90700
64.94000
64.95300
64.98500
64.98300
64.99200
64.99300
65.01500
65.01600
65.04700
65.05200
65.05500
65.07300
65.08900
65.08800
65.11700
65.12400
65.15000
65.17900
65.22300
65.25900
65.27900
65.32000
65.34700
65.34600
65.34600
65.35900
65.35800
65.36900
65.35700
65.37100
65.38200
65.44100
65.45300
65.47300
65.47900
65.49300
65.53100
65.53100
65.53900
65.54900
65.54900
65.55300
65.58000
65.60100
65.62700
65.63100
65.63500
65.64300
65.66000
65.67800
65.71100
65.73500
65.75000
65.77100
65.77000
65.75900
65.75400
65.77100
65.81400
65.82800
65.83600
65.84800
65.87900
65.90400
65.89700
65.91400
65.92800
65.97300
65.97400
65.97100
65.98200
65.99100
66.01100
66.01800
66.03300
66.06100
66.07500
66.08200
66.08800
66.09800
66.12600
66.13800
66.18500
66.18400
66.20200
66.23000
66.23600
66.24900
66.24500
66.23700
66.24600
66.27700
66.28900
66.30900
66.33100
66.33900
66.35800
66.36300
66.37000
66.37900
66.40100
66.41900
66.44400
66.47200
66.47100
66.48400
66.50000
66.50300
66.53000
66.54500
66.55300
66.56100
66.58500
66.60000
66.60900
66.61100
66.63700
66.64900
66.66400
66.69500
66.68600
66.70600
66.69000
66.69900
66.72500
66.73100
66.75400
66.79200
66.79000
66.79200
66.81400
66.81200
66.84000
66.85000
66.84500
66.84800
66.89600
66.92200
66.93400
66.95200
66.95600
66.98600
66.98500
66.98100
66.99100
67.02700
67.06000
67.07600
67.10800
67.10900
67.13000
67.12600
67.13900
67.17100
67.17400
67.19700
67.18800
67.22000
67.23100
67.25600
67.26500
67.26500
67.28500
67.29300
67.29400
67.30600
67.30900
67.31600
67.32000
67.34100
67.35800
67.38200
67.41600
67.42900
67.43600
67.43900
67.45900
67.46300
67.47000
67.49300
67.52700
67.54300
67.54900
67.56100
67.57800
67.59500
67.62300
67.63700
67.65800
67.66500
67.66600
67.68900
67.70800
67.72200
67.73700
67.75200
67.77200
67.79500
67.81200
67.81600
67.82500
67.83400
67.86100
67.87200
67.88000
67.86900
67.87400
67.87900
67.88400
67.91200
67.91900
67.92400
67.95400
67.95100
67.96000
67.97900
67.98400
68.00100
68.02000
68.03300
68.03000
68.04300
68.05700
68.07500
68.08500
68.08700
68.08300
68.10800
68.13200
68.12200
68.14300
68.17300
68.19900
68.19100
68.21200
68.21800
68.22400
68.23900
68.26400
68.28800
68.29500
68.29800
68.29100
68.30800
68.30700
68.33600
68.34300
68.36200
68.37600
68.40500
68.41100
68.41600
68.43100
68.41400
68.43800
68.44400
68.43700
68.45600
68.46200
68.47200
68.47600
68.48300
68.48000
68.48500
68.50700
68.51600
68.53200
68.54200
68.55100
68.56500
68.56800
68.57700
68.58400
68.59400
68.60200
68.60400
68.61500
68.61300
68.63700
68.63300
68.64800
68.63900
68.62900
68.64500
68.65300
68.68800
68.69300
68.69200
68.69400
68.68200
68.67700
68.69300
68.69600
68.71800
68.73200
68.72700
68.72800
68.72700
68.73800
68.72900
68.73100
68.75900
68.74800
68.75600
68.78300
68.79100
68.81900
68.83200
68.85000
68.85200
68.86200
68.86400
68.87800
68.87500
68.88300
68.89500
68.89200
68.89700
68.89400
68.91400
68.90900
68.91600
68.93100
68.95700
68.96700
68.97700
68.98000
68.98700
68.98700
68.99100
68.99400
68.99900
69.01000
69.02800
69.04100
69.05500
69.06400
69.06700
69.06900
69.08200
69.09200
69.09300
69.10300
69.10400
69.09400
69.10200
69.10900
69.12100
69.11700
69.12200
69.13500
69.14100
69.14100
69.15600
69.16400
69.15900
69.16500
69.15900
69.16300
69.15600
69.16000
69.15900
69.16800
69.17900
69.17500
69.18500
69.19500
69.20400
69.22400
69.22400
69.21500
69.23100
69.23800
69.25500
69.27000
69.28200
69.28800
69.30500
69.31800
69.31300
69.31600
69.30200
69.33200
69.34800
69.34900
69.38100
69.39400
69.40800
69.41800
69.44000
69.44200
69.43700
69.43200
69.43500
69.44900
69.46000
69.48200
69.49200
69.49400
69.51700
69.52800
69.53100
69.51400
69.52300
69.54300
69.55800
69.55500
69.55900
69.57100
69.58600
69.59200
69.60000
69.60600
69.61900
69.62000
69.61600
69.64200
69.64000
69.65400
69.66200
69.66000
69.66200
69.69900
69.70000
69.70200
69.70700
69.71400
69.72100
69.72900
69.75400
69.75800
69.76900
69.76600
69.76200
69.77400
69.77500
69.78700
69.79500
69.81200
69.83000
69.84500
69.84700
69.85000
69.85400
69.86500
69.87200
69.87000
69.87300
69.88600
69.90600
69.90800
69.91900
69.93100
69.93700
69.96000
69.95400
69.96100
69.97900
69.99700
70.00400
70.00900
70.02300
70.03500
70.06300
70.05900
70.07100
70.08300
70.09300
70.10000
70.10000
70.11500
70.11900
70.11400
70.11600
70.13100
70.13400
70.14600
70.13800
70.14600
70.15700
70.17900
70.18600
70.19700
70.20600
70.21800
70.22300
70.22600
70.23900
70.23900
70.26100
70.26600
70.26900
70.28500
70.29700
70.29600
70.30300
70.30400
70.30600
70.31000
70.30900
70.30800
70.32200
70.33300
70.32300
70.32800
70.34500
70.33900
70.34700
70.33900
70.34000
70.35900
70.35400
70.37500
70.37600
70.38400
70.38900
70.39700
70.41200
70.40300
70.42400
70.42000
70.42000
70.42200
70.42700
70.43800
70.45800
70.45500
70.45800
70.46800
70.47200
70.46500
70.46500
70.46300
70.46200
70.47000
70.46900
70.48300
70.49700
70.50500
70.51300
70.52000
70.51900
70.53000
70.51800
70.52400
70.53300
70.53200
70.53900
70.54000
70.54000
70.54600
70.55200
70.56200
70.57200
70.57200
70.57500
70.58100
70.59000
70.59800
70.61100
70.61300
70.62100
70.65000
70.65200
70.66500
70.68000
70.68400
70.68300
70.69900
70.71400
70.73200
70.73800
70.73600
70.74600
70.75800
70.76400
70.76500
70.79500
70.80000
70.80400
70.81300
70.81600
70.81500
70.80800
70.81600
70.81600
70.81600
70.81800
70.83200
70.84200
70.84600
70.84200
70.84800
70.85500
70.86600
70.87600
70.88600
70.89000
70.89300
70.90100
70.91300
70.92000
70.93400
70.93900
70.92700
70.94000
70.94900
70.94400
70.95100
70.96200
70.96200
70.96600
70.98900
70.99600
71.00900
71.02500
71.02600
71.03800
71.03500
71.04200
71.03800
71.04800
71.05700
71.07100
71.09200
71.12200
71.11300
71.11800
71.13000
71.14200
71.15600
71.16200
71.16100
71.16000
71.16300
71.17400
71.19200
71.20100
71.21600
71.22500
71.22600
71.24500
71.25200
71.26500
71.26500
71.27700
71.28700
71.29800
71.31300
71.32100
71.32200
71.31900
71.33200
71.34300
71.34800
71.36200
71.38700
71.38900
71.41400
71.42200
71.40500
71.41400
71.41200
71.41200
71.42800
71.44300
71.45300
71.46300
71.45700
71.47100
71.48500
71.51100
71.50800
71.51300
71.52100
71.53200
71.55300
71.56500
71.56900
71.57300
71.58300
71.58700
71.59700
71.59800
71.60100
71.60500
71.61300
71.61100
71.61900
71.62600
71.63700
71.63400
71.64800
71.65700
71.65600
71.66200
71.66400
71.66600
71.68400
71.68900
71.69600
71.70000
71.70000
71.71500
71.70400
71.71400
71.71800
71.72600
71.74700
71.75000
71.75500
71.77500
71.78500
71.78600
71.80000
71.79700
71.80400
71.81200
71.81000
71.80900
71.80700
71.80100
71.82100
71.84000
71.83800
71.84200
71.84900
71.84500
71.87400
71.87500
71.89700
71.91200
71.90800
71.92100
71.92100
71.92300
71.92600
71.93600
71.93600
71.94100
71.93700
71.94000
71.97200
71.98900
71.99600
72.00900
71.99900
72.00000
72.00400
72.01200
72.01700
72.01900
72.01500
72.01700
72.02800
72.03800
72.04100
72.04500
72.05400
72.05600
72.04900
72.05300
72.06000
72.06100
72.06500
72.07600
72.07600
72.07200
72.07700
72.08400
72.09300
72.11400
72.11600
72.11500
72.10900
72.12400
72.13100
72.13800
72.13900
72.13600
72.13600
72.14800
72.14700
72.16000
72.17100
72.17600
72.18100
72.17900
72.17400
72.18000
72.18900
72.19200
72.19700
72.20300
72.21400
72.21600
72.22400
72.23000
72.23800
72.24400
72.25700
72.26100
72.27800
72.27100
72.27400
72.29200
72.30100
72.30000
72.30100
72.31000
72.30900
72.31600
72.32600
72.33000
72.32700
72.33500
72.33800
72.34800
72.35500
72.34800
72.35000
72.36400
72.37000
72.38900
72.39400
72.40300
72.40800
72.41700
72.42700
72.44200
72.44300
72.45500
72.46800
72.47200
72.47400
72.48100
72.48500
72.49500
72.51900
72.52200
72.53500
72.54600
72.54800
72.55600
72.55800
72.56700
72.56200
72.57200
72.57500
72.58200
72.58500
72.59200
72.59300
72.59500
72.60400
72.61400
72.62100
72.62300
72.61900
72.62800
72.63100
72.63400
72.65300
72.66100
72.65600
72.66700
72.66300
72.68000
72.67400
72.68000
72.68400
72.67600
72.68100
72.69600
72.70600
72.72500
72.73900
72.74300
72.74700
72.74400
72.74100
72.74800
72.75300
72.75400
72.75700
72.77100
72.78500
72.78900
72.80100
72.79900
72.81500
72.83400
72.84400
72.84800
72.85500
72.87200
72.88200
72.88200
72.89400
72.89300
72.89200
72.89600
72.90800
72.90600
72.92800
72.92600
72.94000
72.95500
72.97900
72.98400
72.98800
72.99300
73.00100
73.00800
73.02500
73.03100
73.04500
73.04200
73.04500
73.06000
73.06700
73.07100
73.07800
73.08800
73.10000
73.09700
73.10300
73.11600
73.11800
73.13100
73.14700
73.14700
73.14800
73.16000
73.17400
73.17400
73.17900
73.18900
73.19600
73.20200
73.20500
73.20600
73.20800
73.22300
73.21600
73.22500
73.22700
73.22700
73.25100
73.26100
73.27300
73.27700
73.27700
73.28400
73.29900
73.29900
73.32100
73.33500
73.33100
73.33400
73.34100
73.33500
73.34600
73.36500
73.37000
73.37800
73.38600
73.38400
73.39900
73.40300
73.41200
73.42400
73.42100
73.42900
73.43500
73.44400
73.45800
73.47000
73.46400
73.47700
73.47700
73.47800
73.47600
73.48000
73.48900
73.49200
73.50200
73.50700
73.50600
73.51900
73.52900
73.54800
73.55300
73.56900
73.57700
73.58900
73.59000
73.58800
73.59400
73.59700
73.60000
73.60500
73.60800
73.61200
73.63000
73.64200
73.64500
73.65800
73.65500
73.65600
73.66000
73.67100
73.68400
73.69800
73.70800
73.72000
73.72500
73.73000
73.73900
73.74100
73.75300
73.76400
73.77000
73.78900
73.79800
73.81800
73.82300
73.84300
73.83900
73.83100
73.84000
73.85400
73.86400
73.86300
73.86500
73.87400
73.88100
73.89500
73.91100
73.90200
73.90200
73.91200
73.91600
73.91800
73.93400
73.94200
73.96100
73.96900
73.97000
73.97400
73.97900
73.98400
73.98700
74.00500
74.02000
74.02200
74.03200
74.05000
74.05400
74.05600
74.06600
74.07800
74.07700
74.08000
74.07700
74.08200
74.08400
74.07900
74.09000
74.09800
74.10200
74.10700
74.11700
74.12900
74.13400
74.14600
74.15700
74.16600
74.17000
74.17800
74.18000
74.17400
74.17500
74.18000
74.18900
74.19700
74.20500
74.21700
74.22200
74.22800
74.23400
74.23700
74.24100
74.24600
74.24500
74.25000
74.25600
74.25000
74.24700
74.25000
74.25700
74.26300
74.26800
74.27800
74.27000
74.27400
74.29000
74.28900
74.29600
74.30000
74.31500
74.31800
74.31700
74.32400
74.32100
74.33000
74.34000
74.34600
74.34600
74.35700
74.35600
74.35800
74.35500
74.36700
74.37300
74.37700
74.38800
74.39200
74.39700
74.40000
74.40400
74.39700
74.40800
74.41300
74.42400
74.43600
74.45000
74.44800
74.45700
74.45300
74.45100
74.45700
74.45900
74.46800
74.47300
74.48400
74.49800
74.51100
74.50600
74.51500
74.52000
74.52100
74.52300
74.52600
74.52800
74.53300
74.53500
74.53700
74.55300
74.56200
74.56700
74.56800
74.57600
74.57400
74.57600
74.57500
74.58200
74.57900
74.57800
74.57900
74.58000
74.58500
74.59000
74.58500
74.58800
74.58800
74.58800
74.60000
74.60300
74.60200
74.61000
74.60400
74.61000
74.62000
74.62100
74.62500
74.64000
74.64900
74.65400
74.66100
74.66100
74.66100
74.67400
74.68200
74.68800
74.70200
74.71000
74.70900
74.71700
74.71700
74.72700
74.73700
74.73700
74.73500
74.72500
74.73200
74.73300
74.73400
74.73600
74.73600
74.76000
74.76800
74.78300
74.79300
74.79700
74.79700
74.80900
74.81200
74.81600
74.81900
74.81800
74.81800
74.83200
74.83200
74.83700
74.84200
74.84700
74.84100
74.84800
74.85200
74.85900
74.86500
74.87600
74.88700
74.88700
74.89200
74.89900
74.90300
74.90500
74.90700
74.90700
74.91800
74.92900
74.93200
74.94100
74.94200
74.94300
74.95400
74.95500
74.95900
74.96200
74.97100
74.96900
74.97500
74.97900
74.99000
74.98100
74.98600
74.99300
74.99900
75.00500
75.01900
75.02700
75.03000
75.02900
75.03500
75.04500
75.05300
75.05900
75.06400
75.06500
75.06800
75.07000
75.07200
75.08000
75.08400
75.09100
75.09400
75.10200
75.10500
75.10500
75.11700
75.11600
75.12400
75.13100
75.12800
75.13700
75.13800
75.15500
75.15800
75.18000
75.17800
75.18600
75.19600
75.19000
75.19100
75.18900
75.21000
75.21600
75.22600
75.23300
75.23300
75.24500
75.26700
75.26300
75.27700
75.28500
75.28600
75.28300
75.29700
75.30500
75.30800
75.32100
75.33200
75.33200
75.34900
75.35100
75.36300
75.38500
75.38600
75.37000
75.37200
75.37200
75.37200
75.38600
75.38400
75.38900
75.39300
75.39200
75.39500
75.40200
75.39900
75.41100
75.43000
75.43400
75.44400
75.44300
75.46000
75.46900
75.46800
75.47900
75.48500
75.48200
75.48100
75.49700
75.50900
75.51600
75.51900
75.52900
75.55300
75.55500
75.56200
75.55800
75.57400
75.58700
75.58700
75.59200
75.61200
75.61900
75.62300
75.63000
75.63100
75.63700
75.63700
75.63600
75.64500
75.65200
75.65500
75.67900
75.68000
75.67700
75.68400
75.67900
75.67800
75.68200
75.68500
75.69000
75.70000
75.70900
75.70400
75.70200
75.70300
75.70500
75.71000
75.71300
75.71000
75.71000
75.71500
75.72100
75.72700
75.73700
75.74400
75.74200
75.75200
75.75500
75.75800
75.76100
75.76300
75.77200
75.77700
75.77700
75.78100
75.78500
75.79400
75.79800
75.80700
75.81100
75.80500
75.82400
75.82400
75.83600
75.84000
75.84400
75.84800
75.84300
75.84300
75.83800
75.84000
75.83800
75.83700
75.84700
75.85000
75.85000
75.85000
75.85800
75.85300
75.85600
75.85600
75.86100
75.86700
75.87100
75.87100
75.88100
75.88800
75.89100
75.89000
75.90100
75.90600
75.91200
75.90900
75.92000
75.92000
75.91900
75.92000
75.92000
75.92100
75.92400
75.92600
75.93000
75.93600
75.93600
75.93300
75.92700
75.91900
75.91500
75.92300
75.93000
75.92900
75.93000
75.93400
75.93400
75.94100
75.95000
75.94600
75.95200
75.95500
75.95000
75.95900
75.95700
75.95400
75.96500
75.96900
75.97200
75.97100
75.97100
75.97500
75.97000
75.97800
75.97900
75.97300
75.96900
75.97200
75.97100
75.97800
75.98200
75.98600
75.99000
75.99600
75.99900
75.99200
75.99300
76.00500
76.01100
76.00900
76.00400
76.00900
76.00600
76.00200
76.01300
76.01300
76.01100
76.01700
76.01600
76.01300
76.02400
76.02100
76.03000
76.02800
76.03400
76.02800
76.03200
76.03400
76.03000
76.03300
76.03700
76.03400
76.04000
76.03700
76.04600
76.05800
76.06000
76.06500
76.06100
76.06000
76.06000
76.06000
76.06300
76.06600
76.06500
76.07300
76.07100
76.07300
76.07700
76.07700
76.07800
76.07700
76.07500
76.07900
76.08000
76.07900
76.09200
76.09200
76.09400
76.09300
76.10700
76.11200
76.11000
76.10500
76.11100
76.11000
76.12300
76.13400
76.13700
76.13700
76.13700
76.14500
76.14800
76.15000
76.15800
76.15700
76.16000
76.16500
76.16300
76.16700
76.16600
76.17200
76.17500
76.18500
76.18700
76.18700
76.18600
76.18700
76.18600
76.19300
76.20000
76.20900
76.21700
76.22100
76.22800
76.23200
76.22800
76.22700
76.22800
76.23000
76.22600
76.23100
76.24300
76.24800
76.24800
76.24300
76.24200
76.24300
76.24600
76.24900
76.25500
76.25700
76.25500
76.26500
76.27400
76.28100
76.28100
76.28800
76.30200
76.30400
76.30000
76.31000
76.30800
76.31500
76.32100
76.32400
76.31600
76.32100
76.33700
76.33800
76.34200
76.35000
76.33900
76.34200
76.34200
76.35100
76.35700
76.35700
76.36200
76.36600
76.37200
76.37800
76.37800
76.38300
76.38600
76.38400
76.39800
76.40000
76.40800
76.41200
76.41500
76.41800
76.42100
76.42800
76.42500
76.43300
76.43800
76.44700
76.45500
76.46200
76.45200
76.45300
76.44900
76.45700
76.46100
76.46200
76.46900
76.48000
76.49200
76.49900
76.49600
76.50400
76.50300
76.50900
76.52200
76.52300
76.52800
76.53100
76.53700
76.53700
76.54800
76.55000
76.56000
76.55900
76.56200
76.56300
76.56600
76.57500
76.57400
76.58100
76.58800
76.58300
76.58800
76.60100
76.61500
76.61600
76.62700
76.63100
76.63500
76.62700
76.63100
76.63800
76.64300
76.64500
76.64700
76.65300
76.65300
76.65700
76.66300
76.67100
76.68300
76.68500
76.69800
76.71300
76.71800
76.72500
76.72500
76.72700
76.75200
76.75100
76.76200
76.77300
76.77200
76.78000
76.79000
76.79700
76.80700
76.81300
76.82600
76.82500
76.83800
76.83500
76.83900
76.84400
76.85000
76.85400
76.86100
76.87400
76.87700
76.88700
76.90000
76.90400
76.90700
76.91000
76.91000
76.92600
76.93000
76.93100
76.94000
76.95000
76.96300
76.96200
76.97200
76.98900
76.98600
76.99400
77.00000
77.00100
77.01200
77.01400
77.01700
77.02000
77.03200
77.03800
77.04700
77.05800
77.06700
77.06600
77.07000
77.07200
77.08100
77.08700
77.08900
77.10000
77.10800
77.11200
77.11300
77.11100
77.11000
77.12000
77.13400
77.14200
77.14300
77.15300
77.16200
77.17000
77.18300
77.18500
77.19100
77.19000
77.18800
77.19600
77.20500
77.21000
77.20900
77.22000
77.22800
77.22900
77.22900
77.22600
77.23300
77.23300
77.23300
77.23600
77.24900
77.25200
77.26000
77.25900
77.26700
77.27100
77.27500
77.28700
77.28700
77.28500
77.28400
77.28300
77.28500
77.28500
77.29200
77.29600
77.30100
77.29500
77.30000
77.30800
77.30400
77.30800
77.30500
77.30300
77.30500
77.32100
77.33000
77.33500
77.34700
77.34800
77.34700
77.35500
77.36200
77.36300
77.36500
77.37200
77.37500
77.37700
77.37800
77.37900
77.37900
77.38300
77.38400
77.39600
77.39700
77.40900
77.40500
77.41800
77.41600
77.41800
77.41900
77.41600
77.41900
77.42300
77.42700
77.42400
77.42400
77.43500
77.44200
77.44500
77.44600
77.45100
77.45600
77.45700
77.44900
77.46200
77.46800
77.47100
77.47100
77.47300
77.47600
77.48700
77.48900
77.48400
77.49000
77.49300
77.49900
77.49700
77.50700
77.50700
77.50500
77.50400
77.50500
77.50900
77.51400
77.51700
77.52300
77.51800
77.52000
77.53500
77.53300
77.52600
77.52500
77.53100
77.53400
77.53400
77.54200
77.54300
77.54600
77.54300
77.54300
77.54700
77.54900
77.55200
77.55500
77.55700
77.56400
77.57100
77.57900
77.57800
77.58200
77.58900
77.59700
77.60500
77.59800
77.60400
77.61400
77.61900
77.62300
77.62600
77.63500
77.64100
77.63700
77.63900
77.64400
77.64500
77.65100
77.65400
77.65000
77.65000
77.65200
77.65900
77.65700
77.66000
77.66900
77.66300
77.66700
77.67300
77.68300
77.68900
77.69700
77.70400
77.70200
77.69200
77.68900
77.69100
77.70100
77.69900
77.70600
77.72400
77.72900
77.73200
77.73500
77.73700
77.73900
77.74300
77.74300
77.73700
77.74900
77.74600
77.75200
77.76200
77.77000
77.77100
77.77300
77.77100
77.78200
77.78800
77.79400
77.79800
77.80000
77.80400
77.81000
77.82000
77.82400
77.82000
77.83000
77.83700
77.83800
77.84000
77.84200
77.83800
77.84000
77.84200
77.84600
77.85800
77.86500
77.87900
77.88700
77.88900
77.89300
77.90200
77.90600
77.90600
77.90900
77.90900
77.90700
77.91600
77.90800
77.92500
77.92100
77.92300
77.93400
77.94600
77.95400
77.95500
77.96200
77.96500
77.97400
77.97700
77.98200
77.98500
77.99100
77.99200
77.99600
77.99600
78.00500
78.00900
78.01000
78.01300
78.01700
78.02100
78.02500
78.03300
78.02900
78.03900
78.04600
78.04600
78.05400
78.05200
78.05100
78.06000
78.07200
78.07300
78.07700
78.07900
78.07600
78.08100
78.08900
78.08600
78.08900
78.09800
78.10400
78.10600
78.11400
78.11700
78.12600
78.13100
78.13500
78.13700
78.13700
78.13600
78.13600
78.14300
78.15000
78.15600
78.15800
78.16200
78.15800
78.16200
78.16500
78.16300
78.16500
78.16700
78.17000
78.17300
78.17900
78.18100
78.19000
78.19000
78.19800
78.19800
78.19700
78.20400
78.21100
78.21300
78.21600
78.22000
78.22800
78.22800
78.23000
78.23300
78.23300
78.23400
78.24000
78.24200
78.24700
78.25000
78.25900
78.25800
78.25700
78.25300
78.26000
78.27100
78.26900
78.26400
78.26800
78.27500
78.27700
78.27300
78.28000
78.27800
78.28300
78.29000
78.29600
78.29700
78.29500
78.29700
78.29700
78.30100
78.30200
78.30700
78.30700
78.32200
78.32300
78.33400
78.33500
78.33300
78.33200
78.33700
78.34000
78.34800
78.34500
78.34400
78.34700
78.35100
78.35300
78.35500
78.37000
78.36800
78.37000
78.37600
78.37700
78.38500
78.38800
78.38500
78.38900
78.39000
78.39100
78.39800
78.39900
78.40600
78.40700
78.40400
78.40200
78.40600
78.41000
78.41500
78.40900
78.41600
78.42000
78.42800
78.43200
78.42900
78.43200
78.42800
78.43000
78.43500
78.43200
78.43700
78.44500
78.44500
78.44800
78.45000
78.45200
78.45800
78.45900
78.46700
78.47200
78.47500
78.46800
78.47100
78.47500
78.47900
78.48600
78.48600
78.48700
78.49000
78.49000
78.48800
78.49000
78.49500
78.49200
78.49700
78.50000
78.50700
78.51300
78.52700
78.52300
78.53000
78.53500
78.53000
78.53700
78.53900
78.54000
78.55000
78.55900
78.56500
78.56300
78.56400
78.56400
78.56500
78.56300
78.56500
78.56400
78.56300
78.56600
78.56700
78.57200
78.57900
78.58700
78.59000
78.60100
78.59700
78.60300
78.60600
78.60500
78.61000
78.60900
78.62500
78.62700
78.63100
78.63900
78.64100
78.64600
78.64700
78.65100
78.64600
78.64800
78.65100
78.65800
78.66100
78.66300
78.66700
78.66800
78.67500
78.67600
78.67500
78.67000
78.67600
78.67000
78.67400
78.67900
78.68700
78.69400
78.69400
78.70900
78.71300
78.71500
78.71300
78.71500
78.72000
78.72100
78.72800
78.73700
78.74200
78.74100
78.75000
78.75600
78.76000
78.76400
78.76700
78.77100
78.77300
78.78000
78.78600
78.79200
78.79400
78.79500
78.80100
78.80900
78.80800
78.81700
78.82300
78.82800
78.82200
78.81800
78.82400
78.83000
78.83100
78.84500
78.85200
78.85600
78.86000
78.86800
78.86700
78.86500
78.87000
78.87100
78.87100
78.87300
78.87200
78.87100
78.87100
78.87800
78.89300
78.89800
78.89800
78.89500
78.89800
78.89700
78.89500
78.89900
78.90500
78.91100
78.90700
78.91400
78.91800
78.91600
78.91800
78.91700
78.91800
78.92300
78.92600
78.93000
78.93600
78.93500
78.94000
78.94000
78.94300
78.94600
78.95000
78.95100
78.95500
78.95600
78.95700
78.95400
78.95900
78.96400
78.96100
78.97100
78.97200
78.97600
78.97400
78.97400
78.97700
78.98300
78.98300
78.98800
78.98800
78.99400
79.00100
79.00500
79.00600
79.00800
79.01200
79.01100
79.00900
79.00900
79.01200
79.01500
79.01900
79.02300
79.02600
79.02700
79.03500
79.03500
79.03500
79.03500
79.02500
79.03300
79.03800
79.04100
79.04300
79.04100
79.04500
79.05400
79.05400
79.06100
79.06300
79.06400
79.06500
79.06600
79.06500
79.06800
79.07500
79.07100
79.07600
79.08100
79.08300
79.08600
79.08800
79.08600
79.08400
79.08900
79.09100
79.09300
79.09700
79.09900
79.10100
79.10000
79.09100
79.09500
79.10500
79.11300
79.11400
79.11100
79.11900
79.12100
79.12700
79.12800
79.12900
79.12800
79.13200
79.14000
79.14600
79.15000
79.15000
79.16100
79.15900
79.15900
79.16200
79.16000
79.16400
79.17100
79.16900
79.17400
79.18000
79.18000
79.17900
79.18200
79.18500
79.19000
79.19400
79.19000
79.19500
79.19800
79.20100
79.20700
79.21500
79.21500
79.21500
79.21900
79.21300
79.21100
79.22200
79.21900
79.22200
79.22500
79.22300
79.22100
79.23100
79.22800
79.23200
79.23200
79.23500
79.23700
79.24200
79.24000
79.24800
79.24800
79.25600
79.26000
79.26600
79.27200
79.27100
79.27900
79.28100
79.28000
79.29100
79.29200
79.29500
79.30200
79.30300
79.30600
79.31000
79.32400
79.32000
79.32400
79.32900
79.32800
79.33000
79.33100
79.33500
79.33500
79.34400
79.35300
79.35400
79.35100
79.36000
79.36200
79.36400
79.36200
79.36900
79.37400
79.37100
79.37400
79.37400
79.37600
79.37700
79.37900
79.38700
79.39100
79.38900
79.39400
79.39700
79.40000
79.41100
79.41300
79.41500
79.42100
79.41800
79.41900
79.42000
79.42800
79.43100
79.43000
79.43300
79.43800
79.44000
79.44600
79.45700
79.46800
79.47300
79.47800
79.48700
79.48900
79.49400
79.49600
79.49900
79.49800
79.50400
79.50100
79.50700
79.51400
79.50900
79.50800
79.51400
79.52200
79.52800
79.52900
79.52900
79.53500
79.53400
79.53800
79.54400
79.54600
79.55000
79.55200
79.55200
79.54900
79.55300
79.55600
79.55800
79.55800
79.56400
79.56800
79.57000
79.57400
79.57900
79.58100
79.58400
79.58500
79.59000
79.58800
79.58800
79.59100
79.59500
79.59700
79.60600
79.60500
79.60400
79.60700
79.61200
79.61000
79.62100
79.62600
79.61600
79.62100
79.62500
79.62500
79.62400
79.62600
79.62100
79.62900
79.63400
79.63900
79.64500
79.64500
79.64800
79.65300
79.65500
79.65800
79.66900
79.67200
79.67700
79.67400
79.66400
79.66900
79.67300
79.67900
79.68200
79.67700
79.68200
79.68300
79.68700
79.69100
79.69000
79.69600
79.70600
79.70900
79.70900
79.71400
79.71600
79.71400
79.71100
79.71800
79.71900
79.72300
79.72200
79.72500
79.73100
79.73400
79.73400
79.73900
79.74800
79.74900
79.75000
79.75100
79.74800
79.75200
79.75900
79.75800
79.76100
79.76300
79.75800
79.75700
79.75900
79.76100
79.76800
79.76800
79.76200
79.76100
79.76700
79.76800
79.77100
79.77700
79.78200
79.78400
79.79200
79.79300
79.79700
79.79500
79.80100
79.80800
79.80900
79.81500
79.82400
79.83100
79.83500
79.84000
79.83300
79.83100
79.83800
79.84500
79.85000
79.85400
79.85500
79.85800
79.86100
79.86900
79.87200
79.86900
79.88500
79.88800
79.88900
79.89700
79.90200
79.90200
79.90100
79.90300
79.90900
79.91100
79.91600
79.91700
79.92100
79.92200
79.92600
79.93700
79.93800
79.94300
79.94600
79.94400
79.94500
79.94800
79.95000
79.95000
79.95800
79.95900
79.95900
79.96600
79.97000
79.97400
79.97600
79.98000
79.98800
79.98600
79.99600
79.99600
80.00300
80.01100
80.01100
80.01200
80.01600
80.01600
80.01500
80.01800
80.02400
80.03000
80.03400
80.03900
80.04100
80.04400
80.04800
80.05100
80.06100
80.06900
80.07300
80.07800
80.08200
80.08500
80.09100
80.09500
80.10100
80.10900
80.11500
80.11500
80.11800
80.11800
80.11800
80.12600
80.13400
80.12900
80.13400
80.13300
80.13500
80.14200
80.14200
80.15200
80.15800
80.16400
80.16400
80.17300
80.17600
80.17500
80.17900
80.18600
80.18900
80.18700
80.18800
80.19600
80.20200
80.20400
80.20200
80.20800
80.20300
80.20700
80.21700
80.22000
80.23200
80.22800
80.23500
80.23700
80.24000
80.23900
80.24700
80.25100
80.25200
80.25400
80.25900
80.26800
80.26900
80.27000
80.26800
80.27400
80.28200
80.29000
80.29800
80.30000
80.30300
80.30700
80.30800
80.31500
80.31500
80.32200
80.31900
80.32400
80.32600
80.32600
80.32800
80.33700
80.33400
80.33800
80.34000
80.34600
80.34400
80.34700
80.35100
80.35100
80.36000
80.35800
80.36100
80.36500
80.36700
80.37100
80.37200
80.37300
80.37500
80.38100
80.38000
80.38400
80.39000
80.39500
80.39800
80.40000
80.40400
80.40800
80.40700
80.40500
80.40800
80.40900
80.41100
80.41600
80.41600
80.41800
80.41900
80.41600
80.42300
80.42700
80.42900
80.43100
80.43500
80.43700
80.43900
80.44300
80.44500
80.45300
80.45100
80.45300
80.45700
80.45700
80.45400
80.46200
80.46500
80.46900
80.47500
80.48400
80.48700
80.49400
80.49500
80.49700
80.49900
80.49900
80.50800
80.51400
80.51700
80.51600
80.51800
80.52200
80.52600
80.53000
80.53200
80.53800
80.54100
80.53700
80.54100
80.54900
80.54900
80.54800
80.54900
80.55300
80.55100
80.55400
80.55400
80.56000
80.56100
80.56500
80.56900
80.57100
80.57800
80.58400
80.58300
80.58500
80.58700
80.59000
80.59400
80.59400
80.59300
80.59400
80.60200
80.59500
80.59600
80.59800
80.60200
80.60500
80.60600
80.60500
80.60900
80.61300
80.61300
80.61800
80.62000
80.61900
80.62700
80.63000
80.63000
80.63400
80.63600
80.63500
80.63800
80.63500
80.63400
80.64400
80.64100
80.64000
80.64200
80.64200
80.64200
80.64500
80.64900
80.65000
80.65300
80.65800
80.66300
80.66200
80.66200
80.66700
80.66600
80.65900
80.66000
80.66300
80.66700
80.67300
80.67300
80.67100
80.67300
80.67900
80.68500
80.69000
80.68800
80.68700
80.68700
80.68900
80.69200
80.69500
80.69700
80.70100
80.69500
80.70000
80.70600
80.70800
80.70800
80.70900
80.71200
80.71300
80.71700
80.71600
80.72000
80.72700
80.72500
80.73200
80.73400
80.73600
80.74000
80.74300
80.74300
80.74900
80.75300
80.75200
80.75300
80.75200
80.75500
80.75700
80.76300
80.76700
80.77200
80.77800
80.78100
80.78100
80.78600
80.78800
80.79100
80.79400
80.79400
80.78800
80.79300
80.79800
80.80200
80.80700
80.81100
80.80900
80.80900
80.81300
80.81300
80.81200
80.81700
80.81700
80.82000
80.82900
80.83200
80.82900
80.83600
80.83600
80.83900
80.84200
80.84700
80.85400
80.85700
80.86100
80.87000
80.86800
80.87300
80.87100
80.87300
80.87500
80.87500
80.87700
80.88100
80.88100
80.88500
80.88400
80.89100
80.90400
80.90600
80.90500
80.90300
80.90500
80.91000
80.91200
80.91300
80.91100
80.91800
80.92200
80.92600
80.92500
80.92400
80.92900
80.93700
80.94200
80.94300
80.94800
80.94900
80.95000
80.96100
80.95900
80.96100
80.97100
80.96800
80.97100
80.97800
80.98300
80.98400
80.98800
80.99100
80.98900
80.98700
80.98700
80.99200
81.00100
81.00500
81.00900
81.01200
81.00600
81.00900
81.01300
81.01700
81.02000
81.02400
81.02700
81.02800
81.03300
81.03400
81.03500
81.03600
81.04400
81.04600
81.04800
81.05600
81.06100
81.06200
81.06300
81.06500
81.06400
81.06800
81.06600
81.06400
81.06800
81.06900
81.06800
81.07300
81.07200
81.07300
81.07400
81.07600
81.08100
81.08300
81.08700
81.09000
81.09600
81.10000
81.10700
81.10800
81.11000
81.11100
81.11500
81.12300
81.11800
81.13000
81.12500
81.12900
81.12900
81.13300
81.13200
81.13600
81.13500
81.14400
81.15100
81.15500
81.16000
81.15900
81.16400
81.16400
81.17400
81.18100
81.18600
81.18800
81.18200
81.18400
81.19300
81.19600
81.19700
81.20100
81.20200
81.20700
81.21400
81.21500
81.22300
81.22400
81.22500
81.22600
81.22800
81.23200
81.23600
81.24100
81.23700
81.23500
81.23700
81.23600
81.23500
81.23600
81.24100
81.24700
81.25700
81.25700
81.25700
81.26500
81.26400
81.27300
81.27200
81.27900
81.28100
81.27500
81.28100
81.28500
81.28900
81.29300
81.29400
81.29800
81.30100
81.29900
81.30200
81.30800
81.31100
81.32000
81.32700
81.33500
81.33000
81.33300
81.33800
81.33800
81.33800
81.33700
81.33900
81.34500
81.35300
81.35100
81.35500
81.35900
81.35800
81.36400
81.36900
81.37600
81.37800
81.38400
81.38800
81.39200
81.39400
81.39200
81.39100
81.39200
81.39500
81.39600
81.40200
81.40500
81.40600
81.40200
81.39800
81.39900
81.40900
81.41500
81.40900
81.41300
81.41700
81.41900
81.41800
81.42600
81.42600
81.43100
81.43200
81.43200
81.43600
81.43600
81.42700
81.43100
81.43500
81.43600
81.44300
81.44500
81.44500
81.45000
81.45300
81.46100
81.45700
81.45900
81.46800
81.46900
81.47300
81.47400
81.47600
81.47600
81.48200
81.48600
81.48600
81.49400
81.49500
81.49500
81.50000
81.49600
81.49700
81.49900
81.50000
81.50200
81.50500
81.50400
81.51200
81.51000
81.51800
81.52300
81.53000
81.53400
81.53300
81.54100
81.54300
81.54500
81.54300
81.54700
81.55000
81.55800
81.56200
81.56700
81.56900
81.57300
81.58100
81.58700
81.58700
81.59400
81.60100
81.60100
81.60300
81.60600
81.61000
81.61200
81.61500
81.61400
81.61800
81.62300
81.62900
81.63000
81.63200
81.63700
81.64300
81.64400
81.64200
81.64400
81.64900
81.65000
81.65100
81.65200
81.65200
81.65600
81.66300
81.66600
81.68000
81.68400
81.68400
81.68900
81.69300
81.69900
81.70200
81.70100
81.70300
81.70900
81.72000
81.72400
81.73300
81.73900
81.74300
81.74900
81.75000
81.75700
81.76100
81.76600
81.77300
81.77100
81.77400
81.78200
81.78200
81.78600
81.78900
81.79600
81.79600
81.80100
81.80600
81.80600
81.81200
81.81700
81.82400
81.82600
81.83700
81.84000
81.83800
81.84300
81.84400
81.84600
81.85600
81.85700
81.86000
81.85700
81.85800
81.86400
81.86700
81.86600
81.87200
81.87800
81.88300
81.88400
81.88900
81.89200
81.89900
81.90200
81.90700
81.90800
81.91300
81.91500
81.91600
81.92400
81.92300
81.92500
81.93300
81.93500
81.94000
81.93700
81.94000
81.94600
81.95600
81.95600
81.95700
81.96500
81.96600
81.96900
81.97300
81.97600
81.97800
81.98900
81.99100
81.99500
82.00000
82.00200
82.00800
82.01300
82.01600
82.02000
82.01700
82.02400
82.03400
82.03700
82.04000
82.04600
82.05200
82.05300
82.05500
82.05800
82.06100
82.07300
82.07600
82.08000
82.08700
82.08800
82.08900
82.09200
82.09600
82.09900
82.10400
82.10900
82.11600
82.12100
82.12400
82.12900
82.13500
82.13500
82.14200
82.14800
82.15000
82.15300
82.15800
82.16000
82.16600
82.16200
82.16900
82.17200
82.17700
82.18300
82.18200
82.18200
82.18200
82.18300
82.18600
82.19400
82.19900
82.19700
82.19700
82.20200
82.20300
82.20800
82.21000
82.21700
82.21700
82.21900
82.22700
82.23200
82.24300
82.24700
82.24800
82.24800
82.25300
82.25300
82.25500
82.26000
82.26600
82.27000
82.27300
82.27400
82.28200
82.28500
82.28900
82.28800
82.28700
82.28900
82.29000
82.29700
82.30400
82.30800
82.30800
82.31100
82.31300
82.32100
82.32600
82.33100
82.33400
82.33500
82.33400
82.33900
82.33900
82.34000
82.34300
82.34600
82.34500
82.34900
82.35200
82.35700
82.35900
82.36700
82.37100
82.37200
82.37700
82.37900
82.38500
82.38900
82.38800
82.38800
82.39500
82.40000
82.40100
82.40500
82.41100
82.41300
82.41400
82.41900
82.42100
82.42700
82.43300
82.43200
82.43400
82.43200
82.43000
82.43300
82.43400
82.43700
82.44300
82.44200
82.44300
82.45100
82.45500
82.45500
82.45700
82.45500
82.46000
82.46000
82.45500
82.45300
82.45700
82.45800
82.46700
82.46500
82.47000
82.47100
82.47200
82.47000
82.47300
82.48300
82.48200
82.48100
82.48200
82.48800
82.49000
82.49400
82.49500
82.49800
82.50000
82.49800
82.49900
82.49500
82.50000
82.50000
82.49800
82.50200
82.50600
82.51400
82.51600
82.51400
82.51600
82.51000
82.50800
82.51200
82.51400
82.51400
82.51600
82.51700
82.51600
82.51900
82.52000
82.51500
82.51800
82.52000
82.52200
82.52600
82.52500
82.52400
82.52600
82.52200
82.52000
82.52400
82.52400
82.52700
82.52400
82.52700
82.52700
82.52900
82.53100
82.53500
82.53400
82.53300
82.53100
82.53200
82.53100
82.53300
82.53200
82.53600
82.53200
82.53500
82.54200
82.53800
82.53700
82.54100
82.54300
82.54300
82.54300
82.54500
82.54700
82.55200
82.55300
82.55300
82.55400
82.55500
82.55500
82.55200
82.55400
82.55900
82.55700
82.55500
82.55400
82.55900
82.56100
82.56300
82.56800
82.56600
82.56800
82.56900
82.56700
82.57000
82.57500
82.57000
82.57100
82.57300
82.57400
82.57400
82.57600
82.57800
82.57800
82.57700
82.57700
82.58100
82.58500
82.58600
82.59100
82.59100
82.59300
82.58700
82.58800
82.58600
82.58600
82.58900
82.58700
82.59000
82.59100
82.59000
82.59500
82.59400
82.59500
82.59500
82.59700
82.59700
82.60500
82.60500
82.60400
82.60300
82.60500
82.60900
82.61100
82.61200
82.61300
82.61100
82.61300
82.61200
82.61300
82.61700
82.61700
82.61800
82.62200
82.62000
82.62000
82.61800
82.61500
82.62100
82.62600
82.62700
82.63000
82.63200
82.63300
82.63500
82.63300
82.63600
82.63300
82.63700
82.63800
82.64500
82.64900
82.64700
82.64700
82.64800
82.65100
82.65400
82.65600
82.65400
82.65600
82.66000
82.66200
82.66700
82.66900
82.67100
82.67600
82.67200
82.67400
82.68000
82.67800
82.68100
82.68500
82.68900
82.68900
82.69000
82.69200
82.69700
82.70000
82.69600
82.69300
82.69500
82.70100
82.70100
82.70600
82.69900
82.70600
82.70500
82.70100
82.70100
82.70000
82.69800
82.70400
82.71000
82.71200
82.71100
82.71400
82.71200
82.71500
82.71300
82.71400
82.71400
82.71700
82.71800
82.72500
82.72700
82.72900
82.72800
82.73000
82.73400
82.73300
82.73400
82.73700
82.74000
82.74100
82.73800
82.73800
82.73600
82.73800
82.74500
82.74500
82.74900
82.75200
82.75200
82.75900
82.76300
82.76400
82.76300
82.76800
82.76800
82.76700
82.76800
82.77100
82.77400
82.77800
82.78100
82.78200
82.78500
82.78400
82.78400
82.78800
82.78700
82.78500
82.78800
82.79100
82.79400
82.79600
82.79900
82.80600
82.80200
82.80000
82.80400
82.80800
82.80800
82.81500
82.81700
82.82100
82.82300
82.82100
82.82100
82.82000
82.82000
82.82400
82.82400
82.82600
82.82300
82.82100
82.82500
82.82600
82.82300
82.82400
82.82600
82.82600
82.83100
82.83100
82.83500
82.84000
82.84700
82.84400
82.84500
82.84300
82.84800
82.85000
82.85400
82.85900
82.85800
82.85400
82.85700
82.85700
82.85800
82.85700
82.85700
82.86100
82.85900
82.85900
82.86000
82.85500
82.85700
82.86200
82.86600
82.86300
82.86700
82.87300
82.87300
82.87400
82.87800
82.87300
82.87900
82.88400
82.88200
82.89000
82.89100
82.89500
82.89500
82.89700
82.89800
82.89900
82.90400
82.90600
82.90400
82.90800
82.90900
82.90900
82.91200
82.91200
82.91000
82.91200
82.91100
82.91600
82.91500
82.91300
82.92000
82.92400
82.92700
82.93400
82.93300
82.93500
82.93500
82.93400
82.94100
82.94200
82.94500
82.94800
82.95100
82.95200
82.95400
82.96400
82.96700
82.97600
82.97700
82.98500
82.98200
82.98500
82.98800
82.98600
82.98500
82.98800
82.98700
82.98800
82.98900
82.98900
82.99300
82.99300
82.99600
82.99800
83.00300
83.00400
83.00300
83.00300
82.99800
82.99900
83.00500
83.00200
83.00400
83.00700
83.00600
83.00800
83.00600
83.00800
83.00900
83.00700
83.00800
83.01200
83.01100
83.01900
83.01700
83.01900
83.02300
83.02400
83.02400
83.02600
83.02800
83.02200
83.02500
83.02400
83.02600
83.03000
83.03200
83.03100
83.03200
83.04200
83.04300
83.04400
83.04100
83.04300
83.04500
83.04800
83.05100
83.05100
83.04900
83.04800
83.04600
83.04700
83.05000
83.05200
83.05600
83.06100
83.06200
83.06300
83.06300
83.06300
83.06300
83.06800
83.06300
83.06100
83.06100
83.06300
83.06400
83.05900
83.06100
83.06900
83.06600
83.06800
83.06900
83.06600
83.06300
83.06900
83.07600
83.07500
83.07500
83.07700
83.08600
83.09600
83.09500
83.09600
83.09500
83.09200
83.09300
83.09500
83.09600
83.09400
83.10100
83.10200
83.10000
83.10100
83.10300
83.10900
83.10900
83.11600
83.11700
83.12300
83.12300
83.12200
83.12400
83.12300
83.11700
83.11500
83.11900
83.12800
83.13000
83.12900
83.12300
83.12300
83.12700
83.12700
83.12500
83.13200
83.13100
83.12800
83.13500
83.13300
83.13400
83.13500
83.13500
83.14000
83.14500
83.14600
83.14900
83.15300
83.15200
83.15600
83.15700
83.16100
83.16300
83.16000
83.16300
83.16200
83.16600
83.17200
83.17200
83.17300
83.17100
83.17000
83.17500
83.17800
83.18200
83.18800
83.19000
83.18800
83.19200
83.19200
83.19100
83.19000
83.18600
83.19000
83.19400
83.19500
83.19800
83.19300
83.19600
83.20300
83.20100
83.20300
83.20700
83.20800
83.20800
83.20800
83.20800
83.21000
83.20800
83.21000
83.21200
83.21400
83.21700
83.21700
83.22000
83.22400
83.22800
83.23100
83.23800
83.24100
83.24200
83.24900
83.25400
83.25500
83.25500
83.25100
83.24900
83.25100
83.25300
83.25700
83.25900
83.25900
83.26100
83.26200
83.25700
83.26000
83.26300
83.26600
83.27300
83.27200
83.27700
83.28000
83.28100
83.28100
83.28000
83.28000
83.28200
83.28600
83.28700
83.28900
83.28600
83.28800
83.29400
83.29200
83.29400
83.29700
83.29600
83.29700
83.30000
83.30300
83.30700
83.31200
83.30900
83.31000
83.31100
83.31500
83.31700
83.31800
83.31800
83.31700
83.31600
83.32000
83.32200
83.32400
83.32400
83.32600
83.33000
83.33000
83.32900
83.33100
83.32900
83.33100
83.33300
83.33300
83.32900
83.32700
83.32600
83.32900
83.33300
83.33500
83.33600
83.33700
83.33800
83.33600
83.33600
83.33900
83.33800
83.34500
83.34600
83.34700
83.34700
83.34900
83.35100
83.35300
83.35400
83.35700
83.35800
83.36000
83.35900
83.35900
83.36000
83.35600
83.35500
83.35900
83.36200
83.36600
83.36500
83.37000
83.36900
83.36700
83.36800
83.36700
83.36800
83.36300
83.36800
83.36900
83.36500
83.36300
83.36500
83.36400
83.36300
83.36900
83.37000
83.36100
83.36000
83.36500
83.36600
83.36500
83.36400
83.36300
83.36600
83.36700
83.36700
83.36800
83.36700
83.36500
83.36100
83.35800
83.36400
83.36000
83.36400
83.36700
83.37000
83.36800
83.36600
83.37000
83.37000
83.37000
83.36600
83.36300
83.36700
83.37000
83.37200
83.37600
83.37500
83.37600
83.37500
83.38000
83.38000
83.38000
83.37900
83.37900
83.38500
83.38500
83.39000
83.39000
83.39100
83.39000
83.39300
83.39800
83.39500
83.39800
83.40300
83.40300
83.40200
83.39800
83.40100
83.40700
83.40300
83.40500
83.40800
83.41000
83.41700
83.41500
83.41400
83.41500
83.41700
83.41900
83.42100
83.42400
83.42600
83.42600
83.42900
83.43300
83.43300
83.43300
83.43400
83.43500
83.43900
83.43900
83.43900
83.44100
83.44100
83.44400
83.44400
83.44700
83.44500
83.44800
83.44700
83.45000
83.44800
83.45100
83.45000
83.45400
83.45200
83.45700
83.45700
83.45600
83.45600
83.45700
83.45900
83.45900
83.46500
83.47100
83.46900
83.47200
83.47000
83.47200
83.47200
83.47300
83.47500
83.47400
83.46900
83.47300
83.47300
83.47500
83.48000
83.48100
83.48300
83.48700
83.48900
83.49100
83.49700
83.50300
83.50300
83.49900
83.50000
83.49900
83.50000
83.50400
83.50100
83.50300
83.50600
83.50800
83.51100
83.50800
83.50600
83.50800
83.51000
83.51400
83.51500
83.51800
83.51600
83.50800
83.50900
83.51200
83.51000
83.51000
83.51100
83.51600
83.52100
83.51900
83.52000
83.52100
83.51700
83.52000
83.51800
83.51400
83.51600
83.51900
83.51800
83.52300
83.52500
83.52800
83.52800
83.52700
83.53200
83.53600
83.53600
83.53900
83.54400
83.54600
83.54600
83.55100
83.55400
83.55600
83.55800
83.56200
83.56700
83.57000
83.57200
83.57500
83.57600
83.57900
83.57900
83.58100
83.58600
83.58800
83.59300
83.59300
83.59700
83.60400
83.60400
83.60500
83.60900
83.61000
83.61500
83.61900
83.62100
83.62700
83.62900
83.63200
83.63200
83.63500
83.63700
83.64100
83.64500
83.64600
83.64800
83.65200
83.65500
83.66000
83.66300
83.66900
83.67100
83.67600
83.67800
83.68100
83.68200
83.68400
83.68600
83.68900
83.69200
83.69400
83.69700
83.70300
83.70500
83.70900
83.71100
83.71600
83.72100
83.72600
83.72700
83.72900
83.73000
83.73300
83.74000
83.74100
83.74500
83.75300
83.75700
83.75800
83.76000
83.76100
83.76600
83.76800
83.77400
83.77600
83.77400
83.77800
83.77800
83.78200
83.78400
83.78400
83.78500
83.78400
83.78900
83.79000
83.79400
83.79700
83.79800
83.80100
83.80400
83.80500
83.80700
83.80800
83.81200
83.81200
83.81400
83.81500
83.81500
83.81800
83.81900
83.81800
83.82000
83.82500
83.82600
83.82500
83.82700
83.82900
83.83400
83.83300
83.83400
83.83600
83.83700
83.83700
83.84100
83.84200
83.84400
83.84500
83.84600
83.84700
83.84800
83.85200
83.85200
83.85200
83.85100
83.85400
83.85700
83.85800
83.85800
83.85900
83.85700
83.85800
83.85800
83.86000
83.86000
83.86200
83.86200
83.86200
83.86100
83.86100
83.86400
83.86400
83.86600
83.86700
83.86600
83.86800
83.86800
83.87000
83.86900
83.87000
83.87100
83.86900
83.87000
83.87100
83.87200
83.87500
83.87500
83.87600
83.87500
83.87700
83.87700
83.87800
83.87800
83.87800
83.87600
83.87700
83.87800
83.87900
83.87900
83.88000
83.87900
83.88000
83.88000
83.88100
83.88300
83.88100
83.88100
83.88200
83.87900
83.88000
83.88300
83.87900
83.88000
83.88000
83.88100
83.88200
83.88300
83.88500
83.88400
83.88500
83.88700
83.88800
83.88700
83.88900
83.88600
83.88700
83.88600
83.88500
83.88800
83.88600
83.88500
83.88500
83.88500
83.88600
83.88500
83.88600
83.88700
83.88800
83.89000
83.89100
83.89300
83.89300
83.89300
83.89500
83.89600
83.89600
83.89600
83.89600
83.89600
83.89800
83.89900
83.89700
83.89700
83.89600
83.89600
83.89500
83.89300
83.89600
83.89700
83.89800
83.89800
83.89600
83.89400
83.89600
83.89800
83.89800
83.89700
83.89700
83.89600
83.89700
83.89700
83.89700
83.89700
83.89600
83.89400
83.89400
83.89400
83.89500
83.89500
83.89600
83.89400
83.89700
83.89900
83.89900
83.89600
83.89600
83.89600
83.89700
83.89600
83.89600
83.89500
83.89600
83.89800
83.89600
83.89200
83.89300
83.89300
83.89500
83.89600
83.89700
83.89500
83.89300
83.89200
83.89400
83.89400
83.89600
83.89800
83.89900
83.90000
83.90000
83.90200
83.90200
83.90100
83.90100
83.90300
83.90500
83.90800
83.90800
83.90900
83.91000
83.91000
83.91100
83.91000
83.91200
83.91300
83.91500
83.91500
83.91600
83.91700
83.91600
83.91600
83.91500
83.91600
83.91700
83.91700
83.91500
83.91700
83.91700
83.91800
83.91900
83.92000
83.92100
83.91800
83.91800
83.91700
83.91400
83.91400
83.91300
83.91200
83.91000
83.91500
83.91600
83.91300
83.91300
83.91500
83.91400
83.91500
83.91300
83.91400
83.91600
83.91200
83.91400
83.91400
83.91500
83.91600
83.91700
83.91500
83.90900
83.91100
83.90900
83.91100
83.91000
83.91000
83.90900
83.91100
83.91100
83.91200
83.91000
83.91100
83.91000
83.91000
83.91000
83.90800
83.90800
83.90800
83.90600
83.90700
83.90800
83.90800
83.90900
83.91000
83.90900
83.91100
83.91200
83.91200
83.90900
83.90900
83.90800
83.90600
83.90700
83.90500
83.90100
83.90200
83.90000
83.89500
83.89600
83.89400
83.89200
83.89300
83.89100
83.89300
83.89100
83.88900
83.88700
83.88600
83.88600
83.88500
83.88500
83.87900
83.88000
83.87800
83.88000
83.87700
83.87700
83.87500
83.87200
83.86900
83.87100
83.87100
83.87100
83.87000
83.86800
83.86600
83.86500
83.86200
83.85900
83.85900
83.85900
83.85800
83.85900
83.85800
83.85500
83.85200
83.85200
83.85300
83.85200
83.85100
83.85000
83.84800
83.84700
83.84300
83.84200
83.84100
83.83900
83.83800
83.83600
83.83300
83.83200
83.83300
83.83100
83.83000
83.82600
83.82600
83.82300
83.82400
83.81900
83.81900
83.81800
83.81700
83.81600
83.81400
83.81000
83.80600
83.80400
83.80200
83.80000
83.79900
83.79700
83.79500
83.79500
83.79100
83.78800
83.78500
83.78300
83.78300
83.78100
83.77900
83.77800
83.77300
83.77400
83.77400
83.77300
83.77200
83.76900
83.76800
83.76500
83.76400
83.76300
83.76200
83.75800
83.75900
83.75700
83.75700
83.75500
83.75200
83.75100
83.74700
83.74700
83.74400
83.74100
83.74000
83.73900
83.73500
83.73500
83.73500
83.73600
83.73500
83.73400
83.73400
83.73100
83.72800
83.72600
83.72300
83.72500
83.72300
83.72300
83.72300
83.72300
83.72300
83.72600
83.72400
83.71900
83.71600
83.71500
83.71300
83.71000
83.71200
83.71100
83.71300
83.71000
83.71200
83.70800
83.70600
83.70400
83.70100
83.70100
83.70000
83.69800
83.69600
83.69300
83.69600
83.69400
83.69300
83.69100
83.69000
83.68700
83.68800
83.68700
83.68600
83.68800
83.68200
83.68100
83.67700
83.67500
83.67500
83.67300
83.67100
83.67200
83.67100
83.67200
83.67000
83.67200
83.67300
83.67300
83.67500
83.67400
83.67600
83.67600
83.67600
83.67500
83.67500
83.67200
83.67000
83.66500
83.66500
83.66400
83.66500
83.66300
83.66300
83.66100
83.66000
83.65900
83.65700
83.65700
83.65600
83.65700
83.65600
83.65500
83.65500
83.65500
83.65000
83.64900
83.64900
83.64500
83.64600
83.64600
83.64700
83.64300
83.64100
83.64000
83.64100
83.63800
83.63700
83.63600
83.63500
83.63200
83.63000
83.62600
83.62500
83.62400
83.62100
83.62300
83.62100
83.62100
83.62000
83.62100
83.62100
83.62100
83.61800
83.61700
83.61600
83.61400
83.61500
83.61300
83.61500
83.61400
83.61400
83.61500
83.61600
83.61500
83.61500
83.61400
83.61100
83.61000
83.60800
83.60800
83.60700
83.60600
83.60700
83.60500
83.60400
83.60400
83.60300
83.60300
83.60300
83.60300
83.60400
83.60300
83.60400
83.60300
83.60200
83.60200
83.60000
83.59600
83.59700
83.59400
83.59300
83.59300
83.59000
83.59100
83.59000
83.59000
83.59000
83.59000
83.59000
83.59000
83.58900
83.58800
83.58700
83.58800
83.58700
83.58700
83.58500
83.58500
83.58200
83.58200
83.58000
83.58000
83.57900
83.57800
83.57800
83.57500
83.57700
83.57800
83.57700
83.57300
83.57200
83.57000
83.56700
83.56700
83.56600
83.56600
83.56500
83.56500
83.56100
83.55900
83.55700
83.55700
83.55600
83.55500
83.55100
83.55100
83.54900
83.54600
83.54300
83.53900
83.53900
83.53900
83.53900
83.53700
83.53400
83.53200
83.53200
83.52800
83.52600
83.52600
83.52500
83.52400
83.52200
83.52000
83.52100
83.51900
83.51500
83.51400
83.51400
83.51000
83.50700
83.50600
83.50600
83.50400
83.50200
83.50100
83.49800
83.49700
83.49600
83.49400
83.49200
83.49200
83.48700
83.48700
83.48600
83.48400
83.48100
83.48000
83.47800
83.47900
83.47700
83.47700
83.47600
83.47600
83.47700
83.47600
83.47600
83.47600
83.47500
83.47400
83.47500
83.47300
83.47100
83.46900
83.46800
83.46700
83.46900
83.46900
83.46700
83.46600
83.46500
83.46400
83.46200
83.46100
83.46100
83.46100
83.46000
83.46100
83.46100
83.46000
83.46100
83.45900
83.45900
83.45600
83.45800
83.45700
83.45500
83.45500
83.45300
83.45200
83.45200
83.45300
83.45300
83.45200
83.45200
83.45200
83.45200
83.45100
83.45100
83.45000
83.44900
83.44900
83.44600
83.44600
83.44700
83.44700
83.44700
83.44500
83.44500
83.44400
83.44200
83.43800
83.43800
83.43900
83.43900
83.44000
83.44100
83.43900
83.44000
83.44200
83.44200
83.44200
83.44100
83.44100
83.43900
83.43900
83.43800
83.43700
83.43800
83.43900
83.43900
83.43800
83.43700
83.43600
83.43600
83.43800
83.43800
83.43800
83.43900
83.43800
83.43800
83.43800
83.43900
83.44000
83.44200
83.44300
83.44300
83.44000
83.44100
83.43800
83.43900
83.43800
83.43900
83.44000
83.44000
83.44100
83.44000
83.43900
83.43700
83.43700
83.43700
83.43700
83.43600
83.43400
83.43300
83.43200
83.43200
83.43400
83.43400
83.43300
83.43100
83.43000
83.43200
83.43300
83.43200
83.43200
83.43300
83.43300
83.43200
83.42900
83.42900
83.43000
83.43100
83.43100
83.42900
83.42900
83.42900
83.42900
83.42900
83.42800
83.42800
83.42800
83.42900
83.42700
83.42600
83.42500
83.42400
83.42500
83.42400
83.42200
83.42100
83.41900
83.42000
83.42100
83.42200
83.42000
83.41900
83.42000
83.42300
83.42400
83.42300
83.42300
83.42100
83.42100
83.42000
83.42000
83.42000
83.41900
83.41700
83.41700
83.41700
83.41700
83.41800
83.41700
83.41800
83.42100
83.42100
83.42000
83.41900
83.41900
83.41800
83.41800
83.41500
83.41500
83.41400
83.41400
83.41300
83.41100
83.41100
83.41100
83.41100
83.41000
83.41000
83.41000
83.41000
83.41000
83.41200
83.41200
83.41100
83.41100
83.41100
83.41000
83.41100
83.41100
83.41200
83.41100
83.41100
83.41100
83.41200
83.41200
83.41200
83.41000
83.41000
83.41000
83.41000
83.41000
83.41100
83.41000
83.41000
83.40900
83.40900
83.40800
83.40800
83.41000
83.41000
83.41000
83.41000
83.41000
83.41100
83.41100
83.41100
83.41100
83.41000
83.40900
83.40900
83.40900
83.40800
83.40800
83.40500
83.40500
83.40700
83.40600
83.40600
83.40600
83.40600
83.40600
83.40700
83.40700
83.40600
83.40600
83.40600
83.40500
83.40500
83.40400
83.40400
83.40400
83.40400
83.40500
83.40600
83.40500
83.40500
83.40600
83.40600
83.40600
83.40700
83.40700
83.40600
83.40500
83.40500
83.40400
83.40500
83.40500
83.40600
83.40600
83.40800
83.40800
83.40900
83.40900
83.40800
83.40800
83.40800
83.40800
83.40900
83.41000
83.41000
83.41000
83.40900
83.40900
83.40900
83.40900
83.40800
83.40800
83.40700
83.40700
83.40700
83.40700
83.40600
83.40600
83.40700
83.40700
83.40700
83.40600
83.40700
83.40600
83.40600
83.40600
83.40600
83.40600
83.40700
83.40700
83.40700
83.40600
83.40700
83.40700
83.40700
83.40700
83.40600
83.40600
83.40600
83.40600
83.40600
83.40500
83.40600
83.40600
83.40600
83.40500
83.40600
83.40600
83.40400
83.40400
83.40500
83.40600
83.40600
83.40600
83.40600
83.40500
83.40500
83.40500
83.40400
83.40500
83.40600
83.40600
83.40600
83.40600
83.40600
83.40600
83.40600
83.40500
83.40600
83.40700
83.40600
83.40600
83.40600
83.40600
83.40600
83.40600
83.40600
83.40600
83.40900
83.40900
83.40900
83.40900
83.40800
83.40900
83.40900
83.40900
83.41000
83.40900
83.40900
83.40900
83.41000
83.41000
83.40900
83.40900
83.40900
83.40900
83.41000
83.41000
83.41000
83.41100
83.41100
83.41000
83.41000
83.41100
83.41100
83.41100
83.41100
83.41200
83.41200
83.41300
83.41300
83.41300
83.41400
83.41300
83.41400
83.41600
83.41600
83.41500
83.41500
83.41600
83.41600
83.09111
83.09222
83.09222
83.09111
83.09000
83.08889
83.09111
83.09111
83.09222
83.09000
83.09000
83.09000
83.09111
83.09000
83.08889
83.08889
83.08889
83.09111
83.09222
83.09111
83.09000
83.09000
83.09000
83.09222
83.09222
83.09222
83.09222
83.09222
83.09222
83.09444
83.09444
83.09444
83.09667
83.09778
83.09778
83.09778
83.09889
83.09778
83.09667
83.09667
83.09667
83.09778
83.09889
83.09889
83.09778
83.09778
83.09778
83.09556
83.09667
83.09556
83.09444
83.09444
83.09444
83.09667
83.09667
83.09667
83.09333
83.09333
83.09444
83.09444
83.09333
83.09222
83.09222
83.09222
83.09111
83.09222
83.09333
83.09444
83.09444
83.09444
83.09444
83.09444
83.09444
83.09444
83.09444
83.09556
83.09444
83.09333
83.09333
83.09333
83.09222
83.09111
83.09222
83.09222
83.09222
83.09222
83.09222
83.09222
83.09111
83.09333
83.09333
83.09333
83.09222
83.09222
83.09222
83.09444
83.09444
83.09556
83.09556
83.09556
83.09556
83.09333
83.09333
83.09333
83.09444
83.09444
83.09333
83.09333
83.09333
83.09222
83.09222
83.09222
83.09222
83.09222
83.09444
83.09556
83.09556
83.09556
83.09667
83.09778
83.09778
83.09889
83.09778
83.09778
83.09778
83.09889
83.09778
83.09889
83.09889
83.09889
83.09889
83.09889
83.09889
83.10000
83.10000
83.10111
83.10111
83.10111
83.10111
83.10111
83.10111
83.10111
83.10111
83.10111
83.10333
83.10333
83.10333
83.10111
83.10222
83.10222
83.10222
83.10111
83.10111
83.10111
83.10000
83.09889
83.09778
83.09556
83.09556
83.09556
83.09556
83.09556
83.09667
83.09778
83.09778
83.09889
83.09778
83.09778
83.09778
83.09778
83.09778
83.09778
83.09778
83.09667
83.09667
83.09667
83.09667
83.09556
83.09556
83.09556
83.09556
83.09778
83.09778
83.09889
83.09889
83.09889
83.09889
83.10000
83.09889
83.09889
83.09889
83.09889
83.10000
83.10222
83.10222
83.10111
83.10111
83.06875
83.06875
83.07125
83.07125
83.07125
83.07125
83.07125
83.07000
82.65429
82.65429
82.65286
82.65286
82.65286
82.65286
82.65286
82.65143
82.65143
82.65143
82.65143
82.65286
82.65286
82.65429
82.65571
82.65571
82.65857
82.65857
82.65857
82.65714
82.65714
82.65714
82.65571
82.65714
82.65714
82.65857
82.65857
82.65714
82.66000
82.66000
82.66143
82.66143
82.66286
82.66286
82.66429
82.66571
82.66571
82.66571
82.66571
82.67000
82.67143
82.67143
82.67143
82.67143
82.67000
82.67000
82.67143
82.67143
82.67143
82.67429
82.67429
82.67429
82.67429
82.67429
82.67429
82.67429
82.67571
82.67571
82.67571
82.67571
82.67571
82.67571
82.67429
82.67571
82.67571
82.67571
82.67571
82.67571
82.67714
82.67714
82.67714
82.67714
82.67714
82.67714
82.67714
82.67714
82.67714
82.67857
82.67714
82.67714
82.67857
82.67857
82.67857
82.67857
82.68000
82.67857
82.67857
82.67857
82.67857
82.67857
82.68143
82.68000
82.68000
82.68143
82.68143
82.68143
82.68143
82.68143
82.68000
82.68000
82.68000
82.68000
82.68000
82.68000
82.68000
82.67571
82.67571
82.67571
82.67571
82.67429
82.67429
82.67571
82.67571
82.67571
82.67571
82.67571
82.67571
82.67571
82.67857
82.67857
82.68000
82.68143
82.68143
82.68143
82.68143
82.68143
82.68286
82.68143
82.68571
82.68714
82.68714
82.68714
82.68714
82.68714
82.68857
82.68857
82.69000
82.69000
82.69143
82.69143
82.69143
82.69286
82.69286
82.69286
82.69286
82.69429
82.69429
82.69429
82.69571
82.69571
82.69571
82.69714
82.69714
82.69571
82.69714
82.69571
82.69714
82.69714
82.69857
82.69857
82.69857
82.69857
82.70000
82.70143
82.70143
82.70143
82.70143
82.70143
82.70429
82.70429
82.70571
82.70429
82.70429
82.70429
82.70286
82.70286
82.70286
82.70429
82.70571
82.70571
82.70571
82.70571
82.70714
82.70857
82.70714
82.70714
82.70714
82.70571
82.70429
82.70429
82.70571
82.70571
82.70571
82.70571
82.70714
82.70714
82.70714
82.70571
82.70714
82.70714
82.70714
82.70714
82.70571
82.70571
82.70714
82.70714
81.67500
81.67500
81.67500
81.67333
81.67333
81.67333
81.67500
81.67667
81.67667
81.67500
81.67667
81.67667
81.67833
81.67667
81.67833
81.67833
81.67833
81.67833
81.67833
81.67833
81.67667
81.67667
81.67667
81.67667
81.67500
81.67500
81.67500
81.67667
81.67667
81.67667
82.71200
82.71000
82.71000
82.00250
82.00250
82.00750
82.00750
82.00750
82.00750
82.00750
82.00750
82.01000
82.01250
82.01250
82.01250
82.01250
82.01500
82.01500
82.01500
82.01500
82.01500
82.01500
82.01500
82.01500
82.01500
82.01500
82.01750
82.02000
82.02000
82.02250
82.02250
82.02250
82.02500
82.02250
82.02250
82.02250
82.02500
82.02500
82.02500
82.02750
82.02750
82.02750
82.03250
82.03250
82.03250
82.03000
82.03000
82.03250
82.03250
82.03000
82.03000
82.03000
82.03000
82.03250
82.03250
82.03000
82.03000
82.03000
82.03000
82.03000
82.03250
82.03250
82.03000
82.03000
82.03000
82.03000
82.03250
82.03250
82.03250
82.03000
82.03000
82.03000
82.03000
82.03000
82.03000
82.03000
82.02750
82.02750
82.42667
82.42667
82.42667
82.42667
82.42667
82.42667
82.43000
82.43000
82.42667
82.42667
82.42667
82.42667
82.42667
82.42667
82.42667
82.42667
82.43000
82.43000
82.43000
82.43000
82.43000
82.43000
82.42667
82.42667
82.42333
82.42333
82.42333
82.42333
82.42333
82.42333
82.42333
82.42333
82.42000
82.42000
82.42000
82.42000
82.42000
82.42333
82.42333
82.42333
82.42667
82.42667
82.42667
82.42667
78.09000
78.09000
78.09000
78.09000
78.09000
78.09000
78.09000
78.09000
78.09000
78.09000
78.09000
78.08500
78.08500
78.09000
78.09000
78.09000
78.09000
78.09000
78.09000
78.09000
78.09000
78.09000
78.09000
78.09000
78.09000
78.09000
78.09000
78.09000
78.09500
78.09500
78.09500
78.09500
78.10000
78.10500
78.10500
78.10500
78.10500
77.02000
77.02000
77.02000
77.02000
77.02000
77.02000
77.02000
77.02000
77.02000
77.02000
77.02000
77.02000
77.02000
77.02000
77.02000
77.02000
77.02000
77.02000
77.02000
77.02000
77.02000
77.02000
77.02000
77.02000
77.02000
77.03000
77.03000
77.03000
77.03000
77.03000
77.03000
77.03000
77.03000
77.03000
77.03000
77.03000
77.03000
77.03000
77.04000
77.04000
77.04000
77.04000
77.04000
77.04000
77.04000
77.04000
77.04000
77.04000
77.04000
77.04000
77.04000
77.04000
77.04000
77.04000
77.04000
77.05000
77.05000
77.05000
77.05000
77.05000
77.05000
77.05000
77.05000
77.05000
77.05000
77.05000
77.05000
77.05000
77.05000
77.05000
77.05000
77.05000
77.05000
77.05000
77.05000
77.05000
77.05000
77.05000
77.05000
77.06000
77.06000
77.06000
77.07000
77.07000
77.07000
77.07000
77.07000
77.07000
77.07000
77.07000
77.07000
77.07000
77.07000
77.07000
77.07000
77.07000
77.07000
77.08000
77.09000
77.09000
77.09000
77.09000
77.09000
77.09000
77.09000
77.09000
77.09000
77.09000
77.09000
77.09000
77.09000
77.10000
77.10000
77.10000
77.10000
77.10000
77.10000
77.10000
77.10000
77.10000
77.10000
77.10000
77.10000
77.10000
77.10000
77.10000
77.10000
77.10000
77.10000
77.10000
77.10000
77.11000
77.11000
77.12000
77.12000
77.12000
77.12000
77.13000
77.13000
77.13000
77.13000
77.13000
77.13000
77.13000
77.13000
77.13000
77.13000
77.13000
77.13000
