0.00000
0.00000
0.00000
0.00000
0.00000
0.00000
0.00000
0.00000
0.00000
0.00000
0.00000
0.00000
0.00000
0.00000
0.00000
0.00000
0.00000
3.20000
3.20000
3.20000
4.80000
4.80000
6.60000
6.60000
8.80000
8.75000
12.75000
14.56700
14.55000
14.42500
17.49200
18.18200
18.18200
18.31600
21.78900
22.19700
23.28700
23.78200
24.01300
24.77600
24.86600
25.34500
25.38700
25.24700
25.05400
25.24400
26.01900
26.14200
26.82800
26.69600
26.96200
27.04700
27.73000
27.77800
28.36600
28.64300
28.97100
29.08600
28.93200
29.16400
29.31800
29.54900
29.56400
29.69200
29.80800
30.17600
30.78800
31.03700
31.25000
31.67300
31.95100
32.18100
32.04100
32.08300
32.31600
32.57000
32.71300
32.73500
33.05200
33.15100
33.28600
33.36000
33.51200
33.83300
34.07700
34.17400
34.32100
34.15000
34.26500
34.32900
34.53400
34.63900
34.66700
34.73300
34.64900
34.65900
34.67700
34.55900
34.48400
34.50500
34.68900
34.80100
35.17600
35.25700
35.27800
35.36100
35.48300
35.44600
35.48200
35.50000
35.51200
35.51800
35.65800
35.70600
35.63800
35.61600
35.58500
35.68700
35.70800
35.67600
35.71900
35.73900
35.71700
35.75100
35.84600
35.87400
35.91000
35.97700
36.03100
36.04100
36.04000
36.15900
36.23800
36.38900
36.43800
36.52100
36.60100
36.61200
36.61100
36.67100
36.65600
36.66400
36.71700
36.76400
36.83900
36.90300
36.94100
36.90000
36.95200
36.90600
36.94600
36.97100
36.90300
36.87600
36.87300
36.87200
36.83800
36.86500
36.91100
36.92700
36.94700
36.94700
37.00000
37.04200
37.07600
37.03600
37.03900
37.06300
37.13500
37.15100
37.20600
37.25600
37.30800
37.31900
37.27000
37.22600
37.22500
37.24800
37.22900
37.26200
37.28600
37.26600
37.32700
37.37600
37.37500
37.41600
37.39100
37.37800
37.42400
37.36800
37.35300
37.35700
37.37500
37.35300
37.36600
37.36700
37.34200
37.29300
37.32000
37.32800
37.35700
37.35700
37.36700
37.34000
37.35500
37.34700
37.27900
37.28700
37.25000
37.31900
37.31300
37.33800
37.33500
37.33600
37.31800
37.29200
37.31800
37.30700
37.30600
37.31700
37.36300
37.35400
37.28500
37.26600
37.24500
37.23800
37.20800
37.22700
37.23800
37.25800
37.28800
37.30900
37.31700
37.30100
37.30900
37.30000
37.30700
37.34400
37.37600
37.35000
37.32400
37.32300
37.33400
37.32300
37.32500
37.30500
37.28300
37.27500
37.32000
37.31800
37.29000
37.29300
37.29800
37.29300
37.29200
37.28400
37.25700
37.27000
37.19500
37.15800
37.14100
37.13800
37.12600
37.14500
37.12800
37.14500
37.14000
37.15500
37.16300
37.12600
37.12400
37.07900
37.08700
37.12100
37.10300
37.10900
37.07700
37.07900
37.09700
37.09400
37.07800
37.06700
37.06000
37.05000
37.04100
37.03700
37.03000
37.06500
37.07700
37.08300
37.05700
37.00800
37.01100
37.03700
37.00500
37.00800
37.01500
37.00700
37.02800
37.01000
37.01900
36.99700
36.99700
36.99200
36.99200
36.98900
36.98900
37.01000
37.01800
37.02200
37.02400
37.01200
36.99200
37.00500
36.99800
36.99000
37.00000
37.01200
36.99400
36.98400
37.01700
36.97800
36.95100
36.94900
36.94800
36.95800
36.95700
36.94300
36.96700
36.96700
36.93400
36.94600
36.91100
36.89600
36.89200
36.88400
36.89500
36.87600
36.86100
36.86900
36.88000
36.87100
36.86400
36.88200
36.88300
36.88500
36.87000
36.88900
36.88100
36.84900
36.87500
36.87400
36.87100
36.87000
36.86700
36.91400
36.92400
36.95000
36.95400
36.95300
36.94500
36.95100
36.96500
36.96700
36.98200
37.02500
37.02400
37.03500
37.03900
37.06100
37.08400
37.07400
37.06900
37.04800
37.07800
37.09400
37.09700
37.10700
37.14300
37.13900
37.09900
37.10500
37.10200
37.10900
37.13400
37.12900
37.12400
37.12400
37.14000
37.16000
37.16400
37.16200
37.14600
37.13400
37.13700
37.15400
37.15400
37.14300
37.16900
37.18100
37.19400
37.17700
37.17100
37.18800
37.19500
37.18200
37.18000
37.19400
37.19600
37.21500
37.19300
37.18600
37.18600
37.18400
37.15900
37.15400
37.14100
37.13700
37.14000
37.14400
37.13800
37.13700
37.12900
37.14200
37.14200
37.12500
37.13200
37.12100
37.12600
37.14900
37.16100
37.16800
37.16300
37.16500
37.14100
37.14300
37.14000
37.14100
37.14300
37.15000
37.17400
37.17200
37.15200
37.14600
37.14200
37.12900
37.14900
37.15400
37.12600
37.12400
37.09600
37.10800
37.11300
37.11800
37.11000
37.11800
37.11400
37.11600
37.14500
37.12800
37.11600
37.10300
37.10500
37.09000
37.08000
37.07200
37.08000
37.08300
37.08900
37.08300
37.10400
37.09500
37.09300
37.08600
37.11100
37.12900
37.14300
37.15900
37.12900
37.12300
37.13200
37.12900
37.12700
37.16600
37.17600
37.15700
37.14400
37.16600
37.15500
37.13400
37.15600
37.17000
37.14900
37.15900
37.16300
37.16700
37.17400
37.16500
37.16500
37.17500
37.18300
37.19000
37.18700
37.19100
37.19100
37.20000
37.19400
37.21200
37.19900
37.22000
37.23900
37.22400
37.20500
37.21600
37.21600
37.21400
37.23200
37.25800
37.25500
37.25000
37.23900
37.23000
37.21900
37.21000
37.21900
37.21500
37.22100
37.20900
37.21500
37.20200
37.20900
37.20900
37.21500
37.21600
37.21600
37.20200
37.20100
37.20100
37.20400
37.20200
37.19400
37.19600
37.19400
37.20400
37.21100
37.20100
37.20400
37.20100
37.20200
37.21300
37.21000
37.21800
37.21100
37.20600
37.21000
37.20900
37.21000
37.21100
37.20500
37.19700
37.20800
37.19700
37.19300
37.17700
37.18000
37.17600
37.17900
37.16700
37.16300
37.16600
37.15800
37.16200
37.16000
37.16400
37.17500
37.17300
37.17200
37.17400
37.16200
37.16500
37.16600
37.17000
37.18500
37.18600
37.17600
37.18200
37.19300
37.20000
37.19100
37.19100
37.19300
37.18000
37.21100
37.20900
37.20200
37.19800
37.19500
37.19700
37.20100
37.20800
37.19300
37.19500
37.19100
37.18900
37.18600
37.19500
37.19700
37.20300
37.21400
37.21700
37.21900
37.20900
37.19800
37.20300
37.19900
37.20000
37.20900
37.18200
37.19700
37.20200
37.19700
37.19100
37.20800
37.19900
37.18600
37.18000
37.18100
37.16700
37.16400
37.16000
37.15400
37.15600
37.16100
37.15600
37.16200
37.15700
37.16400
37.17100
37.16600
37.15500
37.15100
37.16200
37.15900
37.15700
37.16500
37.15200
37.15400
37.15700
37.16800
37.17300
37.17400
37.16000
37.16400
37.17300
37.16600
37.17500
37.17200
37.17000
37.14800
37.14600
37.14700
37.15900
37.16100
37.15900
37.16300
37.16600
37.16700
37.17600
37.19600
37.19000
37.19000
37.19600
37.20100
37.20500
37.21200
37.20400
37.20700
37.19600
37.19200
37.18900
37.18900
37.18200
37.17900
37.19300
37.18900
37.19600
37.18800
37.17900
37.17800
37.18400
37.18300
37.17900
37.18500
37.18400
37.18900
37.18600
37.18500
37.17700
37.17800
37.17800
37.16600
37.15900
37.15900
37.15800
37.16200
37.16500
37.16100
37.16300
37.16300
37.16600
37.17300
37.17700
37.17500
37.18400
37.18900
37.18500
37.19300
37.18800
37.19600
37.18900
37.18800
37.19300
37.19100
37.19200
37.18500
37.18300
37.18200
37.17800
37.19000
37.19400
37.18700
37.19600
37.18200
37.17900
37.17800
37.18700
37.18600
37.18600
37.18400
37.18100
37.18800
37.18300
37.18400
37.19600
37.19500
37.19800
37.21000
37.20400
37.20400
37.19000
37.20200
37.19700
37.20500
37.20600
37.21000
37.22000
37.21800
37.22700
37.21800
37.23500
37.23000
37.22600
37.23700
37.24000
37.23500
37.23800
37.24600
37.23300
37.23500
37.23800
37.23400
37.24200
37.23900
37.23800
37.24100
37.23400
37.22900
37.23200
37.22200
37.21900
37.21500
37.21400
37.20800
37.20800
37.20800
37.22100
37.22500
37.22800
37.22300
37.20900
37.21000
37.21200
37.22500
37.22400
37.22400
37.22500
37.22800
37.22700
37.21600
37.22600
37.21900
37.21200
37.21900
37.21400
37.21400
37.21000
37.20800
37.20300
37.21600
37.21900
37.22900
37.21900
37.21900
37.21200
37.22200
37.23400
37.24000
37.24200
37.23700
37.24400
37.24600
37.23400
37.23400
37.24700
37.24200
37.23900
37.23000
37.24000
37.24400
37.24400
37.25200
37.25800
37.24900
37.24500
37.24000
37.24100
37.23500
37.24200
37.24600
37.23700
37.24200
37.25600
37.26100
37.26400
37.26000
37.26400
37.26400
37.26200
37.26000
37.26600
37.27000
37.26500
37.27000
37.26100
37.26700
37.26600
37.26900
37.27100
37.27000
37.26500
37.27000
37.27300
37.27000
37.27300
37.27000
37.26400
37.26500
37.26700
37.25900
37.25200
37.24600
37.24400
37.24700
37.25000
37.24300
37.24200
37.24300
37.24800
37.25000
37.25500
37.25900
37.26200
37.26300
37.26200
37.26500
37.26500
37.26500
37.26600
37.27500
37.27100
37.27000
37.25500
37.25700
37.25200
37.25500
37.25700
37.25700
37.25300
37.25700
37.25200
37.25900
37.26600
37.25900
37.27400
37.27800
37.28200
37.29000
37.28800
37.29300
37.29700
37.29600
37.29600
37.28800
37.28900
37.29300
37.29700
37.29600
37.30000
37.29700
37.29600
37.29800
37.29900
37.30200
37.30400
37.29400
37.29000
37.28600
37.29600
37.28500
37.28400
37.28500
37.28900
37.28500
37.29300
37.30000
37.29600
37.29700
37.28200
37.27000
37.26600
37.26900
37.26800
37.26800
37.26200
37.26200
37.25900
37.25000
37.24800
37.23900
37.23700
37.23900
37.23200
37.23700
37.23600
37.22600
37.22200
37.21700
37.22300
37.22300
37.22000
37.21100
37.21500
37.22100
37.22000
37.21900
37.22100
37.22000
37.21800
37.21400
37.21300
37.20900
37.21200
37.20600
37.19800
37.20300
37.19200
37.20000
37.19200
37.19200
37.19400
37.19400
37.19400
37.19800
37.18900
37.18600
37.18100
37.18100
37.17700
37.17400
37.16800
37.16700
37.17300
37.16400
37.17300
37.17100
37.16500
37.15100
37.15200
37.16000
37.16100
37.16500
37.15900
37.15500
37.14900
37.16100
37.15700
37.16400
37.16600
37.17000
37.17600
37.17100
37.15900
37.16600
37.15900
37.15900
37.16600
37.15900
37.15700
37.16400
37.16400
37.17100
37.17100
37.17000
37.16400
37.16400
37.16400
37.16600
37.16500
37.15200
37.15000
37.14800
37.14300
37.14500
37.14500
37.14700
37.14900
37.14900
37.14600
37.14700
37.14800
37.15300
37.16200
37.15300
37.16000
37.15800
37.16900
37.16500
37.16300
37.16100
37.16400
37.16700
37.17000
37.16800
37.17000
37.16800
37.16600
37.15700
37.16200
37.16500
37.16100
37.16300
37.16200
37.15900
37.16500
37.16700
37.16500
37.16000
37.14800
37.15000
37.14100
37.14000
37.14300
37.14500
37.14500
37.14600
37.14600
37.14400
37.14300
37.14300
37.14200
37.14000
37.13900
37.13500
37.13800
37.14400
37.14300
37.14700
37.15400
37.15200
37.15100
37.14600
37.15000
37.15000
37.16200
37.16500
37.16900
37.16000
37.16000
37.16500
37.17300
37.17300
37.17400
37.17000
37.16700
37.17200
37.18100
37.18200
37.17900
37.17700
37.17500
37.17900
37.17200
37.17200
37.17600
37.18200
37.18300
37.18500
37.17600
37.17500
37.17100
37.17000
37.17000
37.16600
37.16100
37.16100
37.16100
37.15800
37.16300
37.16100
37.16400
37.16400
37.17200
37.17500
37.18100
37.18700
37.18300
37.18700
37.19000
37.19000
37.19400
37.18800
37.19000
37.19000
37.18600
37.19400
37.20100
37.20800
37.21600
37.21800
37.21300
37.21300
37.21100
37.21800
37.21100
37.20600
37.20700
37.21200
37.21900
37.22100
37.21700
37.21500
37.21500
37.22200
37.22500
37.22300
37.22500
37.23000
37.23600
37.23200
37.24000
37.23800
37.23800
37.22700
37.22900
37.23100
37.23200
37.23800
37.24800
37.25100
37.24900
37.24600
37.24900
37.25100
37.25300
37.26500
37.26500
37.26500
37.27300
37.27100
37.28500
37.28500
37.28700
37.28400
37.28300
37.29800
37.29900
37.30300
37.29700
37.29300
37.28500
37.29000
37.28800
37.29100
37.28900
37.28500
37.28000
37.27900
37.27900
37.27100
37.27700
37.27500
37.28100
37.27500
37.27300
37.27600
37.27600
37.27100
37.27000
37.27600
37.27600
37.27800
37.28100
37.27600
37.27600
37.27100
37.27200
37.28000
37.27800
37.28000
37.27400
37.27000
37.27400
37.26900
37.27000
37.27500
37.27300
37.27200
37.27600
37.27900
37.27900
37.28000
37.28500
37.28500
37.28000
37.28100
37.28500
37.28600
37.28900
37.29300
37.29700
37.29800
37.29600
37.29800
37.30400
37.30100
37.29400
37.29400
37.29200
37.29300
37.29100
37.29100
37.29200
37.29400
37.28500
37.28200
37.28400
37.28600
37.27900
37.27800
37.27500
37.27800
37.27800
37.28000
37.27800
37.27300
37.27200
37.25900
37.26100
37.26500
37.26800
37.27300
37.27400
37.27500
37.27400
37.27400
37.27600
37.28200
37.28300
37.28200
37.28500
37.28300
37.28500
37.27700
37.28100
37.28100
37.28100
37.27500
37.27600
37.27800
37.28100
37.27600
37.27200
37.26900
37.26900
37.26400
37.26600
37.27000
37.27500
37.27400
37.27600
37.28100
37.27700
37.27900
37.28200
37.27700
37.27900
37.27700
37.28200
37.28000
37.28600
37.27800
37.27800
37.27800
37.27500
37.28400
37.28700
37.28800
37.28800
37.28400
37.28900
37.28600
37.28300
37.28300
37.28000
37.28400
37.28100
37.28000
37.28000
37.28100
37.28400
37.28700
37.28500
37.28700
37.29000
37.28500
37.28900
37.29000
37.29000
37.28800
37.28600
37.29000
37.28800
37.28900
37.28700
37.28700
37.28500
37.28100
37.27000
37.26900
37.27300
37.26900
37.26800
37.26300
37.26000
37.25800
37.25900
37.25900
37.25700
37.26600
37.26700
37.26900
37.26500
37.26400
37.26100
37.26400
37.26400
37.26600
37.27000
37.27200
37.27300
37.27800
37.27900
37.28300
37.28500
37.28500
37.29000
37.29600
37.29300
37.28800
37.28900
37.29000
37.29200
37.29000
37.28000
37.27600
37.27400
37.27100
37.26800
37.26800
37.26100
37.26400
37.26700
37.27200
37.27700
37.28600
37.28600
37.29000
37.29200
37.29500
37.29300
37.29400
37.29100
37.29600
37.30000
37.29900
37.30100
37.30900
37.31000
37.31100
37.31700
37.31700
37.31400
37.31900
37.32200
37.32100
37.32200
37.32200
37.32200
37.31800
37.32000
37.31600
37.31500
37.32200
37.32100
37.31700
37.31600
37.32300
37.31500
37.31800
37.31900
37.31900
37.31900
37.32600
37.32700
37.33500
37.33900
37.34100
37.34100
37.33800
37.34800
37.34800
37.34900
37.35000
37.34500
37.35000
37.34800
37.34800
37.34900
37.35100
37.34900
37.34800
37.35300
37.35300
37.35200
37.34700
37.34400
37.34700
37.34600
37.35200
37.34900
37.34900
37.35100
37.35400
37.35800
37.36000
37.35900
37.36400
37.36400
37.36300
37.36000
37.36000
37.36600
37.36600
37.36800
37.36300
37.35200
37.35200
37.35500
37.35500
37.35300
37.35400
37.35000
37.35000
37.34300
37.34000
37.34700
37.35200
37.34900
37.34800
37.34800
37.35100
37.35100
37.35400
37.34900
37.35300
37.35300
37.35500
37.36100
37.36800
37.36300
37.36700
37.36600
37.36300
37.36000
37.36300
37.35500
37.35000
37.35100
37.34500
37.34900
37.35200
37.35300
37.35600
37.35400
37.35400
37.35900
37.36400
37.36100
37.36500
37.36400
37.37000
37.36700
37.36900
37.36900
37.36900
37.37300
37.37500
37.37500
37.37300
37.37400
37.37600
37.37900
37.37500
37.37900
37.38100
37.38200
37.37800
37.38900
37.38800
37.38900
37.39000
37.39400
37.39200
37.39300
37.39400
37.39700
37.39400
37.39800
37.40000
37.40100
37.40500
37.41400
37.41900
37.42100
37.42100
37.42600
37.42200
37.42400
37.41900
37.42100
37.41800
37.41700
37.41900
37.42200
37.42400
37.42300
37.42400
37.42100
37.42200
37.42800
37.43300
37.43500
37.43800
37.44100
37.44200
37.44200
37.44300
37.44500
37.44100
37.44300
37.44800
37.44600
37.44700
37.44400
37.44300
37.44300
37.44200
37.44200
37.44400
37.44400
37.44400
37.44700
37.45100
37.45400
37.44900
37.44900
37.44800
37.44400
37.44800
37.44800
37.45200
37.45200
37.45300
37.45300
37.45100
37.45200
37.45000
37.44500
37.45000
37.45500
37.45500
37.45800
37.46000
37.45800
37.45400
37.45700
37.45800
37.45800
37.46200
37.45300
37.45300
37.45500
37.45600
37.45700
37.45800
37.45300
37.45600
37.45300
37.45000
37.44700
37.44800
37.45400
37.45200
37.45300
37.45500
37.45700
37.45800
37.46000
37.46400
37.46400
37.46300
37.46000
37.46100
37.45300
37.45000
37.45200
37.45200
37.44800
37.44700
37.44600
37.44600
37.45100
37.45200
37.45300
37.44700
37.44900
37.44900
37.44900
37.45000
37.45200
37.44300
37.44500
37.44400
37.44200
37.43500
37.43500
37.43700
37.43900
37.43600
37.43500
37.43100
37.43200
37.43200
37.42900
37.42800
37.42400
37.42700
37.42400
37.42400
37.42300
37.42600
37.42600
37.42700
37.42700
37.42300
37.42000
37.42000
37.42100
37.42400
37.42700
37.42700
37.42200
37.41600
37.41600
37.41200
37.41100
37.41300
37.41300
37.40900
37.41000
37.40800
37.40500
37.40200
37.40200
37.40200
37.39900
37.40200
37.40000
37.39800
37.39600
37.39600
37.39600
37.40600
37.40800
37.41000
37.40800
37.40800
37.40400
37.40200
37.40400
37.40300
37.39900
37.40000
37.40300
37.40800
37.41000
37.41100
37.41400
37.41300
37.41500
37.42100
37.42100
37.42100
37.42000
37.42300
37.42200
37.41800
37.41900
37.42000
37.42000
37.41500
37.41500
37.42400
37.42400
37.42300
37.42500
37.42200
37.41800
37.41700
37.41700
37.42000
37.42200
37.42200
37.42100
37.43100
37.43300
37.43400
37.43400
37.43100
37.43300
37.44200
37.44600
37.44200
37.44100
37.44000
37.44200
37.44200
37.44300
37.44400
37.44300
37.44100
37.44500
37.44600
37.44300
37.44400
37.44500
37.44200
37.44400
37.45000
37.45000
37.45000
37.45000
37.45500
37.45400
37.45300
37.45100
37.45200
37.45300
37.45000
37.44900
37.45100
37.45200
37.45300
37.45600
37.45400
37.45000
37.45200
37.45500
37.45300
37.45300
37.45200
37.45500
37.46200
37.46700
37.46700
37.46800
37.47100
37.47000
37.46900
37.47000
37.46700
37.46800
37.47100
37.46900
37.47000
37.47300
37.47400
37.47500
37.48000
37.48200
37.48400
37.48200
37.48200
37.47800
37.47900
37.47900
37.48300
37.48500
37.48600
37.49000
37.48500
37.48500
37.48600
37.49200
37.49200
37.49700
37.49500
37.49200
37.49100
37.49600
37.49600
37.49700
37.49500
37.49600
37.49500
37.50000
37.50200
37.50000
37.50000
37.50200
37.50500
37.50600
37.50800
37.51100
37.51000
37.51300
37.51100
37.50800
37.50000
37.49900
37.49500
37.49200
37.48500
37.48900
37.49100
37.49300
37.49100
37.49200
37.49300
37.49100
37.48800
37.48600
37.48500
37.48300
37.48300
37.48400
37.48600
37.49000
37.49000
37.48500
37.48600
37.48600
37.48600
37.48300
37.48300
37.47800
37.47700
37.48400
37.47900
37.48100
37.48000
37.48400
37.49500
37.49600
37.49600
37.49600
37.49800
37.49100
37.49500
37.49100
37.48500
37.48400
37.48800
37.49100
37.49200
37.49600
37.49600
37.49700
37.49700
37.49800
37.50000
37.50100
37.49600
37.49600
37.49800
37.49800
37.50000
37.49900
37.49500
37.49800
37.49900
37.50000
37.50400
37.49900
37.50200
37.50200
37.50300
37.49700
37.49600
37.49700
37.49700
37.50400
37.50700
37.50500
37.50300
37.50600
37.50400
37.50200
37.50200
37.50200
37.50100
37.50200
37.50200
37.50200
37.50200
37.50600
37.50600
37.50600
37.50800
37.51000
37.51200
37.51500
37.51700
37.51600
37.51900
37.52100
37.51900
37.51600
37.51400
37.51300
37.51000
37.50700
37.51000
37.50800
37.50800
37.50600
37.50200
37.49800
37.49700
37.49600
37.49300
37.49400
37.49300
37.49600
37.49900
37.49700
37.50100
37.50300
37.50200
37.50200
37.49800
37.50400
37.50500
37.50300
37.50300
37.49900
37.49700
37.50200
37.49800
37.49600
37.49200
37.49200
37.49600
37.49800
37.49600
37.49900
37.49900
37.49800
37.50100
37.50400
37.50600
37.50600
37.50500
37.50400
37.50600
37.50600
37.50300
37.50400
37.50100
37.50700
37.50500
37.50100
37.50000
37.50100
37.50100
37.50300
37.50700
37.50600
37.50300
37.49800
37.50000
37.49200
37.49500
37.49400
37.49500
37.49600
37.49700
37.49700
37.50000
37.50200
37.50300
37.49500
37.49200
37.49500
37.49700
37.49700
37.49500
37.49800
37.49100
37.48700
37.48600
37.48300
37.48400
37.47600
37.47300
37.47000
37.47300
37.47200
37.47100
37.46900
37.47000
37.46700
37.46500
37.46600
37.46200
37.46000
37.46200
37.46200
37.46400
37.46700
37.46400
37.46400
37.46500
37.46500
37.46400
37.46500
37.46500
37.46500
37.46800
37.47200
37.47000
37.47400
37.47900
37.47800
37.48300
37.48700
37.48500
37.48000
37.48400
37.48100
37.48200
37.48000
37.48100
37.48100
37.48600
37.48500
37.48500
37.48200
37.48200
37.47900
37.47600
37.47600
37.47500
37.47400
37.47200
37.47300
37.47300
37.47400
37.47800
37.47400
37.47700
37.47800
37.48000
37.47900
37.48000
37.47900
37.47600
37.48100
37.48300
37.48100
37.48700
37.48900
37.48700
37.48600
37.48300
37.48200
37.48300
37.48500
37.48300
37.47900
37.48300
37.48400
37.48200
37.48200
37.48500
37.48500
37.48600
37.48400
37.48600
37.48500
37.48700
37.48700
37.48700
37.48700
37.48600
37.48700
37.48600
37.49000
37.48700
37.48900
37.49300
37.49400
37.49500
37.49900
37.49500
37.49400
37.49700
37.49200
37.49200
37.49000
37.49100
37.49000
37.49100
37.49200
37.49400
37.49600
37.49300
37.49000
37.49200
37.49100
37.48900
37.48200
37.48400
37.48400
37.48400
37.48300
37.48200
37.47700
37.48000
37.47400
37.47700
37.47500
37.47400
37.47500
37.47800
37.47000
37.46700
37.46800
37.46800
37.46600
37.46500
37.46400
37.46000
37.45900
37.45900
37.45800
37.45800
37.45900
37.45900
37.46200
37.46300
37.46500
37.46300
37.46500
37.46300
37.46000
37.46000
37.45600
37.45800
37.45700
37.45600
37.45800
37.45900
37.45900
37.46200
37.46600
37.46600
37.46700
37.46800
37.47100
37.47200
37.47400
37.47500
37.47700
37.47400
37.47300
37.47600
37.47500
37.47400
37.47500
37.47300
37.47600
37.48000
37.48300
37.48700
37.48900
37.48900
37.49000
37.48900
37.48700
37.48900
37.48900
37.49100
37.49100
37.49200
37.49200
37.49400
37.48900
37.48800
37.48900
37.48900
37.49300
37.49600
37.49500
37.49600
37.49600
37.49600
37.49500
37.49600
37.49700
37.50000
37.50200
37.50500
37.50300
37.50300
37.50700
37.50100
37.50000
37.50100
37.50300
37.50500
37.50600
37.51000
37.51000
37.51200
37.51100
37.51100
37.50600
37.50700
37.50900
37.50800
37.51000
37.50800
37.50800
37.50600
37.50800
37.51000
37.51200
37.51200
37.51000
37.51300
37.51100
37.51300
37.52100
37.52300
37.52600
37.52700
37.52600
37.52900
37.53300
37.53200
37.53300
37.53100
37.53500
37.53600
37.53200
37.53700
37.53700
37.53800
37.53900
37.54000
37.54400
37.54400
37.54800
37.54600
37.54400
37.55000
37.55200
37.54900
37.55500
37.56100
37.56000
37.56000
37.56300
37.56100
37.56400
37.56700
37.56400
37.56500
37.56800
37.56500
37.56400
37.56700
37.57200
37.57400
37.57600
37.57400
37.57100
37.56800
37.56600
37.56200
37.56500
37.56200
37.56100
37.56100
37.56000
37.56200
37.56500
37.56600
37.56400
37.56600
37.56500
37.56900
37.57000
37.56800
37.56700
37.56700
37.56500
37.57100
37.57300
37.57300
37.57100
37.57300
37.57300
37.57400
37.57500
37.57500
37.57200
37.57800
37.57800
37.58000
37.58300
37.58100
37.58100
37.58100
37.57600
37.57400
37.57200
37.57200
37.57400
37.57300
37.57200
37.57200
37.57100
37.57000
37.57200
37.57400
37.57700
37.57700
37.58000
37.58200
37.58400
37.58400
37.58400
37.58600
37.58700
37.58600
37.58900
37.58600
37.58700
37.59300
37.59600
37.59000
37.59100
37.59600
37.59400
37.59600
37.59800
37.59700
37.59800
37.60100
37.60200
37.60100
37.60500
37.60100
37.60300
37.60300
37.60200
37.60400
37.60600
37.60800
37.60800
37.60500
37.60600
37.60500
37.60300
37.60800
37.60800
37.60800
37.60800
37.60700
37.60800
37.60800
37.60700
37.60600
37.60600
37.60700
37.60700
37.60600
37.60600
37.60700
37.60600
37.60600
37.60500
37.60400
37.60500
37.60300
37.60400
37.60700
37.61100
37.61300
37.61300
37.61200
37.61200
37.61300
37.61600
37.61500
37.61600
37.61500
37.61600
37.61700
37.61700
37.61700
37.61800
37.61700
37.61700
37.61500
37.61100
37.61000
37.60900
37.61000
37.61000
37.61000
37.61000
37.61300
37.61300
37.60700
37.60700
37.60800
37.61000
37.61100
37.60900
37.60900
37.60800
37.61000
37.61000
37.61200
37.61100
37.60900
37.60900
37.60800
37.60800
37.60900
37.61100
37.60900
37.60900
37.60800
37.60700
37.60900
37.60700
37.60500
37.60700
37.60800
37.60700
37.60200
37.60400
37.60400
37.60600
37.60400
37.60100
37.60300
37.60700
37.60700
37.61100
37.61100
37.61300
37.61400
37.61200
37.61500
37.61800
37.61200
37.61000
37.61100
37.60400
37.60500
37.60400
37.60200
37.60100
37.60600
37.60300
37.60600
37.60500
37.60500
37.60500
37.60600
37.60500
37.60400
37.60200
37.60100
37.60400
37.60000
37.60000
37.60300
37.60300
37.60300
37.60400
37.60700
37.60700
37.60600
37.60700
37.61000
37.60900
37.60900
37.61500
37.61600
37.61300
37.61400
37.61000
37.61000
37.60900
37.60400
37.60600
37.60800
37.60800
37.60800
37.60800
37.61000
37.61200
37.61400
37.61300
37.61200
37.61200
37.61300
37.61400
37.61500
37.61500
37.61600
37.61500
37.61500
37.61600
37.61600
37.61700
37.61500
37.61700
37.61600
37.61300
37.61200
37.61300
37.61500
37.61300
37.61000
37.60700
37.60200
37.60200
37.60300
37.60300
37.60400
37.60000
37.60500
37.60600
37.60500
37.60400
37.60600
37.60600
37.60700
37.61000
37.61100
37.61500
37.61800
37.61700
37.61900
37.62200
37.62400
37.62400
37.62500
37.62400
37.62200
37.62300
37.62500
37.62100
37.62300
37.62200
37.62300
37.62300
37.62500
37.63000
37.62500
37.62600
37.62500
37.62400
37.62800
37.62600
37.62600
37.62500
37.62700
37.62700
37.62800
37.62900
37.63000
37.62800
37.63100
37.63200
37.63000
37.62900
37.62800
37.62600
37.63200
37.63300
37.63000
37.63300
37.63300
37.63100
37.63200
37.63000
37.63100
37.63100
37.63400
37.63500
37.63800
37.64300
37.64300
37.64400
37.64600
37.64400
37.64300
37.64200
37.64400
37.64200
37.64400
37.64500
37.64600
37.64900
37.65000
37.64900
37.64700
37.64600
37.64700
37.65000
37.65300
37.66300
37.66300
37.66400
37.66500
37.66400
37.66800
37.67000
37.66800
37.66700
37.66500
37.66400
37.66400
37.66800
37.67100
37.67200
37.67600
37.68200
37.68400
37.68200
37.68400
37.68600
37.69000
37.69100
37.69200
37.69100
37.69300
37.69100
37.69500
37.69800
37.69900
37.70000
37.70500
37.70300
37.70400
37.70300
37.70300
37.70200
37.70400
37.70600
37.70500
37.70700
37.70500
37.70500
37.70500
37.70600
37.70800
37.71200
37.71400
37.71400
37.71500
37.71400
37.71500
37.71600
37.71300
37.71100
37.71000
37.71200
37.71100
37.71200
37.71500
37.71900
37.72100
37.72200
37.72300
37.72000
37.72100
37.72200
37.72600
37.72800
37.72600
37.72700
37.72700
37.72900
37.72800
37.72400
37.72300
37.72500
37.72500
37.73200
37.73200
37.73200
37.73100
37.73100
37.73100
37.72800
37.73100
37.73000
37.73000
37.73100
37.73400
37.73400
37.73600
37.73800
37.73800
37.73900
37.73900
37.73900
37.74000
37.74300
37.74700
37.74600
37.74900
37.75100
37.74800
37.74900
37.75100
37.75300
37.75400
37.75700
37.75500
37.75300
37.75500
37.75400
37.75400
37.75300
37.75200
37.75500
37.75600
37.75600
37.75700
37.75800
37.75500
37.75500
37.75400
37.75300
37.75600
37.75800
37.76000
37.76200
37.75900
37.75900
37.76300
37.76400
37.76400
37.76200
37.75900
37.76000
37.75900
37.76100
37.76300
37.76300
37.76200
37.76100
37.76200
37.76300
37.76300
37.76600
37.76700
37.76600
37.76200
37.76700
37.76700
37.76900
37.77000
37.77200
37.77600
37.77600
37.77600
37.77500
37.77600
37.78000
37.78400
37.78200
37.78200
37.78400
37.78600
37.78900
37.79100
37.79000
37.79000
37.79200
37.79000
37.79000
37.79000
37.79000
37.79100
37.79300
37.79300
37.79600
37.79500
37.79500
37.79500
37.79400
37.79400
37.79400
37.79700
37.79300
37.79300
37.79000
37.79100
37.78900
37.79200
37.78900
37.78800
37.79200
37.79400
37.79500
37.79600
37.79900
37.80100
37.80000
37.80000
37.80100
37.80100
37.80300
37.80400
37.80500
37.80400
37.80400
37.80500
37.80400
37.79800
37.79900
37.79800
37.79700
37.79900
37.79900
37.79200
37.79400
37.79300
37.78900
37.79000
37.79500
37.79600
37.79600
37.79900
37.79900
37.79600
37.79400
37.79400
37.79700
37.79700
37.79700
37.79400
37.79700
37.79700
37.80000
37.80100
37.80100
37.80100
37.79900
37.80100
37.80400
37.80100
37.80400
37.80400
37.80400
37.80200
37.80500
37.80200
37.80700
37.80400
37.80500
37.80200
37.80200
37.80000
37.79900
37.79900
37.80100
37.80200
37.80300
37.80400
37.80300
37.80200
37.80200
37.80200
37.80400
37.80300
37.80500
37.80600
37.80800
37.80900
37.81200
37.81100
37.81100
37.80800
37.80500
37.80400
37.80500
37.80700
37.80900
37.81000
37.81200
37.81200
37.81300
37.81700
37.81600
37.81700
37.81800
37.81700
37.81700
37.81700
37.81800
37.82000
37.82000
37.82100
37.81600
37.81800
37.81800
37.81800
37.82000
37.82000
37.81700
37.81800
37.81900
37.82300
37.82400
37.82200
37.82400
37.82600
37.82600
37.82800
37.82500
37.82300
37.82100
37.82300
37.82100
37.81900
37.82200
37.82400
37.82400
37.82200
37.82200
37.82500
37.82400
37.82400
37.82300
37.82500
37.82100
37.81800
37.81800
37.82200
37.82300
37.82300
37.82100
37.81600
37.81600
37.81400
37.81600
37.81700
37.81900
37.81800
37.81700
37.81700
37.81800
37.81900
37.82300
37.82100
37.82600
37.82800
37.82800
37.83100
37.83200
37.83100
37.82800
37.82800
37.82900
37.82900
37.82900
37.83000
37.83300
37.83200
37.83000
37.83100
37.83500
37.83500
37.83800
37.84000
37.83900
37.83800
37.83500
37.84000
37.83900
37.84200
37.84200
37.84300
37.84600
37.84700
37.84800
37.84600
37.84700
37.84700
37.84800
37.85200
37.85300
37.85300
37.85500
37.85400
37.85300
37.85300
37.85200
37.85000
37.84800
37.85000
37.85400
37.85200
37.85200
37.85400
37.85700
37.85800
37.85600
37.85700
37.85800
37.85900
37.85900
37.85800
37.85600
37.85600
37.85400
37.85400
37.85500
37.85400
37.85200
37.85100
37.85300
37.85100
37.85300
37.86000
37.86200
37.86200
37.86400
37.86100
37.86300
37.86200
37.86300
37.86500
37.86600
37.86700
37.86600
37.86400
37.86200
37.86300
37.86400
37.86900
37.86900
37.87100
37.86900
37.87200
37.87400
37.87400
37.87400
37.87600
37.87600
37.87400
37.87200
37.87400
37.87300
37.87300
37.87300
37.87200
37.87100
37.86900
37.86800
37.86800
37.87000
37.87400
37.87500
37.87000
37.87000
37.87100
37.87300
37.87300
37.87400
37.87300
37.87300
37.87400
37.87800
37.88000
37.87700
37.87800
37.87600
37.87600
37.87400
37.87500
37.87700
37.88100
37.88400
37.88200
37.88300
37.88400
37.88500
37.88700
37.88800
37.88400
37.88300
37.88300
37.88300
37.88200
37.88100
37.88300
37.88300
37.88300
37.88600
37.88400
37.88300
37.88200
37.88300
37.88000
37.88200
37.88100
37.88100
37.88200
37.88300
37.88400
37.88400
37.88600
37.88600
37.88400
37.88300
37.88500
37.88600
37.88700
37.89000
37.88800
37.88900
37.88600
37.88600
37.88900
37.89200
37.89400
37.89200
37.89500
37.89600
37.89700
37.89700
37.89500
37.89700
37.89800
37.89800
37.89800
37.89800
37.89700
37.89800
37.89600
37.89400
37.89600
37.89800
37.90000
37.90000
37.90100
37.89900
37.90000
37.89900
37.90200
37.90300
37.90400
37.89900
37.89900
37.90300
37.90300
37.90300
37.90000
37.89500
37.89800
37.90100
37.90200
37.90200
37.90200
37.90000
37.90200
37.89900
37.90000
37.89800
37.89800
37.90000
37.90000
37.90000
37.90000
37.90400
37.90500
37.90600
37.90400
37.90100
37.90300
37.90400
37.90600
37.90400
37.90400
37.90400
37.90400
37.90500
37.90500
37.90500
37.90700
37.91000
37.90900
37.90600
37.90600
37.90500
37.90700
37.90800
37.90500
37.90500
37.90600
37.90700
37.90900
37.90600
37.90700
37.90900
37.90800
37.90900
37.91000
37.91000
37.91200
37.91500
37.91600
37.91500
37.91600
37.91600
37.91800
37.91700
37.91700
37.91900
37.91800
37.91700
37.91500
37.91600
37.91600
37.91500
37.91000
37.90800
37.90800
37.90900
37.91200
37.91200
37.90900
37.91000
37.91200
37.91400
37.91500
37.91800
37.91900
37.92100
37.92100
37.92100
37.92500
37.92700
37.92800
37.93000
37.92800
37.92700
37.92500
37.92500
37.92500
37.92300
37.92500
37.92900
37.93200
37.93100
37.93400
37.93500
37.93400
37.93500
37.93400
37.93800
37.93600
37.94000
37.94100
37.94000
37.94000
37.94100
37.94200
37.94400
37.94200
37.94100
37.94500
37.94400
37.94500
37.94800
37.94700
37.94800
37.95100
37.95200
37.94800
37.94800
37.94700
37.95000
37.94800
37.94900
37.94700
37.94700
37.94900
37.95000
37.94700
37.94800
37.94700
37.94500
37.94400
37.94800
37.95100
37.95000
37.95100
37.95500
37.95500
37.95400
37.95500
37.95500
37.95800
37.95800
37.95900
37.95900
37.96000
37.95900
37.95800
37.96200
37.96400
37.96300
37.96200
37.96000
37.95800
37.95800
37.95600
37.95500
37.95400
37.95500
37.95500
37.95700
37.95900
37.95900
37.96100
37.95900
37.95900
37.95800
37.95900
37.95600
37.95600
37.95700
37.95900
37.96000
37.96000
37.96200
37.96000
37.96000
37.95800
37.96000
37.96200
37.96100
37.95900
37.96100
37.96200
37.96200
37.96300
37.96200
37.96100
37.96000
37.96000
37.96100
37.96200
37.96000
37.95700
37.95700
37.96200
37.96200
37.96200
37.96100
37.96200
37.96000
37.96000
37.96400
37.96500
37.96700
37.96700
37.96700
37.97100
37.97100
37.97100
37.97500
37.97600
37.97800
37.97500
37.97300
37.97500
37.97300
37.97100
37.97100
37.97300
37.97300
37.97500
37.97700
37.97700
37.97800
37.98100
37.97900
37.97800
37.97800
37.97600
37.97500
37.97500
37.97500
37.97800
37.97900
37.97700
37.97200
37.97200
37.97400
37.97600
37.97800
37.97900
37.97800
37.98000
37.97900
37.97700
37.97500
37.97300
37.97300
37.97300
37.97300
37.97700
37.97800
37.97800
37.97700
37.97700
37.97800
37.97600
37.97700
37.97600
37.97700
37.97700
37.97900
37.98000
37.97900
37.98000
37.98200
37.98200
37.97800
37.97700
37.97800
37.97900
37.97900
37.97800
37.97800
37.97800
37.97900
37.97700
37.97900
37.97600
37.97800
37.97500
37.97500
37.97300
37.97200
37.97000
37.97100
37.97100
37.96900
37.96800
37.96800
37.97000
37.96900
37.97000
37.96900
37.97000
37.97000
37.96700
37.96700
37.96700
37.97100
37.97200
37.97200
37.97400
37.97600
37.97500
37.97400
37.97400
37.97000
37.97100
37.97100
37.97000
37.97200
37.97100
37.96900
37.97100
37.97000
37.96800
37.96900
37.96900
37.97000
37.96900
37.97000
37.97000
37.97100
37.97100
37.97200
37.97200
37.97100
37.97000
37.97200
37.97300
37.97200
37.97300
37.97300
37.96900
37.96900
37.97200
37.97300
37.97200
37.97200
37.97100
37.97300
37.97200
37.97300
37.97500
37.97600
37.97700
37.97700
37.97600
37.97700
37.97900
37.98000
37.98100
37.98200
37.98100
37.97900
37.98000
37.98100
37.97800
37.97600
37.97600
37.97900
37.97800
37.97700
37.97700
37.97900
37.97800
37.97800
37.97500
37.97500
37.97600
37.97700
37.97800
37.98100
37.98200
37.98000
37.98100
37.98200
37.98300
37.98100
37.98000
37.98200
37.98200
37.98500
37.98300
37.98200
37.98400
37.98500
37.98600
37.99100
37.99200
37.99000
37.99100
37.99100
37.99000
37.98700
37.99000
37.99100
37.99000
37.99100
37.98900
37.99200
37.99200
37.99000
37.99100
37.98900
37.98900
37.98900
37.98800
37.99300
37.99100
37.99000
37.99000
37.99100
37.99100
37.99300
37.99200
37.99200
37.99700
37.99700
37.99400
37.99100
37.99000
37.99300
37.99200
37.99100
37.99100
37.99000
37.99100
37.99300
37.99400
37.99100
37.99100
37.99200
37.99300
37.99100
37.99100
37.99300
37.99400
37.99500
37.99100
37.99100
37.99600
37.99400
37.99400
37.99500
37.99500
37.99400
37.99500
37.99900
37.99900
38.00100
38.00100
37.99800
37.99700
37.99800
37.99900
38.00100
38.00000
38.00100
38.00000
38.00100
38.00100
38.00200
38.00200
38.00100
38.00100
38.00200
38.00200
38.00200
38.00200
38.00200
38.00100
38.00100
38.00200
38.00200
38.00200
38.00200
38.00000
38.00100
38.00300
38.00600
38.00600
38.00500
38.00500
38.00400
38.00500
38.00700
38.00600
38.01000
38.00700
38.00700
38.01200
38.01600
38.01800
38.01400
38.01500
38.01600
38.01600
38.01700
38.02000
38.02000
38.02100
38.01900
38.02100
38.01900
38.01900
38.02100
38.02300
38.02300
38.02200
38.02300
38.02500
38.02500
38.02500
38.02700
38.02400
38.02300
38.02300
38.02400
38.02400
38.02100
38.02200
38.02200
38.02000
38.02200
38.02000
38.02100
38.02400
38.02500
38.02700
38.02800
38.02800
38.02600
38.02500
38.02500
38.02400
38.02100
38.01900
38.02200
38.02300
38.02200
38.02000
38.02100
38.02000
38.01900
38.02100
38.01900
38.02000
38.02000
38.02000
38.01800
38.02000
38.02100
38.01800
38.02000
38.02000
38.01800
38.02100
38.02100
38.01900
38.02000
38.02000
38.02100
38.02100
38.02100
38.02400
38.02500
38.02800
38.02700
38.02500
38.02400
38.02600
38.02600
38.02600
38.02400
38.02500
38.02300
38.02500
38.02300
38.02300
38.02300
38.02300
38.02800
38.02900
38.02700
38.02700
38.02700
38.02800
38.02900
38.03100
38.02900
38.02900
38.02700
38.02700
38.02700
38.02700
38.02600
38.02700
38.02900
38.03000
38.03100
38.02900
38.02800
38.02700
38.02800
38.02700
38.02900
38.03200
38.03100
38.03200
38.03300
38.03200
38.03300
38.03300
38.03000
38.02900
38.02900
38.03100
38.03200
38.03000
38.03000
38.03300
38.03500
38.03500
38.03600
38.03600
38.03400
38.03400
38.03500
38.03800
38.03900
38.04100
38.03900
38.03900
38.03800
38.03800
38.03900
38.03600
38.03800
38.03800
38.03700
38.03600
38.03700
38.03500
38.03400
38.03500
38.03300
38.03100
38.03100
38.03100
38.03000
38.02900
38.03000
38.03300
38.03400
38.03700
38.03500
38.03600
38.03800
38.03800
38.03600
38.03700
38.03800
38.03900
38.04200
38.04100
38.04300
38.04200
38.04100
38.04100
38.04500
38.04500
38.04600
38.04400
38.04400
38.04500
38.04300
38.04300
38.04600
38.04500
38.04600
38.04700
38.04600
38.04800
38.05000
38.05100
38.04800
38.05100
38.05100
38.05100
38.05100
38.05300
38.05200
38.05200
38.05300
38.05500
38.05500
38.05200
38.05100
38.05100
38.05200
38.05200
38.05100
38.04900
38.04900
38.04600
38.04800
38.04700
38.04600
38.04500
38.04600
38.04900
38.05000
38.05200
38.05100
38.05000
38.05000
38.05000
38.05100
38.05200
38.05100
38.05100
38.05300
38.05400
38.05500
38.05400
38.05600
38.05700
38.05400
38.05400
38.05300
38.05200
38.04900
38.04800
38.04900
38.05000
38.05000
38.05100
38.05000
38.05000
38.05100
38.04700
38.04900
38.05100
38.05000
38.05000
38.04700
38.04700
38.04700
38.04800
38.04800
38.04900
38.04700
38.04600
38.04800
38.05000
38.04700
38.04700
38.04800
38.04800
38.04900
38.04900
38.04900
38.04800
38.04800
38.04900
38.04900
38.04900
38.04600
38.04800
38.05000
38.04800
38.04800
38.04900
38.04800
38.04700
38.04700
38.04700
38.04600
38.04700
38.04700
38.04900
38.04900
38.05000
38.05200
38.05300
38.05400
38.05300
38.05300
38.05300
38.05200
38.04700
38.04700
38.04800
38.04900
38.04900
38.04900
38.05000
38.05100
38.05200
38.05200
38.05100
38.05000
38.05400
38.05500
38.05400
38.05100
38.05200
38.05100
38.05400
38.05800
38.05800
38.05900
38.05800
38.05600
38.05600
38.05900
38.06000
38.06100
38.06200
38.06200
38.06200
38.06300
38.06300
38.06500
38.06400
38.06600
38.07100
38.06700
38.06900
38.06700
38.06700
38.06500
38.06400
38.06400
38.06400
38.06400
38.06500
38.06500
38.06600
38.06700
38.06800
38.07000
38.06900
38.07100
38.07100
38.07100
38.07000
38.07000
38.06900
38.07100
38.06900
38.07000
38.07100
38.07000
38.07100
38.07000
38.07400
38.07400
38.07200
38.07200
38.07300
38.07300
38.07400
38.07400
38.07700
38.07700
38.07600
38.07700
38.07700
38.07900
38.08100
38.08100
38.08200
38.08300
38.08200
38.08200
38.08700
38.08600
38.08400
38.08500
38.08400
38.08400
38.08500
38.08600
38.08500
38.08700
38.08700
38.08800
38.08700
38.08500
38.08400
38.08800
38.08600
38.08500
38.08500
38.08800
38.08900
38.08800
38.08700
38.08500
38.08400
38.08600
38.08700
38.08600
38.08500
38.08600
38.08700
38.08700
38.08900
38.09000
38.08900
38.08700
38.09000
38.09100
38.09500
38.09600
38.09800
38.09600
38.09200
38.09600
38.09500
38.09500
38.09800
38.09900
38.09800
38.09700
38.09600
38.09600
38.09700
38.09700
38.09900
38.09900
38.10300
38.10100
38.10100
38.10100
38.10300
38.10200
38.10100
38.10300
38.10300
38.10400
38.10700
38.10900
38.10800
38.10800
38.10800
38.10900
38.10800
38.10900
38.11100
38.11000
38.11100
38.11200
38.11100
38.11200
38.11200
38.11200
38.11200
38.11100
38.11500
38.11600
38.11700
38.11500
38.11600
38.11400
38.11400
38.11500
38.11400
38.11600
38.11700
38.11600
38.11800
38.12100
38.12100
38.12200
38.12200
38.12200
38.12400
38.12400
38.12500
38.12600
38.12600
38.13000
38.13100
38.13000
38.13100
38.13200
38.13000
38.13100
38.12800
38.13100
38.13000
38.13100
38.13400
38.13600
38.13500
38.13500
38.13700
38.13800
38.13800
38.13700
38.13800
38.14000
38.14100
38.14000
38.14200
38.14400
38.14500
38.14700
38.14700
38.14800
38.14600
38.14700
38.14600
38.14600
38.14600
38.14700
38.14900
38.14900
38.14800
38.15000
38.15100
38.15000
38.15000
38.15100
38.15200
38.15300
38.15500
38.15100
38.15100
38.15400
38.15400
38.15700
38.15700
38.15800
38.15900
38.16000
38.15900
38.16200
38.16300
38.16400
38.16400
38.16500
38.16300
38.16100
38.16100
38.16200
38.16000
38.16100
38.16200
38.16300
38.16500
38.16500
38.16500
38.16500
38.16500
38.16400
38.16500
38.16400
38.16400
38.16700
38.16700
38.16800
38.16900
38.17200
38.17000
38.17000
38.17000
38.17000
38.17300
38.17500
38.17600
38.18000
38.17700
38.17800
38.17600
38.17700
38.17500
38.17500
38.17300
38.17500
38.17600
38.17800
38.17500
38.17600
38.17700
38.17800
38.17800
38.17800
38.17900
38.17800
38.17700
38.18100
38.18100
38.18200
38.18200
38.18300
38.18500
38.18400
38.18700
38.18500
38.18600
38.18500
38.18500
38.18700
38.18600
38.18800
38.18700
38.18600
38.18800
38.18500
38.18500
38.18600
38.18700
38.18400
38.18300
38.18200
38.18500
38.18600
38.18700
38.18700
38.18700
38.18700
38.18700
38.18800
38.19000
38.18900
38.18900
38.18700
38.18500
38.18500
38.18400
38.18600
38.18600
38.18600
38.18600
38.18700
38.18500
38.18500
38.18200
38.18300
38.18400
38.18400
38.18300
38.18400
38.18300
38.18200
38.18400
38.18800
38.18400
38.18700
38.18800
38.18400
38.18300
38.18400
38.18400
38.18200
38.18400
38.18400
38.18800
38.18800
38.18900
38.18800
38.19000
38.19000
38.19200
38.19100
38.19000
38.19200
38.19500
38.19800
38.19500
38.19700
38.19700
38.19600
38.20000
38.19800
38.20000
38.20200
38.20300
38.20200
38.19900
38.20200
38.20200
38.20500
38.20500
38.20700
38.20400
38.20600
38.20800
38.20700
38.20700
38.20700
38.20600
38.20900
38.21100
38.21200
38.21100
38.21300
38.21300
38.21400
38.21500
38.21600
38.21600
38.21900
38.22100
38.22100
38.22100
38.22200
38.22300
38.22400
38.22400
38.22400
38.22500
38.22600
38.22600
38.22600
38.22700
38.22600
38.22500
38.22600
38.22600
38.22400
38.22500
38.22700
38.22900
38.22900
38.22900
38.23000
38.23000
38.23200
38.23100
38.22900
38.22700
38.23000
38.23100
38.23200
38.23000
38.23100
38.23200
38.22800
38.22900
38.22800
38.22600
38.22700
38.22400
38.22400
38.22400
38.22500
38.22500
38.22500
38.22500
38.22200
38.22400
38.22500
38.22400
38.22300
38.22300
38.22400
38.22200
38.22300
38.22200
38.21900
38.22000
38.22100
38.22200
38.22300
38.22200
38.22400
38.22500
38.22500
38.22300
38.22300
38.22400
38.22400
38.22400
38.22400
38.22300
38.22400
38.22500
38.22500
38.22500
38.22500
38.22700
38.22700
38.22900
38.22800
38.22800
38.22800
38.23100
38.23200
38.23200
38.23200
38.23200
38.23400
38.23700
38.23600
38.23600
38.23700
38.23600
38.23700
38.23500
38.23800
38.24000
38.23700
38.24000
38.23900
38.23800
38.23800
38.24000
38.24100
38.24000
38.24100
38.24200
38.24300
38.24400
38.24400
38.24200
38.24200
38.24100
38.24000
38.24200
38.24100
38.24100
38.23900
38.24000
38.24000
38.23900
38.24000
38.24400
38.24000
38.23900
38.24000
38.24100
38.24000
38.24100
38.24100
38.24200
38.24300
38.24200
38.24400
38.24400
38.24600
38.24400
38.24300
38.24400
38.24200
38.24200
38.24100
38.24200
38.24300
38.24100
38.24200
38.24300
38.24300
38.24500
38.24500
38.24500
38.24400
38.24500
38.24700
38.24700
38.24800
38.25100
38.24700
38.24700
38.24900
38.24800
38.24900
38.25000
38.25200
38.25200
38.25200
38.24900
38.24800
38.24800
38.24800
38.24800
38.24800
38.24800
38.24800
38.25200
38.25300
38.25100
38.25200
38.25100
38.25500
38.25300
38.25000
38.25400
38.25500
38.25500
38.25500
38.25500
38.25800
38.25700
38.25900
38.26000
38.25900
38.26000
38.26100
38.26200
38.26100
38.26100
38.26000
38.26100
38.26200
38.26400
38.26500
38.26500
38.26300
38.26500
38.26700
38.26800
38.26600
38.26300
38.26200
38.26100
38.26300
38.26600
38.26300
38.26200
38.26100
38.26200
38.26600
38.26200
38.26100
38.26200
38.26200
38.26000
38.26100
38.26200
38.26100
38.26200
38.26000
38.26300
38.26400
38.26200
38.26100
38.26200
38.26100
38.26000
38.26100
38.25900
38.26100
38.26200
38.26200
38.26300
38.26000
38.25900
38.25900
38.26000
38.26000
38.26100
38.26200
38.26300
38.26300
38.26200
38.26400
38.26500
38.26500
38.26600
38.26600
38.26600
38.26700
38.26700
38.26700
38.26400
38.26400
38.26300
38.26600
38.26300
38.26300
38.26300
38.26400
38.26400
38.26300
38.26300
38.26200
38.26400
38.26300
38.26000
38.25900
38.26000
38.25800
38.25700
38.25600
38.25600
38.25600
38.25600
38.25700
38.25600
38.25700
38.25800
38.26000
38.25800
38.25900
38.25900
38.25800
38.25800
38.25800
38.25900
38.26000
38.25900
38.25800
38.26000
38.26000
38.26300
38.26300
38.26300
38.26500
38.26600
38.26400
38.26600
38.26200
38.26300
38.26400
38.26400
38.26400
38.26400
38.26400
38.26700
38.26700
38.26500
38.26700
38.26600
38.26800
38.26700
38.26800
38.26800
38.26600
38.26800
38.26800
38.26700
38.26900
38.26900
38.27000
38.26500
38.26600
38.26600
38.26800
38.26700
38.26400
38.26200
38.26100
38.26400
38.26500
38.26400
38.26000
38.26100
38.26300
38.26500
38.26800
38.26800
38.26800
38.26700
38.26700
38.26800
38.26800
38.27000
38.27000
38.27000
38.27000
38.27000
38.26900
38.27000
38.27200
38.27400
38.27400
38.27300
38.27400
38.27700
38.27700
38.27800
38.27900
38.28000
38.28000
38.28100
38.28200
38.28300
38.28200
38.28300
38.28500
38.28400
38.28500
38.28500
38.28700
38.28600
38.28400
38.28300
38.28500
38.28300
38.28300
38.28200
38.28300
38.28400
38.28300
38.28300
38.28500
38.28700
38.28400
38.28400
38.28400
38.28200
38.28400
38.28500
38.28700
38.28800
38.28700
38.28800
38.28700
38.28800
38.28800
38.28800
38.28800
38.28600
38.28600
38.28700
38.28600
38.28600
38.28500
38.28400
38.28300
38.28200
38.28300
38.28000
38.28200
38.28200
38.28200
38.28300
38.28300
38.28300
38.28300
38.28200
38.28300
38.28200
38.28300
38.28500
38.28300
38.28300
38.28500
38.28600
38.28800
38.28900
38.29200
38.29200
38.29200
38.29000
38.29000
38.29100
38.29000
38.29100
38.29000
38.28900
38.28800
38.29000
38.28800
38.28900
38.29000
38.28900
38.29000
38.28800
38.28700
38.28800
38.29000
38.29200
38.29200
38.29200
38.29400
38.29400
38.29400
38.29200
38.29300
38.29200
38.29300
38.29200
38.29100
38.29200
38.29100
38.29200
38.29200
38.28900
38.28900
38.28900
38.28800
38.28900
38.28800
38.28800
38.28700
38.28700
38.28600
38.28700
38.28500
38.28600
38.28700
38.28800
38.28700
38.28700
38.28900
38.28900
38.28900
38.28800
38.28700
38.28800
38.28600
38.28400
38.28500
38.28500
38.28500
38.28700
38.28800
38.28900
38.29100
38.28900
38.28900
38.29000
38.28900
38.28800
38.28700
38.28800
38.28800
38.28800
38.29100
38.29100
38.29100
38.29300
38.29100
38.29000
38.29000
38.28800
38.28900
38.29200
38.29400
38.29400
38.29400
38.29600
38.29600
38.29800
38.29800
38.29800
38.29800
38.29800
38.30000
38.29800
38.29900
38.30100
38.30000
38.30000
38.30100
38.30200
38.30000
38.29900
38.29800
38.30100
38.30200
38.30100
38.30000
38.29900
38.29800
38.29900
38.29900
38.29700
38.29800
38.29800
38.29800
38.29600
38.29600
38.29700
38.29900
38.30000
38.30000
38.30000
38.30000
38.30100
38.30100
38.30100
38.30000
38.30200
38.30100
38.30100
38.30300
38.30200
38.30400
38.30500
38.30500
38.30600
38.30800
38.30500
38.30300
38.30300
38.30200
38.30400
38.30200
38.30800
38.30900
38.30900
38.30700
38.30600
38.30800
38.30500
38.30400
38.30500
38.30400
38.30400
38.30200
38.30100
38.30200
38.30200
38.30400
38.30300
38.30100
38.30200
38.30100
38.30100
38.30000
38.30200
38.30100
38.30200
38.30200
38.30000
38.30000
38.30200
38.30400
38.30400
38.30200
38.30200
38.30300
38.30200
38.30400
38.30300
38.30200
38.30300
38.30100
38.29900
38.29900
38.30000
38.29900
38.29900
38.29900
38.30000
38.29900
38.29800
38.29800
38.29700
38.29600
38.29400
38.29400
38.29500
38.29600
38.29300
38.29200
38.29200
38.29200
38.29400
38.29200
38.29100
38.29200
38.29100
38.29100
38.29100
38.28900
38.28900
38.29200
38.29200
38.29200
38.29100
38.29100
38.29400
38.29600
38.29500
38.29600
38.29500
38.29500
38.29400
38.29400
38.29200
38.29200
38.29300
38.29400
38.29300
38.29300
38.29200
38.29200
38.29200
38.29400
38.29700
38.29600
38.29500
38.29400
38.29500
38.29400
38.29400
38.29500
38.29900
38.29700
38.29600
38.29700
38.29700
38.29900
38.29800
38.29900
38.29700
38.29600
38.29500
38.29900
38.29900
38.29700
38.29900
38.29800
38.29800
38.29800
38.29800
38.29700
38.29900
38.29900
38.29800
38.29700
38.30000
38.29800
38.30100
38.30200
38.30100
38.30200
38.30100
38.29900
38.30100
38.30200
38.30200
38.30000
38.30100
38.30000
38.30200
38.30100
38.30100
38.29900
38.30000
38.30000
38.29900
38.30000
38.30200
38.30300
38.30200
38.30200
38.30200
38.29900
38.29800
38.29800
38.29800
38.29800
38.29700
38.29600
38.29500
38.29400
38.29600
38.29500
38.29200
38.29300
38.29500
38.29600
38.29600
38.29500
38.29400
38.29500
38.29600
38.29600
38.29600
38.29700
38.29600
38.29600
38.29600
38.29400
38.29300
38.29400
38.29400
38.29400
38.29600
38.29700
38.29500
38.29600
38.29600
38.29700
38.29600
38.29500
38.29300
38.29300
38.29300
38.29300
38.29400
38.29300
38.29000
38.28900
38.28800
38.28900
38.28900
38.28800
38.29100
38.29300
38.29200
38.29200
38.29300
38.29400
38.29400
38.29400
38.29500
38.29500
38.29200
38.29200
38.29200
38.28800
38.28900
38.29000
38.29000
38.29000
38.29100
38.29000
38.29100
38.29000
38.28900
38.29000
38.29100
38.28700
38.28800
38.28700
38.29000
38.29100
38.28900
38.28700
38.28700
38.28800
38.28800
38.28600
38.28500
38.28700
38.28800
38.28700
38.28900
38.28900
38.28800
38.28600
38.28600
38.28600
38.28400
38.28400
38.28100
38.28300
38.28300
38.28300
38.28300
38.28100
38.28200
38.28300
38.28400
38.28400
38.28400
38.28400
38.28300
38.28400
38.28500
38.28200
38.28200
38.28300
38.28200
38.28100
38.28200
38.28300
38.28200
38.28400
38.28200
38.28300
38.28300
38.28400
38.28300
38.28300
38.28300
38.28200
38.28300
38.28200
38.28100
38.28000
38.28100
38.28000
38.27900
38.28100
38.28000
38.27900
38.27800
38.27900
38.27800
38.27800
38.27700
38.27700
38.27800
38.27600
38.27700
38.27600
38.27500
38.27500
38.27700
38.27500
38.27600
38.27200
38.27500
38.27400
38.27500
38.27500
38.27700
38.27700
38.27600
38.27600
38.27600
38.27700
38.27600
38.27800
38.27800
38.27700
38.27600
38.27900
38.28000
38.27800
38.27800
38.27600
38.27800
38.27800
38.27900
38.28100
38.27900
38.27900
38.27900
38.28100
38.28100
38.28300
38.28200
38.28300
38.28100
38.28100
38.27800
38.27800
38.27900
38.27800
38.27900
38.27800
38.27800
38.27800
38.27800
38.27800
38.28000
38.28100
38.28200
38.28200
38.28100
38.28100
38.28000
38.28200
38.28100
38.28200
38.28300
38.28400
38.28500
38.28400
38.28500
38.28600
38.28600
38.29000
38.29200
38.29100
38.28900
38.28800
38.28900
38.28800
38.28800
38.28900
38.28900
38.29100
38.29300
38.29200
38.29200
38.29300
38.29500
38.29400
38.29500
38.29500
38.29700
38.29600
38.29800
38.30000
38.30100
38.30200
38.30300
38.30300
38.30500
38.30500
38.30500
38.30400
38.30700
38.30900
38.31000
38.31100
38.31200
38.31300
38.31400
38.31500
38.31600
38.31700
38.31800
38.31900
38.32200
38.32400
38.32500
38.29778
38.29778
38.29875
38.30429
38.30429
38.28167
38.28167
38.52750
38.53250
38.53250
38.64667
38.65000
38.45500
38.77000
38.77000
38.78000
38.78000
38.78000
38.78000
38.79000
38.79000
