0.00000
0.00000
0.00000
0.00000
0.00000
0.00000
0.00000
0.00000
0.00000
0.00000
0.00000
0.00000
0.00000
0.00000
0.00000
0.00000
1.60000
4.90000
4.90000
4.90000
6.70000
6.70000
6.70000
12.10000
12.55000
12.55000
14.88300
14.95000
16.75000
16.95800
17.00800
18.80800
18.70800
19.40800
19.17400
19.11600
19.46600
19.71600
19.71600
19.59100
20.36600
20.67300
21.35700
22.05500
22.79500
23.70500
23.67000
25.03200
25.17000
26.25700
26.25700
27.61100
28.22300
28.92300
29.38900
29.26400
29.49300
29.75900
29.86900
30.00200
30.62500
31.13200
31.14500
31.42300
31.41800
31.49400
31.69600
31.88200
31.72500
32.17800
32.23100
32.26300
32.25600
32.60300
32.74100
32.76900
33.01300
33.11200
33.11800
33.13300
33.32200
33.43200
33.71500
33.61600
33.73500
33.74600
33.76000
33.69900
33.75800
33.71600
33.76000
33.83800
33.96200
33.97600
34.07500
34.01700
34.10200
34.15600
34.18900
34.14800
34.06700
34.03500
34.00900
34.14100
34.23700
34.42000
34.53500
34.44400
34.52300
34.55400
34.65900
34.66200
34.69500
34.73100
34.69400
34.65800
34.63600
34.66900
34.64800
34.69500
34.77900
34.73900
34.85000
34.86600
34.91300
34.86300
34.82600
34.99200
34.94600
34.96400
34.94900
34.86200
34.84500
34.86000
34.87900
34.83500
34.87300
34.90500
34.82100
34.85900
34.90900
35.09700
35.05500
35.10300
35.06800
35.07600
35.06400
35.12600
35.06900
35.14200
35.16900
35.16600
35.19400
35.16500
35.18700
35.18600
35.14500
35.11500
35.08400
35.09300
35.19500
35.19300
35.15500
35.17600
35.20500
35.14800
35.22900
35.33800
35.45400
35.43700
35.48000
35.46800
35.47800
35.46100
35.48600
35.48800
35.42200
35.41900
35.46300
35.45200
35.50600
35.49800
35.47200
35.53100
35.55000
35.55000
35.62400
35.62400
35.60300
35.57300
35.62400
35.54900
35.57400
35.59800
35.60500
35.62700
35.66300
35.60400
35.56900
35.56000
35.57800
35.57800
35.58500
35.58900
35.52700
35.53400
35.47700
35.46000
35.47900
35.50400
35.57500
35.58300
35.61400
35.60500
35.62400
35.65200
35.62500
35.61000
35.61400
35.57300
35.59300
35.59700
35.54900
35.52400
35.53200
35.50200
35.49500
35.42500
35.46000
35.46000
35.46800
35.47700
35.46200
35.46900
35.49300
35.48700
35.49900
35.50200
35.49700
35.51600
35.53200
35.52700
35.55700
35.57500
35.57300
35.54800
35.54500
35.55200
35.56800
35.54900
35.57900
35.53900
35.50100
35.49200
35.52100
35.53300
35.55900
35.55700
35.56200
35.57300
35.56700
35.59800
35.62600
35.54600
35.51300
35.48200
35.47200
35.49400
35.56300
35.55400
35.56900
35.54100
35.50100
35.49700
35.47500
35.46700
35.43300
35.40800
35.39700
35.38300
35.35800
35.36700
35.37200
35.39500
35.39400
35.39900
35.37000
35.40000
35.39100
35.39300
35.39900
35.39100
35.36800
35.37800
35.38300
35.39300
35.39500
35.44200
35.41900
35.43000
35.42600
35.42100
35.42300
35.43000
35.45200
35.44200
35.44100
35.49200
35.46000
35.45200
35.45400
35.43100
35.47100
35.49400
35.50100
35.47900
35.48500
35.47100
35.49600
35.48200
35.48700
35.45700
35.44100
35.43500
35.43300
35.43000
35.43300
35.42100
35.43400
35.43500
35.43000
35.42200
35.43600
35.44300
35.42700
35.43200
35.44500
35.44000
35.43800
35.45100
35.43500
35.45300
35.47000
35.46600
35.46600
35.47000
35.45600
35.46200
35.47300
35.43300
35.43600
35.45800
35.46000
35.45000
35.46100
35.49700
35.48900
35.49600
35.47800
35.48500
35.48100
35.43900
35.43000
35.43800
35.42900
35.44400
35.42500
35.39500
35.38900
35.41200
35.42200
35.43700
35.41400
35.34300
35.36300
35.38500
35.37900
35.38600
35.38200
35.37500
35.39700
35.37400
35.38200
35.37800
35.35700
35.35600
35.38700
35.40500
35.42800
35.41600
35.42400
35.44400
35.45500
35.45300
35.46100
35.45100
35.41800
35.41500
35.43700
35.44900
35.42300
35.42400
35.42300
35.42000
35.41400
35.43500
35.44900
35.46300
35.47000
35.46100
35.45900
35.45700
35.47500
35.46200
35.47700
35.49600
35.47200
35.45400
35.46000
35.45700
35.45300
35.44400
35.45600
35.47100
35.46000
35.49300
35.50900
35.51300
35.50900
35.52700
35.51400
35.51500
35.52800
35.52600
35.53400
35.54800
35.54300
35.54000
35.53500
35.54000
35.51900
35.54100
35.54400
35.58600
35.58600
35.62100
35.62200
35.61500
35.58200
35.59700
35.62700
35.57300
35.60600
35.60900
35.60600
35.61700
35.60800
35.60700
35.60800
35.61300
35.59200
35.58700
35.59200
35.58700
35.61500
35.63400
35.64100
35.66300
35.65500
35.64400
35.63300
35.61800
35.60300
35.59600
35.60300
35.61200
35.60800
35.61300
35.61200
35.61200
35.61800
35.62200
35.62500
35.62600
35.62400
35.61200
35.61700
35.62700
35.62700
35.61100
35.60300
35.59100
35.59800
35.60900
35.59600
35.58600
35.58700
35.61300
35.62200
35.61000
35.60800
35.63100
35.63100
35.63700
35.62300
35.63500
35.62800
35.63000
35.63000
35.63300
35.64000
35.63900
35.63500
35.64100
35.65000
35.65100
35.66300
35.66000
35.66400
35.66200
35.68500
35.68700
35.69300
35.70400
35.69100
35.69200
35.68000
35.68900
35.70000
35.68800
35.69300
35.70400
35.70200
35.69600
35.71600
35.71800
35.71800
35.72200
35.73400
35.72300
35.72600
35.72400
35.72600
35.71700
35.70600
35.69600
35.69200
35.68100
35.67400
35.67700
35.69200
35.69200
35.69400
35.68900
35.69500
35.68900
35.66800
35.65300
35.66000
35.66400
35.65400
35.66100
35.65900
35.65700
35.66100
35.66700
35.64900
35.66400
35.68400
35.68600
35.69200
35.71600
35.72000
35.71700
35.71700
35.70500
35.70600
35.70900
35.70000
35.70900
35.69800
35.69800
35.70500
35.70600
35.70900
35.72100
35.72800
35.73300
35.73800
35.74000
35.73000
35.73600
35.72200
35.71700
35.72600
35.72700
35.71100
35.70500
35.70200
35.69700
35.69800
35.69300
35.69600
35.70900
35.70700
35.70300
35.68300
35.68500
35.65200
35.65100
35.65400
35.65900
35.66100
35.65400
35.66700
35.66700
35.67200
35.67600
35.67200
35.68300
35.67600
35.68300
35.69600
35.69300
35.68200
35.66600
35.66600
35.67500
35.67100
35.67300
35.66900
35.66900
35.66700
35.66800
35.66500
35.66200
35.65700
35.64000
35.65300
35.65000
35.65300
35.64300
35.65600
35.65800
35.65600
35.67000
35.66200
35.66600
35.66500
35.66900
35.68200
35.67800
35.66500
35.66300
35.67000
35.67300
35.67300
35.66800
35.66700
35.66300
35.65700
35.65600
35.66100
35.66900
35.66800
35.67500
35.66200
35.65900
35.65700
35.65700
35.66000
35.65900
35.65400
35.65600
35.63700
35.64800
35.65200
35.64300
35.63100
35.65200
35.64400
35.64800
35.66400
35.65700
35.66300
35.66900
35.65900
35.64000
35.64500
35.64800
35.64900
35.64300
35.63900
35.64400
35.63800
35.63600
35.63400
35.63500
35.63800
35.64500
35.64500
35.65600
35.64300
35.62100
35.63100
35.62400
35.61900
35.62400
35.62400
35.61700
35.61800
35.62300
35.62700
35.62900
35.61700
35.61300
35.61500
35.61800
35.63000
35.63400
35.63100
35.61700
35.62100
35.61200
35.60600
35.60600
35.61200
35.60200
35.60300
35.58700
35.58800
35.60000
35.60700
35.59100
35.61900
35.61300
35.62300
35.63600
35.63900
35.63700
35.64900
35.64900
35.65400
35.65500
35.66400
35.66000
35.66200
35.65200
35.65400
35.66600
35.67700
35.68300
35.66500
35.66500
35.66500
35.67400
35.67900
35.68600
35.70000
35.70500
35.71700
35.71100
35.70600
35.70400
35.69800
35.68300
35.68400
35.68800
35.69200
35.69900
35.69100
35.68000
35.68500
35.69000
35.69600
35.69200
35.69400
35.70500
35.70000
35.69500
35.70300
35.68800
35.68600
35.68100
35.68200
35.68900
35.68700
35.68700
35.69700
35.70600
35.71400
35.71800
35.72400
35.71600
35.72600
35.73300
35.73700
35.74400
35.73800
35.74300
35.74300
35.75300
35.76100
35.76100
35.76100
35.75400
35.76700
35.78600
35.79300
35.79300
35.79500
35.78900
35.79000
35.79300
35.80100
35.80000
35.79600
35.79800
35.79800
35.80100
35.79900
35.80100
35.80500
35.80200
35.81200
35.81900
35.81700
35.80500
35.80300
35.82800
35.83500
35.83800
35.85100
35.85300
35.85200
35.85500
35.86200
35.86900
35.85300
35.86100
35.86500
35.84500
35.85000
35.84800
35.84900
35.84700
35.85600
35.87000
35.86300
35.87200
35.88100
35.88100
35.87600
35.88100
35.87700
35.86700
35.86700
35.87300
35.87500
35.88000
35.87900
35.87400
35.87400
35.88300
35.87900
35.86900
35.86800
35.86600
35.87000
35.87600
35.88000
35.88000
35.88300
35.88000
35.88500
35.89100
35.88900
35.89100
35.89800
35.89000
35.88500
35.89300
35.88900
35.89300
35.88200
35.88700
35.89200
35.89600
35.90200
35.90800
35.92600
35.92800
35.93200
35.93200
35.93200
35.93200
35.93500
35.93500
35.93300
35.92600
35.91400
35.90800
35.91200
35.91300
35.91800
35.92200
35.92500
35.92600
35.92600
35.92600
35.91500
35.91600
35.91200
35.90300
35.89900
35.89900
35.90900
35.89900
35.89800
35.89100
35.88200
35.88200
35.88200
35.88100
35.87500
35.87700
35.87300
35.88000
35.88900
35.88700
35.89000
35.90000
35.90000
35.89800
35.89800
35.89900
35.89400
35.89500
35.89000
35.89800
35.89300
35.89100
35.89600
35.88900
35.89300
35.90200
35.90400
35.90100
35.90000
35.90600
35.91900
35.92000
35.91000
35.91300
35.92000
35.92500
35.92600
35.92800
35.91600
35.91700
35.91400
35.91400
35.92200
35.93100
35.92900
35.93500
35.93100
35.91300
35.91000
35.92300
35.92800
35.92100
35.92800
35.92200
35.92300
35.92300
35.92300
35.90300
35.90800
35.91900
35.90900
35.90900
35.91000
35.91400
35.91900
35.92000
35.92300
35.92900
35.92800
35.93600
35.93800
35.93900
35.93500
35.93700
35.93900
35.94400
35.95200
35.95100
35.94900
35.95500
35.95100
35.94900
35.95000
35.94400
35.94700
35.94800
35.95100
35.95600
35.94800
35.94600
35.94800
35.94700
35.94100
35.94500
35.93900
35.93700
35.93700
35.92800
35.92700
35.91700
35.91600
35.92100
35.92200
35.92200
35.92200
35.91600
35.91300
35.91400
35.91400
35.91300
35.91800
35.90900
35.90700
35.91300
35.91200
35.90500
35.89100
35.88200
35.88300
35.88100
35.88000
35.87900
35.87300
35.87700
35.88300
35.88200
35.87800
35.88300
35.87600
35.86100
35.86700
35.85900
35.86300
35.86400
35.87500
35.87300
35.87000
35.86800
35.86500
35.86100
35.85800
35.84500
35.83800
35.83900
35.83700
35.83600
35.83700
35.83600
35.83900
35.83200
35.83300
35.82900
35.83200
35.82100
35.82500
35.83200
35.82900
35.83200
35.83700
35.84100
35.83100
35.82700
35.82500
35.83600
35.84400
35.84400
35.84200
35.84100
35.84500
35.84300
35.84300
35.84000
35.83800
35.84500
35.85000
35.85500
35.85800
35.86000
35.85500
35.84100
35.83800
35.83300
35.82800
35.82800
35.82600
35.82600
35.82100
35.82200
35.82300
35.82600
35.83200
35.82900
35.83100
35.83500
35.83900
35.83000
35.83200
35.83200
35.82800
35.83000
35.82900
35.83600
35.84100
35.84200
35.84200
35.84900
35.84400
35.84900
35.85500
35.85200
35.85500
35.85800
35.86300
35.86100
35.86300
35.86000
35.86400
35.86600
35.87100
35.87000
35.87100
35.88000
35.88000
35.88200
35.87700
35.87100
35.87600
35.87800
35.88200
35.88800
35.87800
35.88100
35.88400
35.89000
35.89200
35.89500
35.90000
35.89800
35.90800
35.90900
35.91500
35.90700
35.90800
35.91400
35.91900
35.91600
35.92300
35.92200
35.92800
35.93000
35.93500
35.93500
35.93200
35.93000
35.92100
35.92000
35.92400
35.91700
35.92100
35.92000
35.92700
35.93200
35.93900
35.94100
35.93600
35.94000
35.94000
35.93500
35.93400
35.93300
35.92700
35.92600
35.92800
35.93500
35.93200
35.92500
35.92200
35.92700
35.92800
35.92500
35.92600
35.92300
35.91500
35.91600
35.91700
35.92400
35.92500
35.92000
35.91700
35.92100
35.92100
35.92100
35.92900
35.93500
35.93300
35.92700
35.92300
35.92900
35.93100
35.93200
35.92900
35.93000
35.92800
35.93000
35.93000
35.92200
35.92700
35.93000
35.92600
35.92400
35.92800
35.93000
35.92600
35.93300
35.93500
35.93100
35.94000
35.93600
35.94100
35.93500
35.93700
35.94100
35.94100
35.94700
35.94700
35.94400
35.94600
35.94100
35.94100
35.93700
35.93200
35.92300
35.91700
35.91100
35.90900
35.90900
35.91500
35.91600
35.90800
35.90400
35.90100
35.88800
35.88800
35.88400
35.88500
35.88600
35.88600
35.89000
35.89200
35.88700
35.88500
35.88300
35.88000
35.88100
35.87600
35.87800
35.88300
35.87900
35.86700
35.86800
35.87000
35.87500
35.87100
35.86700
35.86700
35.87100
35.87000
35.87000
35.86100
35.86100
35.85800
35.85500
35.85000
35.84100
35.84100
35.84300
35.83400
35.83600
35.83500
35.83200
35.83400
35.83900
35.84400
35.84200
35.85100
35.85100
35.85000
35.84800
35.84500
35.84400
35.84200
35.84300
35.84100
35.84100
35.84400
35.85100
35.84200
35.84700
35.85000
35.85300
35.85100
35.85300
35.85400
35.84600
35.85500
35.85600
35.85300
35.84800
35.85300
35.86000
35.85600
35.85200
35.85800
35.85700
35.85200
35.85600
35.85800
35.86100
35.86000
35.86200
35.86000
35.86000
35.85600
35.85800
35.85900
35.86000
35.86000
35.86200
35.85600
35.85000
35.84900
35.84900
35.84900
35.85300
35.84700
35.85000
35.85300
35.85200
35.85500
35.85200
35.85500
35.85800
35.85500
35.85300
35.85500
35.85400
35.85600
35.85900
35.86100
35.85900
35.87000
35.86700
35.86900
35.86700
35.86600
35.86300
35.86500
35.86700
35.86900
35.86800
35.86800
35.86500
35.86100
35.85800
35.85800
35.85700
35.85600
35.86000
35.85900
35.85600
35.84800
35.84900
35.85100
35.84800
35.84800
35.84800
35.84900
35.85000
35.85100
35.85100
35.85600
35.85300
35.84500
35.84600
35.84100
35.83500
35.83600
35.84000
35.83800
35.83200
35.82800
35.82900
35.82900
35.82400
35.82500
35.82300
35.82000
35.81700
35.82200
35.82200
35.82500
35.82200
35.82100
35.81800
35.82100
35.81800
35.82000
35.82500
35.83300
35.83000
35.83000
35.82000
35.82400
35.82900
35.83200
35.83500
35.82900
35.83000
35.82700
35.82800
35.82700
35.82600
35.82700
35.82400
35.82000
35.83200
35.83500
35.83700
35.83700
35.83200
35.83000
35.82500
35.83300
35.83800
35.84500
35.83900
35.83400
35.83400
35.83600
35.83700
35.83200
35.83500
35.83200
35.82800
35.82600
35.83000
35.82000
35.81800
35.81500
35.81500
35.81500
35.81400
35.81900
35.81800
35.81500
35.81300
35.81700
35.81900
35.81200
35.80800
35.81200
35.81600
35.81500
35.81900
35.82600
35.82500
35.82800
35.82600
35.82800
35.83000
35.83000
35.83200
35.83200
35.83700
35.83400
35.83600
35.84000
35.84300
35.83700
35.84100
35.83700
35.84200
35.83900
35.84000
35.84000
35.84000
35.84500
35.84500
35.84400
35.84600
35.84400
35.85100
35.85300
35.85100
35.85200
35.84900
35.85100
35.85800
35.85800
35.85600
35.86000
35.86100
35.86500
35.86200
35.86200
35.86000
35.85700
35.86100
35.86400
35.86900
35.87800
35.88600
35.88400
35.88400
35.89100
35.89300
35.89500
35.89300
35.88400
35.88600
35.88900
35.88900
35.88500
35.88200
35.88000
35.88100
35.88700
35.88000
35.88100
35.88600
35.88500
35.88800
35.88800
35.88600
35.89100
35.89100
35.89200
35.89400
35.89300
35.89500
35.89400
35.88800
35.88800
35.88700
35.88200
35.89300
35.89700
35.88400
35.88700
35.89400
35.89200
35.88900
35.89300
35.89600
35.89900
35.90000
35.90600
35.90100
35.90300
35.90800
35.91100
35.91500
35.91400
35.91700
35.91900
35.91400
35.91100
35.90700
35.90300
35.89700
35.89600
35.89700
35.89200
35.89200
35.89500
35.89400
35.89600
35.89100
35.89100
35.88800
35.89200
35.88700
35.88700
35.88900
35.87600
35.87000
35.88000
35.88200
35.88700
35.89000
35.88800
35.88800
35.89000
35.88300
35.87700
35.88100
35.87800
35.88000
35.88400
35.88900
35.89500
35.89200
35.89200
35.89200
35.89400
35.89700
35.89700
35.89900
35.90000
35.89600
35.89800
35.90300
35.91100
35.91100
35.90900
35.91300
35.91500
35.91500
35.91200
35.91500
35.91800
35.91800
35.92200
35.92400
35.91900
35.91800
35.91600
35.92100
35.92500
35.92600
35.92400
35.92500
35.92300
35.92300
35.92000
35.92100
35.93000
35.93100
35.92300
35.92600
35.91700
35.92000
35.92400
35.92500
35.92200
35.92100
35.91600
35.91700
35.91800
35.91900
35.92000
35.92200
35.92400
35.92800
35.93200
35.92600
35.92100
35.92200
35.92400
35.92400
35.91600
35.92300
35.92800
35.92900
35.92500
35.92500
35.93000
35.92800
35.93300
35.93700
35.93500
35.93300
35.93400
35.93700
35.93900
35.93600
35.93600
35.93400
35.93900
35.94200
35.94100
35.94000
35.94400
35.94500
35.94400
35.94300
35.94500
35.94800
35.94800
35.94800
35.95000
35.94800
35.94600
35.94700
35.94800
35.94900
35.94500
35.94700
35.94000
35.93900
35.94300
35.94200
35.94200
35.93700
35.94000
35.94200
35.94300
35.94200
35.94500
35.94000
35.93400
35.93700
35.93600
35.93700
35.93100
35.93500
35.93800
35.93900
35.93700
35.94200
35.94400
35.95300
35.95600
35.95900
35.95900
35.95800
35.95600
35.95500
35.95400
35.95100
35.95100
35.95000
35.95100
35.95400
35.95500
35.95700
35.95700
35.96000
35.96000
35.95900
35.95800
35.95600
35.95300
35.95500
35.95900
35.96000
35.95300
35.95000
35.95200
35.95000
35.95000
35.95000
35.94200
35.94300
35.94600
35.94500
35.94900
35.95100
35.94500
35.94800
35.95000
35.95300
35.94900
35.95100
35.95100
35.95400
35.95400
35.95800
35.95900
35.96200
35.96000
35.95900
35.96000
35.96200
35.96200
35.96200
35.96100
35.96100
35.96200
35.96400
35.96300
35.96600
35.96500
35.97000
35.97000
35.97200
35.97900
35.97900
35.97700
35.97700
35.97900
35.98000
35.98300
35.98300
35.98000
35.97300
35.97100
35.97400
35.97600
35.98000
35.98300
35.98300
35.98200
35.98400
35.98300
35.98300
35.98700
35.98200
35.98900
35.99200
35.99400
35.98800
35.98800
35.99000
35.98400
35.98000
35.98800
35.98400
35.98700
35.98400
35.98300
35.98000
35.97800
35.97800
35.98400
35.97600
35.98100
35.97400
35.97400
35.97400
35.97500
35.97500
35.97800
35.97800
35.97700
35.97600
35.97800
35.97300
35.97800
35.97700
35.97700
35.97700
35.97800
35.97900
35.98100
35.98200
35.98900
35.99300
35.99600
35.99800
35.99700
35.99800
35.99800
36.00000
36.00100
36.00100
36.00000
35.99900
36.00100
35.99900
35.99800
35.99700
36.00200
36.00300
36.00300
36.00100
36.00500
36.00900
36.01100
36.00800
36.00300
36.00100
36.00100
36.00800
36.01100
36.01300
36.00700
36.00300
36.00500
36.00400
36.00200
36.00000
36.00000
36.00300
36.00500
35.99900
36.00000
35.99800
35.99700
35.99700
35.99600
35.99900
35.99500
35.99500
35.99700
35.99600
36.00200
36.00300
36.00700
36.00700
36.00600
36.00500
36.00700
36.00700
36.01000
36.00800
36.00700
36.00500
35.99900
35.99900
35.99700
35.99800
35.99900
35.99800
35.99000
35.99800
35.99700
35.99500
35.99500
35.99500
35.99500
35.99200
35.99500
35.99500
35.99700
35.99900
36.00100
36.00200
36.00600
36.00700
36.00700
36.00300
35.99900
35.99800
35.99600
35.99100
35.98900
35.98900
35.99400
35.99300
35.99300
35.99500
35.99300
35.99600
35.99600
35.99600
35.99700
35.99800
35.99200
35.98700
35.98500
35.98800
35.99000
35.98900
35.98800
35.99100
35.99600
35.99900
35.99800
36.00100
35.99900
36.00200
35.99900
35.99800
36.00200
35.99600
35.99200
35.99200
35.99400
35.99900
35.99500
35.99500
35.99700
35.99400
35.99500
35.99300
35.99700
35.99700
35.99400
35.99700
35.99700
35.99500
35.99700
36.00000
36.00400
36.00500
36.01000
36.00900
36.00600
36.00200
35.99900
36.00200
35.99400
35.98800
35.98100
35.98100
35.98000
35.97900
35.97900
35.98000
35.98200
35.97800
35.97600
35.97200
35.97400
35.97500
35.97600
35.97600
35.97700
35.97400
35.97000
35.97100
35.97200
35.97600
35.97500
35.97100
35.96800
35.96900
35.96700
35.96600
35.96500
35.96400
35.96400
35.95900
35.95800
35.95400
35.95200
35.95100
35.95300
35.94900
35.94400
35.94600
35.94300
35.94300
35.94600
35.94700
35.94700
35.94700
35.94500
35.94300
35.94300
35.94200
35.93800
35.93800
35.93600
35.93400
35.93000
35.92800
35.92800
35.92900
35.93000
35.93000
35.93200
35.93100
35.92900
35.92400
35.92400
35.91700
35.91400
35.91500
35.91600
35.91600
35.91500
35.91500
35.91600
35.91400
35.91500
35.91600
35.91800
35.91800
35.91800
35.92100
35.92400
35.91900
35.92100
35.92200
35.92300
35.92300
35.92700
35.92600
35.92300
35.92400
35.92600
35.92000
35.92700
35.93000
35.93000
35.93100
35.93000
35.92500
35.92700
35.92600
35.92200
35.92200
35.92300
35.92200
35.91900
35.91800
35.91400
35.90900
35.90900
35.90900
35.90700
35.90300
35.90600
35.90700
35.91100
35.91000
35.90900
35.91200
35.91200
35.91100
35.91300
35.91200
35.91000
35.90800
35.90200
35.90100
35.89700
35.89600
35.89300
35.89400
35.89300
35.89900
35.89900
35.89900
35.90100
35.90100
35.90400
35.90200
35.89100
35.89000
35.89200
35.89600
35.89700
35.89600
35.90000
35.90300
35.90200
35.90500
35.91000
35.91000
35.91100
35.91600
35.91400
35.91500
35.91200
35.91100
35.91100
35.90700
35.90400
35.90400
35.90700
35.90500
35.90200
35.90200
35.90600
35.90600
35.91100
35.90900
35.91000
35.90900
35.91200
35.90800
35.90700
35.90800
35.91100
35.91100
35.90900
35.90600
35.90800
35.90700
35.90900
35.91000
35.91000
35.90900
35.91000
35.91300
35.90700
35.91000
35.91000
35.91000
35.91600
35.91500
35.91600
35.91500
35.91400
35.91400
35.91000
35.91100
35.91000
35.90600
35.91000
35.90400
35.90600
35.90300
35.89700
35.89400
35.89300
35.88900
35.88700
35.88600
35.88300
35.88100
35.87500
35.87400
35.87500
35.87600
35.87300
35.87000
35.87100
35.86800
35.87100
35.87500
35.87200
35.87100
35.86800
35.86800
35.86900
35.87100
35.86600
35.86700
35.86700
35.87100
35.87200
35.87400
35.87200
35.86900
35.86600
35.86400
35.86500
35.86400
35.86300
35.85900
35.86000
35.85900
35.86300
35.86200
35.86400
35.86700
35.86400
35.85900
35.86000
35.85700
35.85700
35.85800
35.86100
35.86100
35.86400
35.86700
35.86800
35.87000
35.87300
35.87200
35.87200
35.87200
35.87300
35.87900
35.87900
35.87900
35.88300
35.88200
35.88300
35.88500
35.89000
35.89300
35.89300
35.89500
35.89500
35.89400
35.89500
35.89700
35.88500
35.88400
35.88800
35.89000
35.89200
35.89200
35.88800
35.89200
35.88500
35.88600
35.88800
35.88700
35.88400
35.88700
35.88700
35.88500
35.88800
35.88700
35.88700
35.88300
35.88200
35.88200
35.88400
35.88500
35.88700
35.88900
35.89000
35.89200
35.89000
35.88800
35.88900
35.88900
35.89400
35.89600
35.89400
35.89600
35.89200
35.89900
35.89900
35.89700
35.89800
35.89800
35.89700
35.89900
35.90000
35.89900
35.89500
35.89900
35.89700
35.89200
35.89400
35.89100
35.89000
35.89000
35.89500
35.89300
35.89800
35.89600
35.89800
35.89600
35.89300
35.89500
35.89300
35.89500
35.89000
35.89200
35.89600
35.89400
35.89300
35.89400
35.89600
35.89600
35.89700
35.89500
35.89600
35.89200
35.89000
35.89300
35.89400
35.89200
35.89300
35.89400
35.89400
35.89200
35.89300
35.89500
35.89500
35.89400
35.89400
35.89700
35.89700
35.89700
35.89500
35.89500
35.89400
35.89900
35.89600
35.88900
35.89200
35.89400
35.89500
35.89400
35.89600
35.89700
35.89300
35.89400
35.89600
35.89400
35.89400
35.89500
35.89300
35.89700
35.89800
35.89900
35.89800
35.89900
35.89700
35.89400
35.89800
35.89900
35.89800
35.89800
35.89600
35.90200
35.90100
35.90200
35.89600
35.89800
35.89600
35.89300
35.89400
35.89300
35.89100
35.89400
35.89400
35.89500
35.89500
35.89300
35.89300
35.89500
35.89500
35.89100
35.89300
35.89400
35.89200
35.88900
35.88700
35.88600
35.88800
35.89000
35.88900
35.89000
35.89300
35.89400
35.89500
35.90000
35.89700
35.90000
35.90300
35.90600
35.90500
35.90900
35.90800
35.90700
35.90600
35.90800
35.91000
35.91000
35.91000
35.91200
35.91400
35.90700
35.90500
35.90300
35.91000
35.90800
35.90900
35.91000
35.90500
35.90300
35.90300
35.90200
35.90400
35.90400
35.90100
35.90200
35.90100
35.90100
35.90200
35.90200
35.90100
35.90100
35.89800
35.90000
35.90000
35.90100
35.90000
35.90200
35.90100
35.90000
35.90100
35.90500
35.90600
35.90500
35.90300
35.90400
35.90000
35.90000
35.90000
35.89900
35.89800
35.89800
35.90000
35.90300
35.90600
35.91100
35.91600
35.91700
35.91800
35.91700
35.91200
35.91200
35.91500
35.91500
35.91500
35.91600
35.91400
35.91700
35.91800
35.91800
35.91800
35.91800
35.91900
35.92200
35.92500
35.92800
35.92400
35.92100
35.91800
35.92100
35.92400
35.92400
35.92300
35.92200
35.92000
35.92100
35.91800
35.92200
35.92100
35.92000
35.91600
35.91400
35.91400
35.91100
35.90800
35.91100
35.90900
35.90700
35.91200
35.91300
35.91600
35.91400
35.91600
35.91700
35.91900
35.91900
35.91400
35.91400
35.91400
35.91600
35.91900
35.91800
35.91600
35.91700
35.92000
35.92100
35.92200
35.92100
35.92200
35.91600
35.91800
35.92200
35.91900
35.91500
35.91800
35.91700
35.91500
35.91700
35.91600
35.91800
35.91800
35.92000
35.91800
35.92100
35.92200
35.92100
35.92400
35.92400
35.92300
35.92700
35.92600
35.92700
35.92600
35.92400
35.92700
35.92500
35.92400
35.92400
35.92300
35.92300
35.92000
35.91700
35.91800
35.91600
35.91700
35.91600
35.91400
35.92000
35.92400
35.92200
35.92200
35.92000
35.92100
35.91700
35.91700
35.91800
35.92200
35.92500
35.92700
35.92300
35.92800
35.92900
35.93000
35.93100
35.93700
35.93700
35.94100
35.93900
35.93700
35.93700
35.94300
35.93600
35.93700
35.93600
35.93800
35.93700
35.93600
35.93800
35.93900
35.94000
35.94300
35.94500
35.94500
35.94600
35.94900
35.95000
35.95500
35.96000
35.95800
35.95900
35.96000
35.96000
35.96000
35.96000
35.95900
35.95700
35.96100
35.96200
35.96100
35.96200
35.96000
35.96400
35.96400
35.96000
35.95800
35.95900
35.96300
35.96900
35.97000
35.96900
35.96800
35.96900
35.97000
35.96500
35.96700
35.96600
35.96100
35.96300
35.96000
35.96100
35.96500
35.96700
35.96600
35.96600
35.96400
35.96400
35.96600
35.96700
35.96600
35.96600
35.96600
35.96700
35.96800
35.96700
35.96400
35.96500
35.96400
35.96300
35.96600
35.96400
35.96800
35.97100
35.97000
35.97100
35.97300
35.96900
35.96800
35.96700
35.96900
35.96900
35.96900
35.96900
35.97000
35.97200
35.97200
35.97200
35.97200
35.97100
35.97300
35.97400
35.97100
35.97100
35.97400
35.97400
35.97400
35.98000
35.98000
35.98300
35.98400
35.98400
35.98500
35.98700
35.98600
35.98700
35.98900
35.99400
35.98900
35.99000
35.99000
35.99000
35.99400
35.99600
35.99500
35.99500
35.99700
35.99700
35.99700
35.99600
35.99100
35.99100
35.99000
35.99100
35.99200
35.99400
35.99300
35.99500
35.99700
35.99600
35.99400
35.99800
35.99800
35.99900
36.00000
36.00000
36.00300
36.00300
36.00300
36.00300
36.00400
36.00400
36.00100
36.00500
36.00700
36.00600
36.00300
36.00600
36.00800
36.00700
36.00500
36.00900
36.00900
36.01000
36.01200
36.01100
36.01300
36.01400
36.01300
36.01100
36.00900
36.00900
36.00900
36.01300
36.01400
36.01200
36.01200
36.01200
36.01500
36.01700
36.01700
36.01400
36.01300
36.01400
36.01200
36.00700
36.00900
36.01100
36.01000
36.00900
36.00900
36.00800
36.00900
36.00400
36.00400
36.00500
36.00300
36.00400
36.00700
36.00900
36.01200
36.01300
36.01500
36.01600
36.01900
36.02000
36.01800
36.01700
36.01500
36.01300
36.01700
36.02100
36.02000
36.02100
36.02300
36.02400
36.02100
36.02400
36.02600
36.02600
36.02400
36.02300
36.02600
36.02500
36.03000
36.03200
36.03300
36.03200
36.03200
36.03400
36.03100
36.03200
36.03300
36.03500
36.03600
36.03700
36.03600
36.03400
36.03600
36.03600
36.03300
36.03400
36.03300
36.03600
36.03700
36.03800
36.03900
36.04100
36.04000
36.03800
36.04000
36.03600
36.04100
36.04200
36.04100
36.04200
36.04100
36.04100
36.04000
36.03900
36.03900
36.04200
36.04200
36.03800
36.03700
36.04000
36.03700
36.04000
36.04400
36.04200
36.03800
36.04100
36.03900
36.04000
36.04200
36.04200
36.04200
36.04000
36.03700
36.03700
36.03800
36.03900
36.03700
36.03900
36.04000
36.04100
36.04200
36.04000
36.04300
36.04400
36.04300
36.05000
36.05200
36.04800
36.04900
36.04600
36.04400
36.04500
36.04500
36.04400
36.04900
36.05100
36.05300
36.05500
36.05600
36.05500
36.05700
36.06000
36.06300
36.06400
36.06500
36.06900
36.06800
36.07400
36.07700
36.07400
36.07300
36.07800
36.07800
36.07700
36.07700
36.07700
36.07800
36.08000
36.08000
36.08000
36.08100
36.08000
36.07900
36.07800
36.07400
36.07500
36.07600
36.07500
36.07700
36.07400
36.07500
36.07500
36.07200
36.07800
36.07800
36.07900
36.07800
36.08100
36.08400
36.08500
36.08900
36.08900
36.09000
36.09200
36.08900
36.08700
36.08900
36.09100
36.09000
36.09200
36.09200
36.09200
36.09200
36.09400
36.09300
36.09600
36.09500
36.09200
36.09300
36.09500
36.09100
36.09500
36.09200
36.09400
36.09300
36.09300
36.09600
36.09400
36.09500
36.09400
36.09100
36.09000
36.09200
36.09600
36.09400
36.09400
36.09500
36.09600
36.09400
36.09100
36.09200
36.08900
36.08900
36.09200
36.09300
36.09400
36.09500
36.09500
36.09400
36.09200
36.09200
36.09000
36.09200
36.09400
36.10000
36.10300
36.10000
36.10000
36.09700
36.09900
36.09900
36.09700
36.09400
36.09500
36.09300
36.09400
36.09100
36.09100
36.08900
36.08900
36.09000
36.08800
36.08900
36.08800
36.08600
36.08500
36.08500
36.08500
36.08600
36.08500
36.08600
36.08500
36.08300
36.08200
36.08300
36.08400
36.08400
36.08300
36.08900
36.09000
36.08700
36.08800
36.08800
36.08700
36.08600
36.08800
36.08600
36.08700
36.08500
36.08300
36.08300
36.08100
36.08200
36.08200
36.08500
36.08400
36.08100
36.08300
36.08300
36.08200
36.08100
36.08100
36.08100
36.08000
36.08100
36.08000
36.07900
36.07900
36.08100
36.08000
36.08200
36.08400
36.08500
36.08600
36.08800
36.09000
36.09100
36.09400
36.09200
36.09300
36.09400
36.09100
36.09100
36.08800
36.08800
36.08700
36.08700
36.08600
36.08500
36.08600
36.08700
36.08700
36.08700
36.08900
36.09100
36.08900
36.08800
36.08800
36.09300
36.09400
36.09300
36.09300
36.09500
36.10100
36.10000
36.09900
36.10200
36.10000
36.09800
36.09800
36.09800
36.09700
36.09800
36.10100
36.10000
36.10200
36.10000
36.09600
36.09400
36.09500
36.09900
36.09900
36.10000
36.10300
36.10400
36.10300
36.10400
36.10000
36.10000
36.10000
36.10000
36.10300
36.10900
36.10900
36.11000
36.10900
36.10800
36.10700
36.10900
36.10700
36.10800
36.10800
36.10600
36.10800
36.11100
36.10800
36.10800
36.10800
36.10900
36.11000
36.11000
36.10800
36.11100
36.11200
36.11000
36.11200
36.10900
36.11000
36.11100
36.11200
36.10900
36.10800
36.10700
36.10400
36.10300
36.10600
36.10600
36.10600
36.10700
36.10900
36.11000
36.11600
36.11600
36.11500
36.11600
36.11800
36.12300
36.12400
36.12200
36.12300
36.12300
36.12600
36.12600
36.12500
36.12400
36.12000
36.11700
36.11700
36.11900
36.11900
36.11700
36.12500
36.12600
36.12800
36.12800
36.12900
36.12800
36.12900
36.13400
36.13800
36.13400
36.13400
36.13400
36.13900
36.13800
36.13900
36.13900
36.13800
36.14100
36.14200
36.13900
36.13900
36.14200
36.14200
36.14200
36.14400
36.14600
36.14700
36.15000
36.14800
36.14600
36.15100
36.15000
36.14700
36.14700
36.14900
36.15000
36.15300
36.15400
36.15200
36.15300
36.15400
36.15600
36.15300
36.15200
36.15100
36.15400
36.15500
36.15500
36.15500
36.15600
36.15900
36.16200
36.15900
36.15900
36.15800
36.15500
36.15400
36.15600
36.15900
36.15700
36.15300
36.15300
36.15600
36.15400
36.15500
36.15400
36.15600
36.15400
36.15100
36.15500
36.15300
36.15500
36.15500
36.15600
36.15500
36.15700
36.15600
36.15500
36.15500
36.15600
36.15600
36.15600
36.15600
36.15700
36.15800
36.16000
36.15800
36.15600
36.15900
36.15900
36.15900
36.15900
36.16000
36.16200
36.16400
36.16400
36.16400
36.16500
36.16500
36.16700
36.16500
36.16400
36.16400
36.16400
36.16600
36.16600
36.16800
36.16600
36.16700
36.16600
36.16600
36.16800
36.16400
36.16500
36.16600
36.16800
36.17000
36.16900
36.17100
36.17200
36.17200
36.17100
36.17200
36.17100
36.17500
36.17300
36.17400
36.17500
36.17600
36.17700
36.17800
36.17800
36.17600
36.17800
36.17700
36.17800
36.18000
36.18200
36.18300
36.18300
36.18200
36.18400
36.18300
36.18200
36.18300
36.18300
36.18400
36.18500
36.18400
36.18300
36.18300
36.18200
36.18400
36.18500
36.18400
36.18500
36.18400
36.18900
36.19000
36.19000
36.18700
36.19000
36.19200
36.19300
36.19300
36.19400
36.19200
36.19300
36.19000
36.18900
36.19000
36.19100
36.19600
36.19300
36.19300
36.19600
36.19600
36.19800
36.19800
36.20000
36.20200
36.20200
36.20200
36.20200
36.20000
36.20500
36.20600
36.20900
36.20600
36.20300
36.20500
36.20400
36.20300
36.20600
36.20800
36.20700
36.20400
36.20700
36.20400
36.20500
36.20400
36.20600
36.20700
36.20500
36.20900
36.20800
36.21000
36.21000
36.20800
36.20900
36.21100
36.21300
36.21600
36.21200
36.21300
36.21200
36.21200
36.21500
36.21600
36.22000
36.22100
36.22100
36.21900
36.22000
36.22000
36.22000
36.22100
36.21900
36.22000
36.22300
36.22300
36.22600
36.22600
36.22500
36.22500
36.22700
36.22800
36.22900
36.22500
36.22900
36.22800
36.22700
36.22700
36.22600
36.22600
36.22600
36.22800
36.23100
36.23100
36.23200
36.23100
36.23400
36.23200
36.23300
36.23500
36.23200
36.23200
36.23300
36.23600
36.23800
36.23900
36.23900
36.24100
36.24200
36.24300
36.24200
36.24100
36.24300
36.24400
36.24400
36.24400
36.24100
36.24300
36.24600
36.24500
36.24500
36.24500
36.24300
36.23900
36.23900
36.23800
36.23800
36.24000
36.24100
36.23700
36.23700
36.23800
36.24400
36.24400
36.24500
36.24700
36.24700
36.24500
36.24200
36.24300
36.24400
36.24600
36.24600
36.24500
36.24400
36.24500
36.24700
36.24900
36.24800
36.24800
36.25100
36.25100
36.25100
36.25300
36.25500
36.25700
36.25600
36.25800
36.25600
36.25400
36.25300
36.25100
36.25100
36.25000
36.25100
36.25000
36.25100
36.24900
36.25000
36.24900
36.25100
36.25300
36.25200
36.25100
36.25100
36.25200
36.25300
36.25400
36.25400
36.25200
36.24900
36.25200
36.25600
36.25700
36.25500
36.25500
36.25700
36.25600
36.25700
36.26000
36.26000
36.26100
36.26000
36.26100
36.26200
36.26400
36.26600
36.27000
36.27200
36.27400
36.27500
36.27600
36.27600
36.27500
36.27500
36.27400
36.27700
36.27700
36.28100
36.27900
36.27700
36.27700
36.27600
36.27500
36.27500
36.27700
36.27500
36.27800
36.27800
36.27900
36.27900
36.27700
36.27800
36.28000
36.28100
36.28200
36.28200
36.28300
36.28300
36.28300
36.28500
36.28800
36.28500
36.28400
36.28400
36.28400
36.28100
36.28200
36.28300
36.28300
36.28000
36.28100
36.28200
36.28100
36.28200
36.28200
36.28600
36.28400
36.28500
36.28500
36.28500
36.28400
36.28300
36.28400
36.28300
36.27800
36.27500
36.27800
36.27700
36.27600
36.27700
36.27800
36.27600
36.27600
36.27800
36.27800
36.27700
36.27800
36.28100
36.28000
36.28100
36.28100
36.28100
36.28300
36.28300
36.28000
36.28000
36.28100
36.28100
36.28200
36.28100
36.27800
36.27900
36.28200
36.28200
36.28400
36.28200
36.28400
36.28400
36.28500
36.28100
36.28000
36.27900
36.27900
36.28200
36.28000
36.28300
36.28400
36.28300
36.28500
36.28300
36.28300
36.28400
36.28300
36.28300
36.28200
36.28300
36.28600
36.28400
36.28400
36.28700
36.28800
36.28700
36.28600
36.28600
36.28600
36.28600
36.28500
36.28400
36.28500
36.28600
36.28700
36.28800
36.28900
36.29200
36.29100
36.29000
36.28800
36.28900
36.29000
36.29200
36.29300
36.29500
36.29400
36.29400
36.29600
36.29500
36.29400
36.29300
36.29400
36.29200
36.29200
36.29200
36.29300
36.29400
36.29400
36.29400
36.29100
36.29200
36.29300
36.29200
36.29300
36.29200
36.29300
36.29700
36.29600
36.29800
36.29500
36.29400
36.29500
36.29700
36.29600
36.29600
36.29600
36.29700
36.29700
36.30000
36.29900
36.29900
36.29800
36.29800
36.30000
36.30000
36.30200
36.30900
36.30700
36.30700
36.30900
36.30800
36.30600
36.30600
36.30700
36.31000
36.31100
36.31200
36.31300
36.31300
36.31200
36.31800
36.32100
36.32000
36.32200
36.32000
36.32000
36.31900
36.31700
36.31800
36.32000
36.32200
36.32600
36.32600
36.32800
36.32700
36.32600
36.32500
36.32300
36.32400
36.32300
36.32600
36.32600
36.32800
36.32800
36.32900
36.32900
36.32800
36.33100
36.33100
36.33100
36.33000
36.33100
36.33300
36.33400
36.33400
36.33400
36.33400
36.33200
36.33300
36.33300
36.33300
36.33300
36.33200
36.33200
36.33100
36.33400
36.33500
36.33400
36.33500
36.33400
36.33600
36.33600
36.33600
36.33900
36.33900
36.33800
36.33900
36.34100
36.34200
36.34400
36.34200
36.34300
36.34200
36.34500
36.34500
36.35100
36.35200
36.35200
36.35300
36.35000
36.34900
36.35000
36.34900
36.34500
36.34400
36.34500
36.34500
36.34600
36.34600
36.34600
36.34800
36.35200
36.34900
36.34800
36.34500
36.34600
36.34700
36.34600
36.34300
36.33900
36.34000
36.34400
36.34300
36.34400
36.34500
36.34700
36.34700
36.34900
36.34800
36.35000
36.34900
36.34900
36.35100
36.35100
36.35300
36.35000
36.35000
36.34800
36.35000
36.34900
36.35000
36.35100
36.35300
36.35600
36.35400
36.35200
36.35200
36.35200
36.35200
36.35200
36.35200
36.35300
36.35500
36.35500
36.35800
36.35700
36.35600
36.35500
36.35800
36.35800
36.35800
36.35700
36.35800
36.36200
36.36000
36.36100
36.35900
36.36000
36.36300
36.36600
36.36300
36.36100
36.35800
36.35800
36.35800
36.35900
36.35700
36.35700
36.36000
36.35900
36.35900
36.36000
36.36000
36.36300
36.36200
36.36100
36.36300
36.36300
36.36700
36.36800
36.37000
36.37000
36.36900
36.36600
36.36800
36.36700
36.36800
36.36900
36.37100
36.37100
36.37200
36.37300
36.37200
36.37000
36.37100
36.36700
36.36900
36.36900
36.37000
36.37000
36.37000
36.37200
36.37400
36.37300
36.37200
36.37200
36.37200
36.37100
36.37100
36.37100
36.37100
36.37200
36.37100
36.37000
36.36900
36.36800
36.36600
36.36500
36.36500
36.36400
36.36200
36.36200
36.36400
36.36200
36.36200
36.36100
36.36300
36.36400
36.36400
36.36100
36.36300
36.36300
36.36000
36.35800
36.35900
36.35900
36.35700
36.35800
36.35700
36.35700
36.35900
36.35800
36.35700
36.36000
36.36000
36.35800
36.36000
36.36100
36.36100
36.36000
36.35900
36.36000
36.35900
36.36100
36.36200
36.36100
36.36100
36.36100
36.36300
36.36100
36.36000
36.36100
36.36100
36.36200
36.36400
36.36200
36.36200
36.36100
36.36200
36.36200
36.36300
36.36300
36.36100
36.36000
36.36200
36.36400
36.36400
36.36400
36.36500
36.36700
36.36600
36.36800
36.36800
36.36700
36.36800
36.36700
36.36600
36.36700
36.36700
36.36400
36.36400
36.36400
36.36500
36.36700
36.36800
36.36700
36.36700
36.36800
36.36900
36.36900
36.36900
36.37000
36.37400
36.37400
36.37500
36.37300
36.37300
36.37500
36.37600
36.37600
36.37700
36.37600
36.37600
36.37700
36.37600
36.37400
36.37300
36.37400
36.37700
36.37700
36.37900
36.38000
36.38000
36.38100
36.38000
36.37900
36.37800
36.37800
36.37900
36.38000
36.38200
36.38300
36.38800
36.38900
36.38900
36.39000
36.39000
36.39200
36.39600
36.39600
36.39400
36.39200
36.39000
36.38900
36.38900
36.38800
36.38900
36.39300
36.39500
36.39500
36.39600
36.39700
36.39900
36.40000
36.40400
36.40700
36.41000
36.40900
36.40800
36.40800
36.40700
36.40800
36.40900
36.40800
36.41000
36.41100
36.40700
36.41000
36.41000
36.41300
36.41500
36.41500
36.41500
36.41900
36.41900
36.42000
36.42300
36.42500
36.42400
36.42400
36.42200
36.42300
36.42400
36.42700
36.42800
36.42700
36.43000
36.43100
36.43100
36.43000
36.43200
36.43100
36.43200
36.43500
36.43300
36.43100
36.43200
36.43200
36.42900
36.42900
36.42900
36.43000
36.43000
36.43300
36.43200
36.43500
36.43500
36.43500
36.43500
36.43600
36.43600
36.43600
36.43700
36.43800
36.43900
36.44000
36.43900
36.44200
36.44400
36.44400
36.44300
36.44600
36.44700
36.44800
36.44900
36.44800
36.44900
36.45100
36.45100
36.45100
36.45500
36.45400
36.45300
36.45000
36.44900
36.44900
36.45300
36.45500
36.45300
36.44900
36.45200
36.45200
36.45400
36.45600
36.45300
36.45500
36.45500
36.45400
36.45500
36.45500
36.45500
36.45400
36.45700
36.45800
36.45700
36.45500
36.45400
36.45500
36.45500
36.45600
36.45700
36.45600
36.45600
36.45300
36.45300
36.45300
36.45100
36.45200
36.45300
36.45500
36.45900
36.46000
36.46100
36.46200
36.46300
36.46300
36.46300
36.46300
36.46200
36.46200
36.46400
36.46400
36.46300
36.46400
36.46400
36.46500
36.46600
36.46700
36.46500
36.46600
36.46700
36.46600
36.46600
36.46500
36.46700
36.46700
36.46800
36.47000
36.47000
36.47200
36.47100
36.46800
36.47100
36.47000
36.47000
36.46900
36.46900
36.46900
36.47000
36.47100
36.47200
36.47000
36.47000
36.46900
36.46900
36.46900
36.46800
36.46900
36.47300
36.47300
36.47100
36.47000
36.47100
36.46900
36.47300
36.47300
36.47300
36.47200
36.47100
36.47100
36.47200
36.47200
36.47100
36.47200
36.47300
36.46900
36.47000
36.47000
36.46900
36.47000
36.47000
36.47200
36.47200
36.47400
36.47300
36.47400
36.47400
36.47500
36.47600
36.47600
36.47500
36.47800
36.47900
36.47500
36.47600
36.47600
36.47600
36.47900
36.47800
36.47800
36.47600
36.47500
36.47500
36.47500
36.47700
36.47600
36.47600
36.47700
36.47500
36.47600
36.47900
36.47700
36.47700
36.47800
36.47500
36.47600
36.47700
36.47800
36.47900
36.47700
36.48000
36.48000
36.47900
36.47700
36.47800
36.47900
36.47900
36.48200
36.48200
36.48300
36.48300
36.48400
36.48400
36.48500
36.48300
36.48300
36.48400
36.48600
36.48300
36.48600
36.48700
36.48600
36.48700
36.48400
36.48300
36.48600
36.48600
36.48400
36.48600
36.48500
36.48400
36.48300
36.48400
36.48400
36.48200
36.48300
36.48400
36.48700
36.48600
36.48500
36.48600
36.48600
36.48600
36.48200
36.47800
36.47800
36.48100
36.48100
36.47800
36.47800
36.47800
36.47900
36.47700
36.47700
36.47700
36.47900
36.47800
36.47700
36.47600
36.47900
36.47900
36.47900
36.47800
36.47700
36.47800
36.47800
36.47800
36.47900
36.47900
36.47700
36.47600
36.47600
36.47700
36.47500
36.47500
36.47800
36.47500
36.47500
36.47400
36.47600
36.47400
36.47100
36.46900
36.47100
36.47400
36.47600
36.47700
36.47600
36.47800
36.47600
36.47600
36.47800
36.47900
36.47800
36.47700
36.48000
36.48000
36.47900
36.47700
36.47800
36.47400
36.47500
36.47600
36.47600
36.47700
36.47800
36.47800
36.47700
36.47600
36.47700
36.47900
36.48000
36.48300
36.48300
36.47900
36.47700
36.47700
36.47400
36.47400
36.47300
36.47000
36.47100
36.47100
36.47300
36.47400
36.47500
36.47700
36.47700
36.47400
36.47600
36.47200
36.47100
36.47200
36.47300
36.47200
36.47300
36.47400
36.47100
36.47000
36.47000
36.46800
36.46400
36.46300
36.46200
36.46100
36.46100
36.46400
36.46200
36.46100
36.46000
36.46200
36.46000
36.45900
36.46000
36.45700
36.45800
36.45800
36.45800
36.46100
36.46100
36.46000
36.46200
36.46100
36.46000
36.46500
36.46600
36.46700
36.46700
36.46700
36.46400
36.46800
36.46700
36.46900
36.46600
36.46500
36.46300
36.46100
36.45900
36.45900
36.46000
36.45700
36.46100
36.45800
36.45700
36.45800
36.45600
36.45500
36.45700
36.45700
36.45800
36.45900
36.46000
36.46000
36.45900
36.45900
36.46000
36.45800
36.45700
36.45800
36.45800
36.45500
36.45500
36.45200
36.45300
36.45100
36.45100
36.45400
36.45600
36.45700
36.45800
36.45900
36.45700
36.46000
36.46300
36.46200
36.46200
36.46400
36.46200
36.46200
36.46300
36.46200
36.46200
36.46300
36.46300
36.46300
36.46100
36.46300
36.46100
36.46100
36.46100
36.46100
36.46300
36.46200
36.46300
36.46100
36.46000
36.46400
36.46300
36.46500
36.46200
36.46400
36.46100
36.46100
36.46000
36.46100
36.46100
36.46200
36.46100
36.46100
36.46000
36.45700
36.46000
36.46100
36.46100
36.46100
36.46200
36.46100
36.46000
36.46100
36.46300
36.46300
36.46700
36.46700
36.46600
36.46700
36.46700
36.46700
36.46600
36.46700
36.47000
36.47000
36.47000
36.47000
36.47000
36.46900
36.46800
36.46800
36.46800
36.46900
36.47000
36.47000
36.47100
36.47100
36.47100
36.47200
36.47300
36.47400
36.47300
36.47500
36.47700
36.47700
36.47700
36.47900
36.47800
36.47700
36.47800
36.47700
36.47900
36.48100
36.47900
36.48100
36.48000
36.48100
36.48200
36.48700
36.48700
36.49000
36.49000
36.49300
36.49400
36.49400
36.49300
36.49400
36.49500
36.49400
36.49400
36.49600
36.49500
36.49500
36.49500
36.49700
36.49500
36.49600
36.49600
36.49200
36.49400
36.49300
36.49200
36.49100
36.49000
36.49600
36.49400
36.49300
36.49400
36.49600
36.49800
36.49700
36.50000
36.49900
36.50100
36.50200
36.50300
36.50100
36.50400
36.50300
36.50300
36.50400
36.50400
36.50400
36.50300
36.50400
36.50300
36.50400
36.50400
36.50400
36.50400
36.50200
36.50300
36.49700
36.49800
36.49900
36.50200
36.50300
36.50200
36.49900
36.49900
36.49900
36.49800
36.49700
36.49900
36.49900
36.49900
36.49900
36.49700
36.49900
36.50100
36.50000
36.50000
36.50100
36.50000
36.50100
36.50200
36.50200
36.50300
36.50200
36.50400
36.50400
36.50400
36.50300
36.50300
36.50400
36.50200
36.50200
36.50200
36.50000
36.50000
36.50100
36.50100
36.50000
36.50000
36.50000
36.50100
36.49900
36.49900
36.49900
36.50000
36.50000
36.50100
36.50300
36.50500
36.50400
36.50200
36.50100
36.50100
36.50100
36.50200
36.50300
36.50300
36.50300
36.50300
36.50100
36.49900
36.49800
36.49900
36.49800
36.49700
36.49500
36.49400
36.49500
36.49400
36.49400
36.49400
36.49500
36.49500
36.49500
36.49500
36.49500
36.49600
36.49700
36.50000
36.49800
36.50000
36.50100
36.49900
36.49800
36.49600
36.49400
36.49500
36.49400
36.49400
36.49500
36.49600
36.49800
36.49700
36.50000
36.49900
36.49800
36.49800
36.50000
36.50200
36.50100
36.50200
36.50100
36.50000
36.50100
36.50000
36.50200
36.50100
36.50100
36.50200
36.50000
36.50100
36.50100
36.50000
36.50200
36.50400
36.50400
36.50200
36.50300
36.50300
36.50300
36.50200
36.50200
36.50100
36.50200
36.50200
36.50000
36.50200
36.50300
36.50400
36.50400
36.50400
36.50300
36.50300
36.50200
36.50500
36.50200
36.50100
36.50100
36.50100
36.50100
36.50000
36.49900
36.50000
36.50000
36.49900
36.50200
36.50100
36.50200
36.50200
36.50500
36.50700
36.50700
36.50700
36.50800
36.50400
36.50500
36.50600
36.50600
36.50700
36.50700
36.51000
36.51100
36.51100
36.51000
36.51000
36.51100
36.51000
36.51000
36.51000
36.50700
36.50800
36.50900
36.51000
36.51100
36.51000
36.51000
36.51200
36.51300
36.51300
36.51100
36.51000
36.51000
36.50800
36.50800
36.50800
36.50700
36.50700
36.50700
36.50800
36.50800
36.50800
36.50800
36.50900
36.51100
36.51100
36.51300
36.51100
36.51200
36.51200
36.51100
36.51200
36.51100
36.51400
36.51600
36.51600
36.51500
36.51400
36.51600
36.51600
36.51700
36.51500
36.51800
36.51700
36.51700
36.51600
36.51600
36.51500
36.51600
36.51600
36.51600
36.51600
36.51600
36.51600
36.51700
36.51600
36.51200
36.51300
36.51500
36.51500
36.51600
36.51500
36.51400
36.51300
36.51500
36.51400
36.51600
36.51500
36.51600
36.51700
36.51700
36.51600
36.51500
36.51500
36.51400
36.51300
36.51400
36.51300
36.51500
36.51500
36.51600
36.51700
36.52000
36.52000
36.52100
36.52200
36.52300
36.52400
36.52300
36.52200
36.52200
36.52000
36.51800
36.51900
36.51900
36.52000
36.52400
36.52400
36.52300
36.52400
36.52600
36.52800
36.52700
36.52600
36.52300
36.52600
36.52800
36.53000
36.53000
36.53000
36.52800
36.52700
36.52600
36.52500
36.52700
36.53000
36.53000
36.53100
36.53200
36.53100
36.53400
36.53600
36.53600
36.53500
36.53500
36.53600
36.53700
36.53700
36.53600
36.53600
36.53700
36.53600
36.53700
36.53600
36.53700
36.53600
36.53600
36.53600
36.53800
36.53900
36.53900
36.54100
36.53900
36.53800
36.53600
36.53400
36.53300
36.53300
36.53300
36.53200
36.53200
36.53200
36.53100
36.53000
36.53000
36.53100
36.53100
36.53100
36.53000
36.53100
36.53200
36.53100
36.52900
36.52900
36.52800
36.53000
36.53000
36.53200
36.53200
36.52900
36.53000
36.53200
36.53100
36.53100
36.53200
36.53200
36.53200
36.53200
36.53200
36.53000
36.53000
36.52800
36.52800
36.52900
36.53100
36.53000
36.53100
36.53100
36.53000
36.53100
36.52900
36.52600
36.52500
36.52500
36.52500
36.52400
36.52400
36.52300
36.52400
36.52400
36.52500
36.52400
36.52600
36.52600
36.52600
36.52600
36.52700
36.52500
36.52500
36.52500
36.52500
36.52500
36.52700
36.52600
36.52700
36.52600
36.52400
36.52300
36.52300
36.52000
36.51800
36.51700
36.51900
36.51900
36.51700
36.51600
36.51400
36.51400
36.51400
36.51300
36.51400
36.51600
36.51400
36.51500
36.51300
36.51200
36.51200
36.51100
36.51100
36.51200
36.51300
36.51200
36.51000
36.50900
36.51000
36.50900
36.50600
36.50900
36.51000
36.51100
36.51000
36.51100
36.50800
36.50800
36.50800
36.50700
36.50600
36.50700
36.50700
36.50800
36.50700
36.50500
36.50600
36.50400
36.50400
36.50600
36.50600
36.50400
36.50300
36.50400
36.50000
36.50100
36.50100
36.50200
36.50100
36.50200
36.50100
36.50200
36.50300
36.50400
36.50200
36.50300
36.50300
36.50500
36.50500
36.50500
36.50500
36.50400
36.50600
36.50500
36.50600
36.50700
36.50600
36.50500
36.50500
36.50500
36.50500
36.50400
36.50400
36.50600
36.50500
36.50500
36.50500
36.50500
36.50600
36.50600
36.50600
36.50500
36.50400
36.50500
36.50500
36.50800
36.50700
36.50600
36.50600
36.50600
36.50800
36.50700
36.50600
36.50600
36.50600
36.50500
36.50600
36.50500
36.50600
36.50600
36.50600
36.50600
36.50600
36.50600
36.50800
36.50800
36.50800
36.50500
36.50500
36.50600
36.50500
36.50600
36.50700
36.50800
36.50900
36.51000
36.51000
36.50700
36.51000
36.51100
36.50900
36.50800
36.50800
36.50900
36.50900
36.51100
36.51200
36.51300
36.51300
36.51400
36.51200
36.51200
36.51200
36.51400
36.51200
36.51100
36.51100
36.51000
36.50900
36.51000
36.51000
36.51000
36.51000
36.51000
36.51000
36.51000
36.51100
36.51500
36.51400
36.51400
36.51300
36.51200
36.51300
36.51200
36.51300
36.51200
36.51400
36.51400
36.51300
36.51400
36.51100
36.51000
36.51100
36.51100
36.51100
36.51100
36.51300
36.51300
36.51500
36.51700
36.51800
36.51900
36.51800
36.52100
36.51900
36.52000
36.52100
36.52000
36.52100
36.52200
36.52200
36.52100
36.52000
36.52200
36.52400
36.52400
36.52300
36.52600
36.52600
36.52600
36.52600
36.52700
36.52600
36.52500
36.52500
36.52600
36.52500
36.52500
36.52300
36.52500
36.52500
36.52500
36.52600
36.52400
36.52400
36.52500
36.52500
36.52500
36.52600
36.52900
36.53000
36.52900
36.53000
36.52900
36.53000
36.53000
36.53100
36.53300
36.53300
36.53400
36.53200
36.53000
36.53000
36.53100
36.53000
36.52200
36.52100
36.52000
36.51800
36.52000
36.51800
36.51900
36.51900
36.51700
36.51400
36.51600
36.51500
36.51300
36.51400
36.51500
36.51500
36.51400
36.51400
36.51500
36.51400
36.51700
36.51800
36.51800
36.51500
36.51400
36.51500
36.51500
36.51500
36.51200
36.51200
36.51000
36.50700
36.50600
36.50500
36.50300
36.50200
36.50200
36.50300
36.50400
36.50400
36.50300
36.50300
36.50300
36.50300
36.50200
36.50100
36.50300
36.50300
36.50400
36.50500
36.50600
36.50400
36.50500
36.50400
36.50400
36.50500
36.50500
36.50700
36.50800
36.50800
36.50800
36.50800
36.50600
36.50600
36.50500
36.50500
36.50600
36.50600
36.50300
36.50400
36.50300
36.50100
36.50100
36.50200
36.50000
36.50100
36.50000
36.49900
36.49800
36.50000
36.50300
36.50300
36.50500
36.50500
36.50400
36.50300
36.50100
36.50200
36.50300
36.50500
36.50400
36.50500
36.50400
36.50400
36.50300
36.50200
36.50200
36.50200
36.50500
36.50400
36.50500
36.50200
36.50100
36.50100
36.50200
36.49900
36.50000
36.50000
36.50200
36.50200
36.50200
36.50200
36.50200
36.50200
36.50300
36.50200
36.50200
36.50400
36.50300
36.50000
36.50000
36.49900
36.49900
36.49800
36.49900
36.49800
36.49800
36.49900
36.49800
36.50000
36.50100
36.50100
36.50100
36.50200
36.50300
36.50200
36.50400
36.50600
36.50600
36.50700
36.50900
36.51000
36.51100
36.51200
36.51200
36.51200
36.51200
36.51300
36.51400
36.47111
36.47111
36.41625
36.41625
36.44500
36.44667
36.39200
36.39400
36.33500
36.78000
