0.00000
0.00000
0.00000
0.00000
0.00000
0.00000
0.00000
0.00000
0.00000
0.00000
0.00000
0.00000
0.00000
0.00000
0.00000
0.00000
1.60000
4.90000
4.90000
4.90000
6.70000
6.70000
6.70000
12.10000
12.20000
12.20000
14.53300
14.60000
16.40000
16.60800
16.60800
18.35800
18.55800
19.07500
18.90800
19.49100
19.49100
20.06700
19.85000
20.40000
20.92700
21.23400
22.60900
22.84900
23.30700
23.39600
23.61200
24.70100
25.39400
25.65600
25.92500
27.23300
27.84600
27.88500
28.06000
28.23200
28.72000
28.95700
29.16200
29.41400
29.70000
30.59600
30.91100
30.92700
31.25700
31.23400
31.84000
32.16400
32.79300
32.72500
33.11100
33.39600
33.53800
33.72800
33.82700
33.89800
33.88500
33.86200
34.04300
34.00200
34.21900
34.07800
34.10400
34.02600
34.04700
34.15000
34.02900
34.13900
34.23000
34.48400
34.57400
34.65800
34.60800
34.59700
34.77900
34.97400
34.87400
34.85500
35.00400
35.10600
35.10600
35.04000
35.19200
35.23200
35.19800
35.25200
35.33800
35.41500
35.52100
35.63300
35.57900
35.55000
35.67000
35.62700
35.56900
35.58400
35.57400
35.78000
35.75000
35.80200
35.77600
35.86700
35.91000
35.99100
36.04800
35.90900
35.92500
36.04600
36.09400
36.10400
35.94100
35.84800
35.88900
35.89000
35.88500
35.94800
35.94500
35.97700
36.04200
36.11500
36.13900
36.16300
36.13900
36.13800
36.15100
36.11600
36.10700
36.14500
36.06300
35.99800
36.00900
36.07600
36.05700
36.00300
35.98700
35.96900
35.98000
36.02900
36.01200
36.05300
36.08400
36.07900
36.10400
36.09600
36.07000
35.94100
36.00500
36.00200
36.05200
36.15200
36.19900
36.23200
36.27600
36.29300
36.31000
36.26800
36.24500
36.29000
36.32200
36.32900
36.32900
36.36700
36.32000
36.33900
36.39300
36.38100
36.40100
36.46900
36.43200
36.46100
36.47900
36.42900
36.50500
36.52200
36.46000
36.44300
36.42300
36.44500
36.43400
36.41100
36.40100
36.38400
36.31400
36.34400
36.36000
36.38200
36.37600
36.38900
36.36200
36.33600
36.38100
36.38500
36.38800
36.38700
36.42400
36.47600
36.47600
36.45300
36.49300
36.47300
36.47400
36.48100
36.42500
36.39800
36.39000
36.36900
36.33700
36.36100
36.33800
36.34000
36.28600
36.30800
36.30100
36.34200
36.34800
36.34800
36.34100
36.30500
36.28200
36.34800
36.34100
36.34700
36.34700
36.36200
36.37500
36.38900
36.35400
36.36600
36.36900
36.33500
36.34400
36.40000
36.37300
36.36100
36.34100
36.36600
36.41900
36.40600
36.41100
36.41000
36.40800
36.40900
36.39200
36.36800
36.29000
36.20800
36.21900
36.23500
36.25300
36.23200
36.21100
36.24200
36.27400
36.26400
36.24000
36.23900
36.22300
36.21100
36.12000
36.13100
36.15300
36.14000
36.15600
36.17600
36.18200
36.16900
36.15700
36.18200
36.16700
36.18500
36.20400
36.20400
36.21500
36.19800
36.19600
36.21900
36.22300
36.24700
36.24600
36.26900
36.27000
36.26000
36.24200
36.24100
36.22200
36.24100
36.25500
36.25000
36.22800
36.22500
36.28400
36.28900
36.27500
36.25300
36.27300
36.28200
36.26900
36.25500
36.25600
36.30100
36.31900
36.32000
36.35200
36.37400
36.33700
36.34500
36.36400
36.33700
36.41700
36.42700
36.41200
36.41600
36.41700
36.44000
36.45400
36.44200
36.45200
36.45500
36.44300
36.44900
36.44000
36.45200
36.44800
36.45800
36.45400
36.44100
36.46400
36.49500
36.46900
36.48100
36.45900
36.45300
36.44200
36.42100
36.41900
36.44600
36.45600
36.46400
36.46800
36.45500
36.45000
36.40600
36.38600
36.39900
36.37900
36.37400
36.35100
36.36300
36.38700
36.36900
36.37800
36.37300
36.35700
36.31700
36.33600
36.36300
36.36500
36.38600
36.37100
36.36700
36.38500
36.36200
36.32800
36.33500
36.33200
36.33600
36.38600
36.38900
36.39000
36.39900
36.38500
36.37900
36.38500
36.38200
36.37900
36.37300
36.36200
36.36400
36.37200
36.35500
36.36200
36.35800
36.35500
36.34500
36.34300
36.35200
36.34900
36.36000
36.35700
36.35300
36.35400
36.34400
36.35100
36.34200
36.33700
36.35500
36.34600
36.34600
36.34000
36.34000
36.35300
36.35500
36.36400
36.35000
36.36000
36.37200
36.36200
36.36200
36.34700
36.38100
36.39000
36.39000
36.39000
36.40400
36.39400
36.38000
36.39000
36.40300
36.41700
36.40600
36.41100
36.44200
36.43700
36.46000
36.46500
36.47600
36.48100
36.47600
36.48200
36.48300
36.47800
36.47200
36.45800
36.42000
36.45200
36.46200
36.47900
36.47500
36.46300
36.46500
36.46700
36.44900
36.46000
36.45500
36.46400
36.47800
36.49400
36.49600
36.47800
36.47600
36.49900
36.52000
36.51100
36.49500
36.47200
36.46700
36.46700
36.47900
36.47900
36.47600
36.44500
36.44200
36.43200
36.45000
36.46000
36.44900
36.44200
36.45100
36.43700
36.44600
36.45300
36.45300
36.46500
36.46500
36.45400
36.45000
36.46000
36.47100
36.47200
36.47700
36.47000
36.47000
36.47100
36.48200
36.48100
36.48700
36.47800
36.47900
36.47400
36.48100
36.49100
36.49800
36.47300
36.48000
36.49200
36.50200
36.51000
36.51500
36.51000
36.51000
36.51800
36.53000
36.54600
36.53800
36.52500
36.55100
36.56600
36.55200
36.56800
36.58400
36.57500
36.58900
36.57900
36.60300
36.59700
36.60500
36.59600
36.60900
36.62500
36.60600
36.60600
36.60600
36.57700
36.59400
36.57500
36.56300
36.56300
36.56500
36.57100
36.59400
36.60100
36.60000
36.60800
36.62100
36.61500
36.63500
36.62200
36.60200
36.60400
36.60600
36.61900
36.61700
36.62100
36.61100
36.62500
36.63200
36.63000
36.62800
36.62000
36.63000
36.63800
36.63100
36.62500
36.62500
36.62500
36.61000
36.61500
36.61700
36.60900
36.62100
36.61800
36.61000
36.61900
36.62400
36.62400
36.62700
36.65100
36.65600
36.66700
36.67800
36.66200
36.65700
36.65600
36.65100
36.63500
36.62300
36.62900
36.62900
36.60800
36.59100
36.60300
36.60600
36.61100
36.61200
36.61000
36.60800
36.59700
36.60000
36.58900
36.57300
36.55800
36.56400
36.56000
36.55100
36.54200
36.55500
36.54900
36.56000
36.56900
36.56600
36.58000
36.57300
36.57300
36.57400
36.55200
36.56200
36.55300
36.54300
36.56400
36.56400
36.55400
36.54100
36.55900
36.56300
36.56600
36.55500
36.55500
36.57900
36.57300
36.56700
36.55400
36.55100
36.55900
36.56900
36.57000
36.56800
36.57400
36.56500
36.57500
36.57300
36.59700
36.57800
36.56700
36.56700
36.57900
36.58700
36.59500
36.58500
36.58700
36.57900
36.58100
36.58200
36.57900
36.56100
36.56700
36.56800
36.57700
36.57300
36.58500
36.59900
36.59300
36.58400
36.56400
36.57800
36.58100
36.55900
36.57000
36.54900
36.56200
36.57600
36.56800
36.56200
36.56400
36.56500
36.56400
36.54500
36.55800
36.54900
36.56300
36.56300
36.56800
36.58200
36.58300
36.59000
36.56600
36.55800
36.56200
36.55600
36.55700
36.56100
36.56200
36.56800
36.56600
36.56400
36.56200
36.55700
36.56700
36.56900
36.56400
36.56400
36.56300
36.56300
36.55900
36.56300
36.56100
36.55800
36.55800
36.55000
36.55600
36.56100
36.54600
36.56200
36.56600
36.56400
36.56500
36.56700
36.56100
36.55000
36.54300
36.53000
36.52400
36.53600
36.53700
36.53100
36.53100
36.51300
36.52100
36.52900
36.53800
36.54700
36.57000
36.56900
36.56900
36.57600
36.57300
36.57000
36.57000
36.56200
36.56300
36.56400
36.55400
36.54900
36.56500
36.56500
36.57500
36.57600
36.56700
36.58200
36.59200
36.59800
36.60200
36.60300
36.60600
36.60000
36.58900
36.58000
36.60000
36.59600
36.60300
36.60200
36.60800
36.60200
36.60800
36.59500
36.58900
36.59400
36.59700
36.59300
36.59100
36.59200
36.59600
36.58400
36.58600
36.58200
36.58500
36.59700
36.58700
36.58700
36.58600
36.58600
36.59400
36.58900
36.59000
36.58200
36.57100
36.57100
36.57800
36.59000
36.58000
36.61300
36.62400
36.63700
36.63000
36.65000
36.64300
36.65400
36.65500
36.68300
36.69800
36.68900
36.67700
36.69000
36.69500
36.69900
36.69900
36.71600
36.70800
36.70800
36.71800
36.71600
36.71200
36.71600
36.71500
36.70700
36.72800
36.72800
36.72400
36.72400
36.71300
36.71800
36.73100
36.73300
36.73400
36.74000
36.74100
36.73500
36.74800
36.73700
36.73600
36.73600
36.75000
36.76500
36.77400
36.76800
36.76900
36.76000
36.75400
36.75500
36.75900
36.76500
36.76400
36.77300
36.77500
36.77200
36.75500
36.74600
36.74400
36.75400
36.76500
36.77400
36.77900
36.78800
36.78100
36.77900
36.77900
36.77600
36.77300
36.78500
36.79000
36.78600
36.79000
36.79700
36.81000
36.80700
36.81700
36.81000
36.81300
36.81800
36.82600
36.82200
36.81500
36.82000
36.80800
36.80800
36.81200
36.81000
36.81200
36.80900
36.82400
36.83000
36.84800
36.84300
36.84300
36.85600
36.84800
36.84800
36.84900
36.83800
36.84000
36.84600
36.84000
36.84800
36.84400
36.84000
36.84200
36.84600
36.84300
36.84100
36.84500
36.85000
36.83700
36.82700
36.82700
36.81300
36.81400
36.81300
36.81800
36.81400
36.81500
36.81000
36.80900
36.81400
36.80100
36.79400
36.79200
36.79400
36.79500
36.79500
36.79600
36.79100
36.78600
36.78800
36.80600
36.80600
36.80800
36.81300
36.81800
36.81400
36.81400
36.80900
36.80200
36.81100
36.80900
36.80800
36.80900
36.81400
36.82100
36.81600
36.80200
36.80000
36.80600
36.81600
36.81600
36.82500
36.83500
36.84600
36.84900
36.83500
36.83100
36.83400
36.83600
36.84200
36.84700
36.85500
36.85700
36.85600
36.85100
36.84000
36.84400
36.84800
36.84700
36.84000
36.84200
36.84000
36.84200
36.84800
36.84700
36.83600
36.83200
36.83300
36.83500
36.83500
36.83500
36.83900
36.84600
36.85200
36.86500
36.88400
36.89400
36.90300
36.90600
36.90500
36.90700
36.91000
36.89900
36.90600
36.90800
36.90200
36.91300
36.90700
36.91400
36.91300
36.91400
36.90400
36.90600
36.90200
36.90300
36.90100
36.90100
36.89100
36.88900
36.89200
36.88300
36.88300
36.87300
36.88800
36.89100
36.89500
36.89500
36.87500
36.87200
36.87000
36.86700
36.86300
36.87200
36.86400
36.86500
36.87000
36.86600
36.86300
36.86700
36.87200
36.86500
36.87000
36.87200
36.85700
36.85900
36.85100
36.85800
36.86000
36.85800
36.85900
36.84500
36.83800
36.83500
36.83500
36.83500
36.83600
36.83500
36.84000
36.83200
36.83900
36.83900
36.83500
36.84000
36.83700
36.84200
36.84100
36.83700
36.83300
36.82700
36.81500
36.81500
36.81100
36.80100
36.80400
36.80300
36.79800
36.79400
36.79000
36.79300
36.79900
36.78900
36.78900
36.78500
36.78200
36.78800
36.78800
36.78200
36.78900
36.77800
36.78900
36.78900
36.79400
36.79600
36.79700
36.79100
36.78800
36.79300
36.80400
36.80100
36.81400
36.81900
36.82300
36.82900
36.83300
36.83500
36.83300
36.83800
36.83400
36.83200
36.82300
36.81900
36.83100
36.82200
36.82200
36.82300
36.82200
36.82500
36.83400
36.84800
36.84600
36.85000
36.84800
36.84800
36.84300
36.83700
36.83200
36.82800
36.82400
36.82200
36.82200
36.82800
36.84500
36.84400
36.84600
36.84000
36.83800
36.84300
36.84300
36.84700
36.84900
36.85200
36.86400
36.85500
36.86000
36.86400
36.85800
36.86400
36.86500
36.86800
36.87600
36.87000
36.86300
36.85400
36.86300
36.86500
36.87000
36.86400
36.85700
36.85900
36.86600
36.86900
36.86900
36.87800
36.88000
36.88000
36.87900
36.88100
36.89200
36.89000
36.89100
36.88900
36.88600
36.89300
36.89400
36.88500
36.88300
36.88500
36.88500
36.88800
36.89000
36.88100
36.88100
36.88900
36.89000
36.88300
36.87200
36.87300
36.87900
36.88700
36.88700
36.88600
36.88500
36.88900
36.89000
36.89700
36.88900
36.88700
36.89000
36.87500
36.87400
36.87800
36.87800
36.87700
36.87200
36.87000
36.87100
36.86400
36.86000
36.84500
36.84900
36.84300
36.85300
36.85800
36.86200
36.85900
36.85500
36.85100
36.84900
36.85900
36.85800
36.85700
36.86000
36.86400
36.86300
36.85700
36.86200
36.85700
36.85100
36.85400
36.86200
36.86200
36.86000
36.86600
36.85700
36.86400
36.86000
36.86400
36.87000
36.87100
36.86900
36.87400
36.87700
36.87900
36.87700
36.87200
36.86400
36.88100
36.87600
36.88200
36.88500
36.88100
36.88600
36.88400
36.88200
36.89900
36.88900
36.88600
36.87900
36.86800
36.86700
36.86500
36.87300
36.86700
36.87000
36.86800
36.87100
36.86400
36.85300
36.84300
36.83400
36.83900
36.83900
36.83500
36.83900
36.84000
36.84100
36.83700
36.83100
36.82700
36.82700
36.82000
36.82000
36.82700
36.81800
36.81600
36.81300
36.81300
36.80800
36.80300
36.80300
36.80600
36.80900
36.79800
36.79300
36.79000
36.78400
36.78300
36.78500
36.77800
36.77500
36.76500
36.75900
36.75900
36.75300
36.75100
36.75000
36.75500
36.75300
36.75300
36.75500
36.75800
36.76000
36.75900
36.75900
36.75500
36.75500
36.75600
36.76200
36.76100
36.76000
36.76300
36.76000
36.76100
36.75600
36.75300
36.75100
36.75800
36.76200
36.75700
36.76300
36.76600
36.76300
36.76800
36.78000
36.77700
36.78000
36.77800
36.78100
36.78200
36.77500
36.78100
36.77700
36.77900
36.78200
36.78200
36.78000
36.78300
36.78200
36.78400
36.78500
36.77600
36.77900
36.78100
36.78100
36.77700
36.78000
36.78200
36.77300
36.77300
36.76700
36.76700
36.77000
36.77200
36.76900
36.77500
36.77400
36.77400
36.78100
36.77600
36.78100
36.77700
36.77800
36.79300
36.79200
36.78300
36.78500
36.78400
36.78900
36.78800
36.78900
36.79100
36.78800
36.78400
36.78400
36.78600
36.79800
36.79900
36.80100
36.78600
36.78900
36.79000
36.79600
36.79600
36.79100
36.79200
36.79700
36.79600
36.79500
36.79100
36.79300
36.79300
36.79300
36.79700
36.79700
36.80300
36.80800
36.81000
36.81000
36.80700
36.80500
36.80200
36.79800
36.79300
36.79000
36.78900
36.78800
36.78500
36.79000
36.78900
36.79200
36.78600
36.78200
36.78000
36.78000
36.77100
36.76500
36.76400
36.77000
36.77400
36.76700
36.76700
36.76800
36.77700
36.77200
36.76800
36.77300
36.77100
36.77200
36.76500
36.76100
36.75700
36.76300
36.76500
36.76600
36.76600
36.76900
36.77000
36.77000
36.77100
36.77300
36.77200
36.76800
36.77200
36.76900
36.76500
36.76500
36.76500
36.77400
36.77300
36.78200
36.77900
36.78500
36.79000
36.78700
36.79300
36.79800
36.79700
36.79300
36.78900
36.79100
36.78900
36.78500
36.78400
36.78600
36.78200
36.78200
36.78700
36.78300
36.78100
36.78000
36.77600
36.77600
36.77500
36.77100
36.77400
36.76900
36.76800
36.76700
36.77200
36.77400
36.77400
36.78100
36.78800
36.79500
36.79700
36.79000
36.78700
36.79400
36.79700
36.80000
36.80300
36.79700
36.80300
36.80300
36.80600
36.80700
36.80600
36.80500
36.80500
36.80800
36.81000
36.81500
36.81200
36.81300
36.81500
36.81100
36.81400
36.81500
36.80700
36.81700
36.81600
36.81500
36.81500
36.82600
36.82700
36.82000
36.82300
36.82300
36.82200
36.82700
36.82700
36.82700
36.82900
36.82400
36.82500
36.82800
36.83100
36.83300
36.83500
36.83500
36.83500
36.84200
36.85300
36.85300
36.85500
36.85700
36.84800
36.84800
36.84300
36.83600
36.84200
36.84900
36.85000
36.85000
36.85200
36.85700
36.85300
36.85500
36.85500
36.85700
36.85600
36.85500
36.85300
36.85000
36.84900
36.84600
36.84700
36.84500
36.84200
36.83400
36.83400
36.83400
36.84100
36.83700
36.83200
36.83400
36.83700
36.84100
36.83900
36.83900
36.84100
36.84300
36.84600
36.84600
36.84800
36.84700
36.84500
36.84700
36.84600
36.84800
36.85100
36.85700
36.86500
36.85800
36.86500
36.86200
36.85400
36.85000
36.85400
36.85100
36.84600
36.84700
36.84700
36.84900
36.85200
36.85400
36.85300
36.85600
36.85600
36.85100
36.84800
36.84400
36.83900
36.83600
36.83600
36.82800
36.82800
36.82600
36.82600
36.83000
36.84000
36.83300
36.83500
36.83800
36.83800
36.83900
36.84400
36.84500
36.84600
36.84600
36.84300
36.84600
36.84600
36.84700
36.84400
36.85000
36.85500
36.86400
36.86400
36.86400
36.86100
36.86100
36.86400
36.86700
36.86600
36.86900
36.88500
36.88700
36.88700
36.88300
36.88400
36.88700
36.88900
36.88100
36.88800
36.89100
36.89500
36.89600
36.89000
36.89800
36.89300
36.89800
36.89600
36.89500
36.89800
36.90400
36.89900
36.89200
36.89300
36.89300
36.89100
36.89500
36.90400
36.90000
36.89600
36.89700
36.89900
36.90300
36.90300
36.90300
36.90500
36.90600
36.90700
36.90300
36.90000
36.90100
36.90600
36.90600
36.90400
36.89900
36.90000
36.89800
36.90400
36.90200
36.89400
36.89300
36.89600
36.89800
36.89900
36.90200
36.90300
36.90800
36.91000
36.90600
36.91300
36.91200
36.90900
36.90700
36.90500
36.91100
36.91900
36.92100
36.91800
36.92300
36.92300
36.92300
36.91900
36.91900
36.92500
36.92200
36.92000
36.92200
36.92500
36.92900
36.92900
36.92800
36.93400
36.92900
36.93100
36.93300
36.93600
36.93400
36.94000
36.93400
36.93500
36.93300
36.93100
36.93300
36.93000
36.93000
36.94000
36.93700
36.93300
36.93400
36.93400
36.92900
36.93900
36.94000
36.94100
36.94100
36.94700
36.94800
36.94300
36.94400
36.94600
36.94500
36.95200
36.95500
36.96700
36.96200
36.96600
36.97400
36.97800
36.97700
36.98100
36.98200
36.98200
36.98400
36.99500
36.99400
36.99400
36.99100
36.99300
36.99100
36.99000
36.98600
36.98400
36.98800
36.98400
36.97800
36.97600
36.96900
36.97000
36.96900
36.97100
36.97500
36.97700
36.97700
36.97200
36.96700
36.96900
36.97000
36.97000
36.97200
36.97800
36.97800
36.98200
36.97700
36.97500
36.97500
36.97500
36.97500
36.97200
36.97000
36.97400
36.97000
36.97100
36.97200
36.97700
36.97900
36.98200
36.98300
36.98500
36.98700
36.98500
36.98500
36.98700
36.98500
36.98400
36.98200
36.98600
36.98700
36.98700
36.98200
36.97800
36.98000
36.97800
36.97900
36.98000
36.97800
36.97800
36.98600
36.97800
36.98100
36.98700
36.98500
36.98400
36.98000
36.98000
36.97900
36.97300
36.97400
36.97300
36.97100
36.96600
36.97100
36.97300
36.96700
36.97000
36.97200
36.97000
36.96900
36.97200
36.96900
36.96800
36.96800
36.96400
36.96400
36.96200
36.96300
36.96500
36.96600
36.97200
36.96900
36.96700
36.96600
36.97400
36.97500
36.97300
36.97200
36.97100
36.97100
36.97200
36.97300
36.97600
36.98000
36.98500
36.98500
36.98300
36.98600
36.99200
36.99300
37.00200
36.99900
36.99700
36.99700
36.99300
36.99800
36.99900
37.00200
37.00000
37.00400
37.00400
37.00500
37.00300
37.00000
36.99800
36.99100
36.98600
36.99100
36.98900
36.99500
36.99900
37.00000
37.00500
37.00000
36.99900
36.99000
36.99300
36.99500
36.99500
36.99700
36.99800
37.00400
37.00100
37.00300
36.99800
36.99800
36.99800
37.00000
36.99700
36.99400
36.99300
36.99600
37.00000
37.00200
37.00300
37.00600
37.00000
37.00400
37.01000
37.01000
37.00800
37.00500
37.00400
37.00900
37.00700
37.00800
37.00700
37.00800
37.00500
37.00200
37.00100
36.99900
36.99800
36.99800
36.99400
36.99600
37.00900
37.01400
37.01300
37.01200
37.01000
37.01000
37.00900
37.01000
37.00800
37.00600
37.00200
37.00400
37.00100
37.00400
36.99800
36.99500
36.99400
36.99600
37.00100
37.00200
36.99700
36.99700
36.99600
36.99600
36.99400
36.99900
37.00100
37.00300
36.99900
36.99800
37.00100
37.00000
37.00000
37.00400
37.00900
37.00900
37.01300
37.00900
37.01100
37.01000
37.01000
37.00900
37.00700
37.00900
37.00900
37.00700
37.00400
37.00700
37.00600
37.00900
37.00900
37.00600
37.00500
37.00200
37.00100
37.00200
37.00500
37.00600
37.00700
37.00500
37.00400
37.00300
37.00700
37.00800
37.00900
37.00800
37.00400
37.00300
37.00300
36.99700
37.00200
37.00300
36.99700
36.98900
36.99800
36.99100
36.99100
36.98700
36.99200
36.98900
36.99700
36.99400
36.98900
36.98500
36.98200
36.98300
36.98800
36.98500
36.98300
36.98100
36.98000
36.98600
36.98700
36.98900
36.98300
36.98300
36.98600
36.98500
36.98400
36.98600
36.98500
36.98700
36.98500
36.98100
36.98400
36.98000
36.97700
36.97700
36.97600
36.97600
36.97800
36.97300
36.96800
36.96600
36.96200
36.96700
36.96800
36.96700
36.96500
36.96700
36.96700
36.96600
36.97200
36.97000
36.97100
36.97100
36.96400
36.96300
36.96300
36.96100
36.96300
36.95900
36.95700
36.95900
36.96500
36.96200
36.95900
36.95200
36.94900
36.94500
36.94600
36.94200
36.94300
36.94100
36.94100
36.93700
36.94000
36.94200
36.94400
36.94600
36.94600
36.94800
36.95100
36.94800
36.94700
36.95200
36.95500
36.95700
36.95000
36.95300
36.95000
36.95200
36.95200
36.95200
36.95100
36.95000
36.94900
36.94800
36.94300
36.94400
36.94200
36.94400
36.94100
36.94100
36.93900
36.93800
36.93400
36.93300
36.93100
36.92800
36.92800
36.92800
36.92600
36.92500
36.92500
36.92700
36.92600
36.92600
36.92700
36.93100
36.93000
36.93100
36.93000
36.92400
36.92200
36.92100
36.91900
36.91500
36.91500
36.91500
36.91500
36.91600
36.91300
36.91300
36.90900
36.90600
36.90900
36.90600
36.91000
36.90700
36.89700
36.89800
36.90000
36.90100
36.90300
36.90100
36.90200
36.90600
36.90500
36.91200
36.91500
36.91500
36.91600
36.91700
36.91600
36.91700
36.91400
36.91000
36.91000
36.90400
36.90500
36.90300
36.90300
36.90600
36.90700
36.91100
36.91200
36.90800
36.90900
36.91500
36.91300
36.91000
36.91000
36.91100
36.91000
36.90800
36.90600
36.90700
36.90600
36.90700
36.90900
36.90700
36.91400
36.91300
36.91400
36.91500
36.91500
36.91400
36.91300
36.91300
36.90800
36.90700
36.90700
36.90700
36.91200
36.90600
36.90500
36.90300
36.90400
36.90200
36.90000
36.89900
36.89800
36.89200
36.89100
36.89300
36.88700
36.88700
36.88400
36.88300
36.87600
36.87200
36.86500
36.86100
36.86200
36.86200
36.86400
36.86500
36.86500
36.86500
36.86000
36.86100
36.85900
36.85700
36.85500
36.85200
36.85000
36.85000
36.85000
36.85200
36.85200
36.85300
36.85300
36.85000
36.85100
36.84800
36.84300
36.83900
36.83700
36.83500
36.83700
36.84000
36.84200
36.83800
36.83600
36.83700
36.84100
36.84400
36.84400
36.84000
36.84400
36.84400
36.84300
36.83700
36.83800
36.83700
36.83800
36.84100
36.84400
36.84100
36.84100
36.84300
36.84200
36.84200
36.84300
36.84500
36.85100
36.85200
36.85400
36.85700
36.85500
36.85700
36.85900
36.86400
36.86400
36.86700
36.86400
36.86800
36.86800
36.87200
36.87100
36.86600
36.86300
36.85700
36.86200
36.85900
36.85800
36.86100
36.85700
36.85600
36.85600
36.85600
36.85400
36.86100
36.86500
36.86400
36.87000
36.87200
36.87900
36.87800
36.87600
36.87400
36.87300
36.87200
36.87000
36.87200
36.87000
36.87800
36.87900
36.87800
36.88100
36.88100
36.88200
36.88400
36.88400
36.88300
36.88500
36.88800
36.88300
36.88600
36.88400
36.88600
36.88300
36.88900
36.88700
36.88700
36.88500
36.88100
36.87900
36.88300
36.88200
36.88300
36.88400
36.88000
36.88100
36.88400
36.88500
36.88900
36.88900
36.89000
36.89000
36.89000
36.88700
36.88900
36.88800
36.88900
36.89000
36.88800
36.88600
36.88700
36.88300
36.88400
36.88500
36.88500
36.88000
36.87900
36.88000
36.87900
36.88100
36.88600
36.88900
36.89200
36.88900
36.89200
36.89300
36.89200
36.89100
36.89400
36.89500
36.89800
36.90000
36.89800
36.89800
36.89900
36.89700
36.89700
36.89500
36.89600
36.89100
36.88800
36.88500
36.88700
36.88700
36.88900
36.88600
36.88700
36.89200
36.88800
36.88800
36.88500
36.88200
36.88300
36.89100
36.89500
36.89400
36.89800
36.89600
36.89500
36.89000
36.89000
36.88800
36.89000
36.89100
36.89100
36.89300
36.89400
36.89300
36.89200
36.88900
36.88900
36.88900
36.88800
36.88600
36.88800
36.88600
36.88200
36.88500
36.88900
36.88500
36.88900
36.88600
36.88600
36.88700
36.88500
36.88500
36.88600
36.88700
36.88700
36.88700
36.88500
36.88300
36.88800
36.89000
36.88700
36.88600
36.88700
36.88900
36.88700
36.88600
36.89100
36.89300
36.89200
36.89500
36.89300
36.89400
36.89600
36.89700
36.89800
36.89700
36.89900
36.90200
36.90600
36.90500
36.89800
36.89600
36.89600
36.89600
36.89400
36.89200
36.89100
36.88900
36.88700
36.88800
36.88700
36.89000
36.89100
36.88900
36.88400
36.88600
36.88400
36.88700
36.88700
36.89200
36.88800
36.88800
36.89000
36.89300
36.89000
36.89000
36.88900
36.88900
36.89000
36.89700
36.90100
36.89500
36.89600
36.89800
36.90000
36.89900
36.89300
36.89200
36.89300
36.89200
36.89600
36.89800
36.90100
36.90700
36.90700
36.90600
36.90900
36.91700
36.92000
36.92000
36.92000
36.91800
36.92000
36.92000
36.92200
36.92200
36.92300
36.92400
36.92600
36.92800
36.92700
36.92600
36.92600
36.92800
36.92600
36.93100
36.92800
36.92900
36.93200
36.92600
36.92600
36.92600
36.92700
36.92800
36.92500
36.92800
36.92500
36.92500
36.92500
36.92500
36.92300
36.91800
36.91800
36.92100
36.92200
36.92100
36.92200
36.92500
36.92700
36.92600
36.92600
36.92700
36.92800
36.92700
36.92800
36.92900
36.92900
36.92700
36.92500
36.92600
36.92400
36.92600
36.92600
36.92500
36.92100
36.92200
36.92400
36.92200
36.92800
36.92700
36.92700
36.92500
36.92500
36.92700
36.92500
36.92700
36.93000
36.93000
36.92700
36.92300
36.92300
36.92200
36.92200
36.92000
36.92300
36.92100
36.92200
36.92400
36.92600
36.92500
36.92700
36.92900
36.93100
36.92700
36.92600
36.92900
36.93200
36.93000
36.93200
36.93300
36.93100
36.93000
36.93200
36.93300
36.93000
36.93300
36.93300
36.93100
36.93200
36.93300
36.93900
36.93900
36.93400
36.93500
36.94000
36.94200
36.94300
36.94200
36.94300
36.94600
36.94900
36.95100
36.95500
36.95700
36.95500
36.95200
36.95400
36.95700
36.95800
36.96400
36.96400
36.96500
36.96600
36.96800
36.96900
36.96600
36.96500
36.96700
36.96600
36.96900
36.97300
36.97200
36.97000
36.97200
36.97200
36.97400
36.97500
36.97500
36.97200
36.97400
36.97400
36.97500
36.97400
36.97100
36.97300
36.97400
36.97400
36.97000
36.97800
36.97600
36.97500
36.97900
36.97800
36.97900
36.97500
36.97800
36.97500
36.97400
36.97400
36.97700
36.97700
36.97800
36.97500
36.97600
36.97700
36.97300
36.97300
36.97400
36.97400
36.97500
36.97500
36.97500
36.97600
36.97500
36.97600
36.97600
36.97600
36.97700
36.97700
36.97700
36.97800
36.97800
36.97900
36.97800
36.97500
36.97500
36.97100
36.97200
36.97200
36.96700
36.96600
36.96400
36.96600
36.96700
36.97100
36.97000
36.96900
36.96500
36.96800
36.96700
36.97000
36.97000
36.96800
36.96900
36.97000
36.97000
36.97000
36.97200
36.97100
36.96900
36.96900
36.96800
36.96600
36.96500
36.96300
36.96500
36.96900
36.97000
36.97100
36.97000
36.96800
36.97200
36.97300
36.97400
36.97400
36.97600
36.97700
36.97900
36.97800
36.97800
36.97600
36.97500
36.97200
36.97000
36.97000
36.97000
36.97000
36.96800
36.96800
36.96700
36.96500
36.96600
36.96400
36.96600
36.97100
36.97000
36.96600
36.96900
36.97300
36.97200
36.97200
36.96900
36.96900
36.97000
36.97000
36.97300
36.97200
36.96900
36.96800
36.96800
36.96900
36.96900
36.97200
36.96900
36.96800
36.96600
36.96900
36.96900
36.96800
36.96900
36.96800
36.96800
36.96900
36.96700
36.96700
36.96700
36.96900
36.96900
36.96900
36.96900
36.96800
36.96800
36.96900
36.97000
36.96800
36.97100
36.97400
36.97700
36.97700
36.97500
36.97800
36.97700
36.97200
36.97000
36.97000
36.96600
36.96700
36.96400
36.95800
36.96000
36.96200
36.96300
36.96600
36.96600
36.96800
36.96700
36.96800
36.96400
36.96400
36.96500
36.96700
36.96800
36.96800
36.96800
36.96700
36.96500
36.96200
36.96100
36.96400
36.96800
36.97100
36.97100
36.96900
36.96700
36.96700
36.96700
36.96400
36.96300
36.96600
36.96800
36.97000
36.97100
36.97600
36.97300
36.97300
36.97300
36.97400
36.97500
36.97200
36.97500
36.98000
36.97900
36.98000
36.98000
36.97800
36.97700
36.97700
36.97900
36.97800
36.97600
36.97800
36.98000
36.98000
36.97900
36.97900
36.97600
36.97900
36.98200
36.98200
36.98800
36.98700
36.98500
36.98200
36.98000
36.98200
36.98100
36.98000
36.97900
36.97600
36.98100
36.98700
36.98700
36.98800
36.98700
36.98900
36.99000
36.99100
36.98700
36.98700
36.98400
36.98400
36.98700
36.98700
36.98700
36.98700
36.98600
36.98600
36.98300
36.98400
36.98100
36.98400
36.98500
36.98700
36.98500
36.98500
36.98800
36.98700
36.99000
36.98600
36.99000
36.99000
36.99000
36.98700
36.98900
36.98900
36.99200
36.99100
36.98900
36.99200
36.99500
36.99500
36.99200
36.99200
36.99300
36.99200
36.99600
36.99800
37.00100
37.00100
36.99600
37.00400
37.00600
37.00600
37.01000
37.00700
37.00900
37.01300
37.01200
37.01300
37.01400
37.01200
37.01400
37.01700
37.01800
37.02300
37.02400
37.02200
37.02000
37.01600
37.01800
37.01800
37.01500
37.01600
37.01400
37.01500
37.01800
37.02300
37.02300
37.02200
37.02400
37.02300
37.02800
37.02500
37.02700
37.02800
37.02800
37.02700
37.02800
37.03000
37.03300
37.03400
37.03300
37.03000
37.03100
37.03100
37.03200
37.03000
37.03300
37.03500
37.03300
37.03200
37.03200
37.03300
37.02800
37.03000
37.03100
37.03100
37.03500
37.03300
37.03100
37.03300
37.03200
37.03100
37.02800
37.03000
37.03000
37.03200
37.03300
37.03000
37.03100
37.03000
37.02500
37.02700
37.03100
37.02900
37.02600
37.03300
37.03400
37.03400
37.03600
37.03700
37.03900
37.03800
37.03800
37.03600
37.03700
37.03800
37.03600
37.03500
37.03000
37.03000
37.03000
37.03100
37.03000
37.03000
37.03000
37.03000
37.02500
37.02200
37.02000
37.02100
37.02100
37.02000
37.02400
37.02300
37.01900
37.02200
37.02300
37.02400
37.02400
37.02500
37.02400
37.02300
37.02200
37.02200
37.01900
37.02000
37.02100
37.02200
37.02200
37.02200
37.02400
37.02200
37.02200
37.02200
37.02300
37.02600
37.02300
37.02400
37.02100
37.01800
37.02000
37.02100
37.02200
37.02400
37.02400
37.02500
37.02300
37.02100
37.02100
37.02200
37.02300
37.02000
37.02000
37.01600
37.01900
37.01900
37.01400
37.01500
37.01800
37.01600
37.01800
37.01800
37.01900
37.02100
37.02000
37.01900
37.02000
37.02700
37.03000
37.02900
37.03000
37.02800
37.02700
37.02600
37.02300
37.01900
37.02000
37.01900
37.01900
37.02300
37.02300
37.01900
37.01800
37.02100
37.01900
37.02300
37.02200
37.01900
37.01900
37.02000
37.01900
37.02000
37.01900
37.02300
37.02200
37.02200
37.02400
37.02600
37.02600
37.02900
37.02900
37.02900
37.03300
37.03200
37.03300
37.03600
37.03600
37.03600
37.03700
37.03100
37.03100
37.03200
37.03100
37.03400
37.03800
37.04200
37.04400
37.04500
37.04100
37.04200
37.03900
37.04400
37.04300
37.04300
37.04400
37.04500
37.04500
37.04600
37.04500
37.04600
37.04300
37.04500
37.04300
37.04600
37.04500
37.04700
37.04700
37.04600
37.04600
37.04500
37.04400
37.04500
37.04900
37.04900
37.04500
37.04200
37.04200
37.04000
37.03800
37.03600
37.03700
37.04000
37.04000
37.03900
37.04000
37.04100
37.04400
37.04200
37.04200
37.04400
37.04500
37.04600
37.04800
37.04600
37.04500
37.04600
37.04800
37.04500
37.04700
37.04700
37.04200
37.04100
37.04200
37.04000
37.04800
37.05000
37.05100
37.05000
37.05000
37.05200
37.05200
37.05200
37.04900
37.05100
37.05300
37.05300
37.05500
37.05600
37.05700
37.05700
37.05800
37.06000
37.05700
37.05800
37.05900
37.06100
37.06200
37.06200
37.06600
37.06500
37.06300
37.06400
37.06500
37.06400
37.06300
37.06700
37.06900
37.07000
37.07000
37.07000
37.06900
37.07200
37.07000
37.07400
37.07600
37.07600
37.07600
37.07900
37.07800
37.07900
37.08200
37.08300
37.08500
37.08600
37.08700
37.08700
37.08700
37.08300
37.08400
37.08500
37.08400
37.08600
37.08600
37.08600
37.08500
37.08700
37.08700
37.08400
37.08600
37.08300
37.08300
37.08400
37.08000
37.08300
37.08300
37.08300
37.08200
37.08200
37.08200
37.08300
37.08400
37.08400
37.08400
37.08500
37.08500
37.08900
37.09000
37.08700
37.08900
37.09200
37.09100
37.09100
37.09200
37.09600
37.09700
37.09600
37.09800
37.09900
37.10000
37.10000
37.09800
37.09900
37.10100
37.10100
37.10400
37.10400
37.10200
37.10200
37.10700
37.10600
37.10800
37.10900
37.10900
37.10900
37.11100
37.11100
37.11500
37.11400
37.11500
37.11400
37.11200
37.11100
37.10700
37.10700
37.11100
37.11100
37.11000
37.11000
37.11200
37.11300
37.11000
37.11200
37.11400
37.11500
37.11700
37.11700
37.11600
37.11900
37.11700
37.11800
37.12500
37.12600
37.12500
37.13100
37.13000
37.12900
37.13100
37.13300
37.13300
37.13200
37.13400
37.13500
37.13400
37.13700
37.13600
37.13400
37.13400
37.13500
37.13600
37.13500
37.13300
37.13200
37.13100
37.13000
37.13100
37.13000
37.13100
37.13800
37.13900
37.14000
37.13900
37.13900
37.13800
37.13800
37.14100
37.14000
37.14300
37.14300
37.14300
37.14500
37.14400
37.14100
37.14100
37.14400
37.14900
37.14900
37.15000
37.14800
37.15200
37.15100
37.14800
37.15000
37.15100
37.15200
37.15200
37.15300
37.15300
37.15500
37.15600
37.15600
37.15600
37.15200
37.15300
37.15600
37.15100
37.14900
37.15100
37.15100
37.15200
37.15300
37.15500
37.15800
37.15500
37.15200
37.15100
37.14900
37.15100
37.15300
37.15300
37.15500
37.15300
37.15200
37.15700
37.15600
37.15900
37.16000
37.16300
37.16100
37.15900
37.16200
37.16400
37.16400
37.16600
37.16200
37.15800
37.15800
37.15800
37.15600
37.15300
37.15300
37.15400
37.15400
37.15600
37.15700
37.15700
37.15700
37.15800
37.15600
37.15800
37.16000
37.15900
37.15600
37.15600
37.16000
37.16100
37.16100
37.16200
37.16000
37.15800
37.15900
37.16100
37.16500
37.16300
37.16200
37.16400
37.16300
37.16300
37.16200
37.16200
37.16000
37.16100
37.16100
37.16300
37.16400
37.16400
37.16500
37.16600
37.16600
37.16300
37.16100
37.16100
37.16200
37.16500
37.16700
37.16800
37.16600
37.16500
37.16500
37.16900
37.16700
37.16700
37.16200
37.16000
37.16000
37.15900
37.15800
37.15900
37.16000
37.15900
37.16100
37.16400
37.16400
37.17100
37.17000
37.16700
37.16800
37.17300
37.17400
37.17400
37.17200
37.17100
37.17000
37.16600
37.16600
37.16700
37.16900
37.16900
37.17100
37.17100
37.17400
37.17500
37.17800
37.18000
37.18000
37.17900
37.17900
37.17900
37.18000
37.17900
37.18000
37.17800
37.17800
37.17600
37.17700
37.17500
37.17500
37.17400
37.17500
37.17500
37.17600
37.17700
37.18200
37.18300
37.18300
37.18300
37.18000
37.17800
37.17700
37.17600
37.17600
37.17800
37.18200
37.18200
37.18500
37.18500
37.18900
37.19000
37.19200
37.19600
37.19700
37.19900
37.19900
37.19900
37.20000
37.20100
37.20300
37.20200
37.20200
37.20300
37.20100
37.20300
37.20600
37.20600
37.20700
37.20700
37.20900
37.20700
37.20700
37.20600
37.21000
37.20700
37.20700
37.20800
37.20700
37.20800
37.21000
37.20900
37.20800
37.21200
37.21100
37.20900
37.20900
37.21200
37.21100
37.20800
37.20900
37.21100
37.21400
37.21500
37.21400
37.21300
37.21100
37.21600
37.21700
37.21800
37.21600
37.21900
37.21900
37.21700
37.22000
37.22300
37.22300
37.22500
37.22300
37.22200
37.22000
37.21900
37.22000
37.22100
37.21900
37.21700
37.21800
37.21700
37.21800
37.21600
37.21700
37.21700
37.21600
37.21700
37.21700
37.21800
37.21700
37.21400
37.21600
37.21800
37.21700
37.21900
37.22000
37.21900
37.22000
37.21900
37.21800
37.21700
37.21800
37.21700
37.22000
37.22000
37.22000
37.22100
37.22000
37.21900
37.21900
37.21700
37.21800
37.21700
37.21400
37.21600
37.21200
37.20700
37.20900
37.20800
37.20700
37.20600
37.21000
37.21100
37.20700
37.20900
37.21100
37.20900
37.21100
37.21400
37.21300
37.21300
37.21300
37.21300
37.21600
37.21300
37.21400
37.21600
37.21600
37.21600
37.21800
37.21900
37.21900
37.21700
37.21700
37.22000
37.21900
37.22000
37.22000
37.21800
37.22200
37.21900
37.21900
37.22000
37.21700
37.21600
37.21700
37.21800
37.22000
37.22300
37.22500
37.22300
37.22300
37.22400
37.22100
37.22100
37.22000
37.22100
37.22300
37.22300
37.22300
37.22000
37.22300
37.22300
37.22600
37.22500
37.22400
37.22400
37.22500
37.22200
37.22400
37.22300
37.22500
37.22500
37.22500
37.22700
37.22900
37.23200
37.23400
37.23300
37.23400
37.23800
37.23600
37.23700
37.23700
37.23400
37.23400
37.23400
37.23300
37.23600
37.23600
37.23700
37.23700
37.23700
37.23500
37.23600
37.23600
37.23700
37.23700
37.23900
37.23900
37.24000
37.24300
37.24300
37.24500
37.24600
37.24700
37.24800
37.24800
37.24800
37.24500
37.24500
37.24700
37.24800
37.25200
37.25400
37.25700
37.25700
37.25700
37.25400
37.25500
37.25600
37.25400
37.25500
37.25600
37.25700
37.25600
37.25700
37.25600
37.25800
37.25800
37.25800
37.25800
37.25700
37.25500
37.25400
37.25600
37.25600
37.25600
37.25700
37.25700
37.25500
37.25800
37.25900
37.25900
37.25900
37.25800
37.25900
37.25900
37.25800
37.25900
37.25500
37.26000
37.26100
37.26200
37.26100
37.26500
37.26500
37.26800
37.27100
37.27100
37.27300
37.27000
37.27000
37.26900
37.26900
37.27000
37.27000
37.27200
37.27400
37.27400
37.27500
37.27500
37.27600
37.28000
37.27700
37.27700
37.27600
37.27300
37.27100
37.27200
37.27200
37.27200
37.27300
37.27400
37.27500
37.27400
37.27400
37.27100
37.27200
37.27400
37.27300
37.27200
37.27200
37.27100
37.27000
37.27100
37.27000
37.27400
37.27400
37.27300
37.27700
37.27900
37.28000
37.28300
37.28700
37.28400
37.28500
37.28500
37.28300
37.28200
37.28400
37.28300
37.28400
37.28600
37.28400
37.28700
37.28700
37.28900
37.28800
37.28200
37.28300
37.28400
37.28500
37.28600
37.28800
37.28900
37.29200
37.29200
37.29100
37.29000
37.29000
37.29100
37.29500
37.29700
37.29800
37.29800
37.29600
37.29500
37.29600
37.29600
37.30000
37.30000
37.30000
37.30300
37.30100
37.30300
37.30100
37.30300
37.30200
37.30200
37.30200
37.30300
37.30300
37.30200
37.30200
37.30100
37.30200
37.30300
37.30100
37.30500
37.30400
37.30600
37.30800
37.30700
37.30700
37.30600
37.30600
37.30800
37.30800
37.30900
37.30600
37.30800
37.30800
37.31000
37.30900
37.30800
37.30800
37.30900
37.30800
37.30800
37.30800
37.31000
37.30900
37.30700
37.30700
37.30800
37.31000
37.31200
37.30900
37.30800
37.30700
37.30700
37.30800
37.30500
37.30400
37.30800
37.30600
37.30500
37.30300
37.30200
37.29900
37.30200
37.30300
37.30100
37.30400
37.30300
37.30200
37.30000
37.29900
37.29800
37.29800
37.29600
37.29500
37.29400
37.29600
37.29700
37.29500
37.29300
37.29500
37.29500
37.29500
37.29200
37.29200
37.29200
37.29200
37.28900
37.28600
37.29100
37.29100
37.29100
37.29300
37.29300
37.29600
37.29800
37.29900
37.29900
37.29700
37.29800
37.29800
37.29700
37.29400
37.29300
37.29400
37.29100
37.29100
37.29000
37.28900
37.29300
37.29300
37.29100
37.29000
37.29000
37.29000
37.29100
37.29000
37.29100
37.28800
37.28800
37.28800
37.29000
37.29100
37.29100
37.29000
37.29000
37.29200
37.29200
37.29100
37.29100
37.29200
37.29200
37.29000
37.29200
37.29100
37.29000
37.28700
37.28700
37.28600
37.28500
37.28900
37.28900
37.28900
37.28900
37.28900
37.28800
37.29000
37.29100
37.29100
37.29100
37.29000
37.28900
37.28700
37.28800
37.29000
37.29100
37.28900
37.29100
37.29100
37.29000
37.29100
37.29000
37.29000
37.29100
37.29100
37.29300
37.29600
37.29700
37.29700
37.29600
37.29700
37.29800
37.29900
37.29900
37.29800
37.29900
37.29700
37.29600
37.29600
37.29900
37.29900
37.30000
37.29800
37.30100
37.30100
37.30200
37.30300
37.30600
37.30600
37.30800
37.30800
37.30600
37.30900
37.30800
37.31000
37.31400
37.31500
37.31900
37.31800
37.31900
37.32200
37.32100
37.32200
37.32300
37.32300
37.32500
37.32500
37.32400
37.32300
37.32300
37.32200
37.32400
37.32400
37.32400
37.32700
37.32600
37.32500
37.32600
37.32800
37.32800
37.32900
37.33000
37.33100
37.33700
37.33700
37.33400
37.33900
37.33800
37.34000
37.34200
37.34000
37.33900
37.33700
37.33700
37.33800
37.33400
37.33500
37.33600
37.33500
37.33400
37.33600
37.33600
37.33700
37.33600
37.33500
37.33500
37.33600
37.33900
37.34000
37.34100
37.34200
37.34100
37.34000
37.34100
37.34100
37.34500
37.34300
37.34300
37.34400
37.34600
37.34600
37.34800
37.35000
37.35000
37.35100
37.35500
37.35500
37.35500
37.35500
37.35500
37.35500
37.35500
37.35400
37.35500
37.35600
37.35600
37.35900
37.35900
37.35600
37.35700
37.35700
37.35700
37.35800
37.35800
37.35800
37.35500
37.35600
37.36100
37.36100
37.36100
37.36000
37.35700
37.35900
37.36000
37.35900
37.36000
37.36300
37.36000
37.35900
37.36200
37.36000
37.35900
37.35800
37.35600
37.35600
37.35400
37.35400
37.35300
37.35500
37.35100
37.35000
37.34500
37.34600
37.34700
37.35100
37.35200
37.35500
37.35500
37.35400
37.35500
37.35500
37.35500
37.35600
37.35600
37.35700
37.35700
37.35700
37.35700
37.35800
37.35700
37.35500
37.35300
37.35500
37.35500
37.35600
37.35600
37.35500
37.35500
37.35500
37.35600
37.35300
37.35300
37.35400
37.35300
37.35500
37.35400
37.35300
37.35200
37.35400
37.35500
37.35600
37.35500
37.35400
37.35300
37.35200
37.35300
37.35600
37.35700
37.35900
37.35800
37.35800
37.35800
37.36000
37.35900
37.36000
37.36000
37.36000
37.35900
37.36000
37.35800
37.35800
37.35900
37.35800
37.35700
37.35300
37.35200
37.35200
37.35200
37.35200
37.35000
37.34900
37.34800
37.34700
37.34700
37.34900
37.35000
37.35000
37.34700
37.34800
37.34700
37.34800
37.34900
37.34900
37.34800
37.34800
37.35000
37.34800
37.34900
37.35100
37.35200
37.35200
37.34900
37.35100
37.34800
37.34800
37.34700
37.34600
37.34600
37.34700
37.34700
37.34900
37.34700
37.34700
37.34700
37.35000
37.35000
37.35000
37.34800
37.34800
37.34500
37.34400
37.34400
37.34800
37.34800
37.34800
37.34500
37.34700
37.34600
37.34700
37.34700
37.34700
37.34600
37.34800
37.34600
37.34600
37.34600
37.34800
37.34400
37.34500
37.34700
37.34700
37.34900
37.34900
37.34800
37.34700
37.35200
37.35100
37.34700
37.34600
37.34600
37.34800
37.34800
37.35000
37.35000
37.35000
37.35200
37.35200
37.35200
37.35300
37.35200
37.35300
37.35300
37.35400
37.35700
37.35700
37.35500
37.35600
37.35800
37.35500
37.35500
37.35100
37.35000
37.34900
37.35300
37.35200
37.34900
37.35200
37.34900
37.34800
37.35000
37.34800
37.34900
37.35000
37.35000
37.35000
37.35000
37.35100
37.34900
37.34900
37.35000
37.35100
37.35300
37.35500
37.35500
37.35400
37.35600
37.35900
37.35900
37.35900
37.36100
37.35900
37.35900
37.35900
37.35700
37.35700
37.35600
37.35500
37.35700
37.35600
37.35700
37.35800
37.35600
37.35600
37.35400
37.35400
37.35500
37.35500
37.35300
37.35700
37.35600
37.35800
37.35800
37.35800
37.35800
37.35900
37.36100
37.36100
37.36100
37.35800
37.35600
37.35600
37.35500
37.35500
37.35700
37.35900
37.36200
37.36300
37.36400
37.36400
37.36500
37.36500
37.36500
37.36400
37.36500
37.36500
37.36100
37.35800
37.35500
37.35500
37.35800
37.35900
37.35800
37.35700
37.35800
37.35900
37.35800
37.35400
37.35500
37.35500
37.35400
37.35100
37.35200
37.35200
37.35000
37.35000
37.35000
37.34700
37.35000
37.34900
37.34800
37.34600
37.34600
37.34600
37.34700
37.34500
37.34700
37.35000
37.35000
37.34800
37.34700
37.34700
37.34700
37.34700
37.34800
37.34700
37.34700
37.34600
37.34600
37.34700
37.34800
37.34800
37.34800
37.35000
37.35200
37.35200
37.35000
37.34900
37.34800
37.34800
37.34600
37.34400
37.34300
37.34700
37.34600
37.34300
37.34200
37.34300
37.34200
37.34200
37.34000
37.33900
37.33900
37.33900
37.34300
37.34300
37.34800
37.34800
37.34400
37.34400
37.34200
37.34400
37.34400
37.34300
37.34200
37.34300
37.34400
37.34300
37.34100
37.33700
37.33600
37.33800
37.33900
37.33800
37.33900
37.34000
37.34100
37.34000
37.34100
37.34200
37.34400
37.34400
37.34500
37.34600
37.34600
37.34700
37.35000
37.35000
37.35000
37.35000
37.34900
37.34900
37.35100
37.34900
37.34900
37.34900
37.35000
37.34700
37.34600
37.34600
37.34700
37.34700
37.34700
37.34800
37.34800
37.34700
37.34600
37.34400
37.34300
37.34100
37.33900
37.34100
37.34100
37.34000
37.34000
37.34100
37.34100
37.34100
37.34100
37.34300
37.34300
37.34200
37.33900
37.34100
37.34100
37.34600
37.34400
37.34500
37.34600
37.34600
37.34600
37.34500
37.34900
37.35000
37.34900
37.34900
37.35000
37.34800
37.34600
37.34900
37.34900
37.34800
37.35200
37.35200
37.35900
37.35800
37.35800
37.36000
37.35900
37.35900
37.35900
37.35700
37.35800
37.35800
37.35900
37.36000
37.36000
37.36200
37.36100
37.36100
37.36400
37.36400
37.36500
37.36400
37.36400
37.36500
37.36500
37.36600
37.36800
37.36500
37.36400
37.36700
37.36900
37.37000
37.37000
37.37100
37.37000
37.37000
37.37100
37.37000
37.36900
37.36900
37.36900
37.36900
37.36900
37.36800
37.36800
37.36600
37.36700
37.36600
37.36800
37.36700
37.36800
37.36800
37.36600
37.36700
37.36700
37.36700
37.36600
37.36600
37.36600
37.36600
37.36700
37.36700
37.37100
37.37200
37.36900
37.36800
37.37000
37.36900
37.37000
37.37100
37.37000
37.36900
37.36900
37.37100
37.36900
37.36700
37.36500
37.36500
37.36600
37.36400
37.36700
37.36700
37.36500
37.36600
37.36600
37.36500
37.36500
37.36300
37.36500
37.36500
37.36600
37.36600
37.36800
37.36900
37.36800
37.36800
37.36700
37.36700
37.36800
37.36800
37.36600
37.36500
37.36600
37.36800
37.36900
37.37200
37.37200
37.37200
37.37000
37.36900
37.36800
37.36800
37.36800
37.36700
37.36600
37.36600
37.36800
37.36900
37.36700
37.37000
37.36900
37.36800
37.37000
37.37000
37.37000
37.36900
37.37000
37.36900
37.37100
37.37100
37.36700
37.36600
37.36500
37.36800
37.36900
37.37000
37.37100
37.36900
37.36900
37.36800
37.36600
37.36800
37.36700
37.36700
37.36700
37.36600
37.36600
37.36600
37.36600
37.36600
37.36400
37.36200
37.36100
37.36500
37.36500
37.36400
37.36600
37.36500
37.36400
37.36500
37.36700
37.37000
37.37100
37.37200
37.37000
37.37200
37.37300
37.37200
37.36900
37.36900
37.36600
37.36600
37.36900
37.37100
37.37100
37.36900
37.36900
37.37000
37.36800
37.36900
37.37300
37.37400
37.37700
37.37500
37.37600
37.37600
37.37600
37.38000
37.38000
37.38300
37.38200
37.38200
37.38200
37.38200
37.38000
37.38000
37.38100
37.38000
37.37900
37.37900
37.38100
37.38200
37.38500
37.38400
37.38400
37.38700
37.38800
37.38800
37.38900
37.39000
37.38800
37.38600
37.38600
37.38600
37.38700
37.38600
37.38600
37.38700
37.39100
37.39000
37.38900
37.38900
37.38700
37.38800
37.38700
37.38700
37.38600
37.38500
37.38400
37.38300
37.38300
37.38300
37.38300
37.38200
37.38200
37.38300
37.38000
37.38100
37.38200
37.38100
37.38000
37.38200
37.38100
37.38100
37.38100
37.38200
37.38200
37.38300
37.38300
37.38500
37.38800
37.39100
37.39100
37.39000
37.39100
37.39200
37.39300
37.39300
37.39300
37.39000
37.39200
37.39100
37.39100
37.39400
37.39600
37.39400
37.39300
37.39100
37.39000
37.39000
37.39200
37.39200
37.39300
37.39300
37.39300
37.39300
37.39500
37.39700
37.39500
37.39600
37.39500
37.39400
37.39400
37.39400
37.39400
37.39400
37.39400
37.39500
37.39600
37.39700
37.39700
37.40000
37.39900
37.39800
37.39900
37.39900
37.40000
37.39900
37.39600
37.39700
37.40000
37.40100
37.39900
37.40000
37.40100
37.40400
37.40500
37.40400
37.40300
37.40200
37.40400
37.40500
37.40400
37.40400
37.40600
37.40800
37.40500
37.40500
37.40600
37.40600
37.40500
37.40700
37.40700
37.40500
37.40400
37.40500
37.40900
37.41000
37.41100
37.41300
37.41300
37.41300
37.41300
37.41500
37.41400
37.41300
37.41300
37.41400
37.41100
37.41200
37.41200
37.41200
37.41300
37.41400
37.41600
37.41600
37.41700
37.41600
37.41400
37.41200
37.41100
37.41400
37.41200
37.41100
37.41100
37.41100
37.41300
37.41300
37.41300
37.41400
37.41400
37.41500
37.41500
37.41600
37.41500
37.41200
37.41200
37.41200
37.41400
37.41400
37.41600
37.41700
37.41900
37.41900
37.42100
37.42100
37.42100
37.42200
37.42000
37.42100
37.42100
37.42000
37.42100
37.42100
37.42000
37.42100
37.42200
37.42000
37.42100
37.42100
37.42000
37.42500
37.42400
37.42300
37.42200
37.42400
37.42400
37.42800
37.42800
37.42400
37.42300
37.42300
37.42200
37.42300
37.42400
37.42500
37.42400
37.42500
37.42300
37.42200
37.42200
37.42200
37.42200
37.42100
37.42100
37.42100
37.41900
37.41800
37.41700
37.41800
37.41900
37.42000
37.42100
37.42200
37.42200
37.42200
37.42400
37.42300
37.42300
37.42300
37.42200
37.42300
37.42300
37.42400
37.42200
37.42300
37.42400
37.42500
37.42600
37.42400
37.42400
37.42400
37.42300
37.42100
37.42000
37.41900
37.42000
37.41800
37.41600
37.41700
37.41800
37.41900
37.41900
37.41900
37.41800
37.41900
37.41800
37.41800
37.41900
37.41700
37.41800
37.41800
37.41800
37.41900
37.42000
37.42000
37.42200
37.42200
37.41900
37.42000
37.42000
37.42100
37.42100
37.42000
37.41800
37.41700
37.41700
37.41500
37.41600
37.41500
37.41600
37.41300
37.41200
37.41200
37.41100
37.41100
37.41000
37.41100
37.41100
37.41000
37.41000
37.40800
37.40900
37.40900
37.40900
37.40900
37.40800
37.40800
37.40900
37.40700
37.41000
37.41100
37.41000
37.41000
37.41000
37.41000
37.40900
37.40900
37.40800
37.41000
37.40800
37.40900
37.40900
37.40800
37.40700
37.40700
37.40500
37.40400
37.40500
37.40500
37.40600
37.40600
37.40500
37.40100
37.40300
37.40200
37.40300
37.40500
37.40700
37.40700
37.40600
37.40700
37.40500
37.40500
37.40400
37.40400
37.40600
37.40600
37.40800
37.41000
37.41100
37.41200
37.41400
37.41100
37.41000
37.41200
37.41200
37.41500
37.41500
37.41500
37.41600
37.41600
37.41400
37.41500
37.41700
37.41600
37.41600
37.41600
37.41600
37.41700
37.41900
37.41800
37.41700
37.41700
37.41800
37.41800
37.41800
37.41800
37.42000
37.41800
37.42000
37.41900
37.41800
37.41600
37.41700
37.41600
37.41700
37.41700
37.41800
37.41500
37.41600
37.41800
37.41700
37.41900
37.41700
37.41700
37.41600
37.41600
37.41500
37.41800
37.41900
37.41700
37.41700
37.41900
37.41900
37.42000
37.42000
37.41800
37.41800
37.41900
37.42100
37.41900
37.41800
37.41700
37.41800
37.42200
37.42300
37.42200
37.42400
37.42200
37.42300
37.42400
37.42200
37.42200
37.42200
37.41900
37.42000
37.42000
37.41900
37.42100
37.42300
37.42300
37.42300
37.42200
37.42100
37.42000
37.42100
37.42100
37.42100
37.42200
37.42200
37.42200
37.42200
37.42300
37.42400
37.42400
37.42600
37.42500
37.42600
37.42500
37.42600
37.42500
37.42500
37.42500
37.42500
37.42500
37.42500
37.42500
37.42400
37.42600
37.42700
37.42600
37.42500
37.42600
37.42700
37.43000
37.43000
37.43000
37.43100
37.43000
37.42900
37.42800
37.42700
37.42600
37.42600
37.42700
37.42700
37.42700
37.43000
37.43200
37.43200
37.43200
37.43200
37.43200
37.43000
37.43200
37.43100
37.43000
37.42900
37.42900
37.42800
37.42900
37.42800
37.42900
37.42900
37.42900
37.43000
37.42800
37.42700
37.42800
37.42800
37.42900
37.42800
37.42900
37.42800
37.42700
37.42700
37.42800
37.42900
37.43100
37.43100
37.42900
37.42800
37.42700
37.42600
37.42700
37.42200
37.42100
37.42100
37.41800
37.41500
37.41700
37.41900
37.41800
37.41800
37.41800
37.41200
37.41100
37.41000
37.40700
37.40800
37.40800
37.41000
37.40900
37.40800
37.41000
37.40800
37.40800
37.41000
37.41000
37.41000
37.41100
37.40900
37.41000
37.41000
37.41100
37.41000
37.40600
37.40600
37.40600
37.40400
37.40200
37.40000
37.40000
37.40000
37.40000
37.40300
37.40400
37.40300
37.40100
37.40000
37.40000
37.40100
37.40200
37.40400
37.40200
37.40300
37.40300
37.40200
37.40400
37.40100
37.40300
37.40300
37.40300
37.40400
37.40400
37.40300
37.40300
37.40000
37.40000
37.39900
37.39900
37.39800
37.39900
37.39800
37.39900
37.39800
37.39800
37.39700
37.39600
37.39600
37.39500
37.39300
37.39400
37.39600
37.39700
37.39700
37.39800
37.39700
37.39800
37.39900
37.39800
37.40100
37.40100
37.40200
37.40100
37.40300
37.40100
37.39900
37.39800
37.39900
37.39800
37.40100
37.40200
37.40400
37.40300
37.40300
37.40300
37.40300
37.40100
37.40100
37.40300
37.40400
37.40400
37.40400
37.40400
37.40300
37.40300
37.40200
37.40500
37.40600
37.40900
37.40800
37.40700
37.40700
37.40700
37.40400
37.40500
37.40400
37.40400
37.40200
37.40400
37.40500
37.40500
37.40500
37.40500
37.40400
37.40400
37.40600
37.41000
37.41000
37.41000
37.41000
37.41100
37.41300
37.41400
37.41400
37.41500
37.41700
37.41900
37.41900
37.42100
37.42100
37.43444
37.43444
37.43444
37.47714
37.47857
37.60833
37.60600
37.60600
37.58250
37.58250
37.58250
37.60667
37.63000
