0.00000
0.00000
0.00000
0.00000
0.00000
0.00000
0.00000
0.00000
0.00000
0.00000
0.00000
0.00000
0.00000
0.00000
0.00000
0.00000
0.00000
0.00000
3.40000
8.95000
8.95000
8.95000
8.95000
8.95000
9.00000
10.50000
12.33300
14.21600
14.21600
16.11600
16.38300
16.38300
17.37500
18.55000
22.74100
23.23700
23.73800
24.10500
24.33200
25.07000
24.55100
24.52100
25.44600
25.98100
25.80000
26.21400
26.60900
26.35300
26.33400
26.51100
26.29200
26.19400
26.19400
26.16100
26.31100
26.47800
26.68300
26.78400
27.03300
27.16900
27.33400
27.26500
27.39600
27.56800
27.59500
27.79500
27.78400
28.00700
28.13700
28.11300
28.19700
28.30400
28.39100
28.53000
28.54600
28.62200
28.86400
28.96700
29.10900
29.18300
29.29700
29.33200
29.41100
29.39000
29.47000
29.36500
29.35000
29.47500
29.41900
29.50400
29.60400
29.43400
29.33700
29.29300
29.31800
29.39800
29.42200
29.56300
29.67600
29.65600
29.70600
29.73600
29.89100
29.94300
29.95900
30.00900
30.01900
30.09300
30.09700
30.06800
30.11900
30.08900
30.10300
30.10700
30.12600
30.18400
30.12100
30.15800
30.16100
30.18400
30.23900
30.26200
30.24600
30.33200
30.32300
30.32800
30.35100
30.33700
30.34700
30.34200
30.35800
30.35100
30.28000
30.36800
30.38000
30.38100
30.41600
30.43000
30.45100
30.43900
30.39000
30.36600
30.38800
30.38100
30.33600
30.33300
30.33000
30.34500
30.37400
30.36500
30.39800
30.42100
30.42800
30.39100
30.40700
30.44000
30.39800
30.42700
30.43300
30.47400
30.46400
30.48300
30.49000
30.55300
30.54100
30.51500
30.53100
30.51500
30.48000
30.47700
30.46900
30.48200
30.50500
30.51200
30.50000
30.42100
30.45000
30.49100
30.49900
30.50700
30.48100
30.50600
30.51400
30.56100
30.57900
30.61000
30.62500
30.63700
30.61900
30.63700
30.58200
30.58100
30.57400
30.54900
30.54800
30.54100
30.56200
30.53000
30.54100
30.53800
30.55500
30.50600
30.51000
30.50200
30.47700
30.49800
30.47900
30.50800
30.53600
30.51000
30.50600
30.48500
30.49200
30.50700
30.55200
30.54300
30.55200
30.52600
30.49000
30.51600
30.50200
30.49200
30.46200
30.46700
30.48700
30.47700
30.50200
30.51100
30.54300
30.52000
30.51600
30.52700
30.54400
30.56400
30.55300
30.55300
30.58400
30.56100
30.54700
30.53300
30.54900
30.56200
30.54900
30.51500
30.55700
30.56000
30.56200
30.52400
30.54000
30.55100
30.56200
30.55300
30.56800
30.59000
30.58600
30.59700
30.63200
30.59400
30.58500
30.59600
30.60500
30.59300
30.61200
30.59900
30.60500
30.62000
30.60400
30.59800
30.59500
30.60200
30.61800
30.63300
30.65800
30.69300
30.67300
30.69100
30.71500
30.70600
30.70400
30.66600
30.65900
30.65200
30.66900
30.69000
30.65400
30.65600
30.63500
30.63000
30.60300
30.62200
30.63600
30.62200
30.62700
30.63000
30.62600
30.63600
30.61900
30.60800
30.61500
30.60800
30.61700
30.61400
30.59600
30.62700
30.62900
30.60000
30.60200
30.59800
30.59300
30.60100
30.61400
30.61100
30.58300
30.60000
30.60800
30.59700
30.60600
30.61600
30.60400
30.61000
30.61600
30.60400
30.61700
30.63100
30.59700
30.60200
30.57200
30.57700
30.60200
30.58900
30.58100
30.56800
30.56100
30.57800
30.56200
30.57100
30.58700
30.59800
30.59800
30.58700
30.58000
30.59800
30.60100
30.60700
30.58800
30.55700
30.55800
30.54000
30.50900
30.50800
30.50600
30.50400
30.48800
30.49500
30.49100
30.47600
30.47800
30.46100
30.45400
30.44700
30.45700
30.46100
30.45500
30.43800
30.44600
30.44000
30.43300
30.42600
30.42500
30.43700
30.42000
30.40600
30.41700
30.42300
30.43500
30.42700
30.41100
30.41100
30.39500
30.39500
30.39400
30.40400
30.39300
30.38600
30.38900
30.38900
30.39100
30.38800
30.39000
30.37700
30.37800
30.39300
30.37200
30.38400
30.35500
30.34800
30.34200
30.33500
30.33400
30.34600
30.35100
30.34700
30.35000
30.35900
30.34700
30.34900
30.34200
30.35700
30.36400
30.36200
30.35700
30.35500
30.35800
30.35500
30.36800
30.36700
30.37100
30.36700
30.37100
30.36900
30.38500
30.39600
30.39200
30.38100
30.37200
30.37400
30.37600
30.37300
30.37300
30.36300
30.35000
30.35700
30.35500
30.34700
30.37300
30.37900
30.38300
30.38700
30.38900
30.39400
30.39900
30.40100
30.41000
30.40500
30.40200
30.40900
30.40800
30.41400
30.42400
30.43500
30.44200
30.43800
30.43400
30.42800
30.42900
30.43800
30.43100
30.43200
30.42300
30.42800
30.42900
30.43000
30.41400
30.42300
30.44800
30.45700
30.46700
30.47400
30.47700
30.46200
30.47000
30.48400
30.49700
30.49100
30.48400
30.49100
30.49300
30.46400
30.48400
30.49700
30.50200
30.50600
30.50500
30.51200
30.50700
30.49700
30.47700
30.46500
30.45800
30.48300
30.50000
30.50500
30.49600
30.50500
30.50000
30.49400
30.49000
30.49100
30.48100
30.47600
30.48100
30.49000
30.48300
30.49100
30.49800
30.50900
30.51800
30.51000
30.51200
30.51600
30.50800
30.49800
30.50400
30.51100
30.49700
30.50500
30.50400
30.50900
30.51900
30.52300
30.52100
30.51300
30.53300
30.54000
30.54800
30.55700
30.56000
30.56000
30.56800
30.57000
30.57000
30.56100
30.56900
30.57600
30.58000
30.58500
30.58300
30.59700
30.58900
30.59900
30.59300
30.59000
30.59300
30.60800
30.61500
30.61700
30.63000
30.62700
30.62700
30.63000
30.63000
30.64100
30.63700
30.62500
30.62000
30.63200
30.61800
30.62200
30.62600
30.63500
30.62600
30.61700
30.61200
30.60100
30.60200
30.59500
30.60000
30.59400
30.58800
30.60100
30.60500
30.60700
30.60200
30.60000
30.62500
30.61700
30.61700
30.61200
30.60400
30.61000
30.60000
30.60400
30.60200
30.60100
30.61000
30.60200
30.60500
30.59700
30.61000
30.61100
30.61500
30.62100
30.62600
30.62200
30.63000
30.62800
30.62600
30.61100
30.61300
30.60500
30.60700
30.60500
30.60400
30.61200
30.61500
30.61300
30.60700
30.61300
30.61000
30.61000
30.61700
30.61900
30.62800
30.63000
30.62500
30.61300
30.60600
30.61200
30.60600
30.60800
30.62100
30.61500
30.60900
30.61700
30.62200
30.61200
30.61900
30.61900
30.61700
30.61300
30.61700
30.60100
30.60400
30.60200
30.59700
30.60100
30.59700
30.60100
30.59900
30.60000
30.60900
30.60300
30.60000
30.60800
30.61200
30.61400
30.61200
30.62400
30.63100
30.63400
30.63200
30.63500
30.63200
30.62700
30.63300
30.63000
30.63800
30.64800
30.64500
30.65200
30.65200
30.64800
30.65100
30.64600
30.64300
30.64800
30.65700
30.65300
30.64200
30.64700
30.63600
30.64000
30.62900
30.62400
30.63200
30.63600
30.64400
30.64800
30.65200
30.65300
30.65100
30.66400
30.66800
30.67100
30.67500
30.69000
30.68900
30.70400
30.70000
30.70200
30.70300
30.70300
30.70500
30.71800
30.71900
30.72600
30.73000
30.73500
30.73400
30.75000
30.74600
30.75100
30.75700
30.75100
30.74400
30.74200
30.74300
30.73800
30.74000
30.74700
30.74000
30.74900
30.74700
30.74800
30.74000
30.73800
30.74000
30.74000
30.73300
30.73600
30.74200
30.74500
30.74100
30.73900
30.73400
30.73100
30.73700
30.73900
30.74000
30.74400
30.75200
30.75100
30.75500
30.75800
30.76000
30.76400
30.76400
30.76900
30.76700
30.76900
30.76700
30.77800
30.78100
30.77500
30.77600
30.77900
30.77000
30.77200
30.77200
30.77500
30.78200
30.78900
30.80000
30.80600
30.81000
30.80500
30.79400
30.80300
30.80600
30.80200
30.80700
30.80100
30.79900
30.80200
30.79000
30.79200
30.78900
30.79000
30.79200
30.79600
30.79700
30.79100
30.79500
30.79900
30.80400
30.80700
30.80400
30.81400
30.81900
30.81600
30.82200
30.81800
30.82200
30.81600
30.80800
30.81000
30.81500
30.81700
30.81700
30.81900
30.82400
30.82000
30.82100
30.81500
30.80600
30.80700
30.81000
30.80500
30.80300
30.80900
30.80400
30.81000
30.81500
30.81100
30.81000
30.81400
30.81900
30.81400
30.81700
30.81200
30.80500
30.80400
30.80000
30.80000
30.79500
30.79500
30.79500
30.79600
30.78500
30.80100
30.79900
30.80200
30.79600
30.79000
30.78900
30.78900
30.79200
30.79200
30.79100
30.79200
30.78900
30.78800
30.79000
30.78700
30.78700
30.79300
30.79700
30.79500
30.79300
30.79200
30.79400
30.79700
30.79600
30.80000
30.79200
30.79800
30.79800
30.79700
30.79500
30.79700
30.80400
30.80700
30.80800
30.80800
30.80400
30.80400
30.80800
30.81000
30.80900
30.81600
30.82000
30.82800
30.82700
30.82900
30.83500
30.83600
30.82200
30.82900
30.82400
30.82600
30.83400
30.83600
30.83600
30.82900
30.83100
30.82900
30.82300
30.83300
30.82900
30.84600
30.84700
30.84900
30.85000
30.85700
30.85600
30.85800
30.86100
30.85500
30.85300
30.84600
30.84400
30.84400
30.84500
30.83500
30.83500
30.83800
30.83200
30.83400
30.84100
30.83800
30.83000
30.82600
30.83200
30.83900
30.83900
30.85100
30.85100
30.84900
30.85300
30.85400
30.85500
30.85700
30.85300
30.85200
30.85800
30.87200
30.86700
30.87400
30.87700
30.87600
30.87800
30.87600
30.88300
30.87700
30.88300
30.88300
30.88300
30.88500
30.88100
30.87600
30.87400
30.87300
30.87600
30.87000
30.86900
30.86800
30.86700
30.87300
30.86900
30.86800
30.86300
30.86500
30.86600
30.86600
30.86600
30.86200
30.86200
30.86300
30.85600
30.85700
30.86200
30.86400
30.86200
30.85500
30.86000
30.86300
30.86100
30.86400
30.86100
30.86400
30.85900
30.85900
30.86400
30.86600
30.86600
30.86900
30.87500
30.87100
30.87700
30.87700
30.86900
30.87000
30.86200
30.85700
30.85200
30.85900
30.86400
30.85900
30.86200
30.86500
30.86300
30.86200
30.85700
30.85800
30.85400
30.85600
30.85800
30.85900
30.86200
30.86400
30.86500
30.86600
30.86600
30.86900
30.86600
30.86800
30.86900
30.86600
30.86600
30.86700
30.87200
30.87200
30.87200
30.87500
30.87700
30.87900
30.88100
30.88300
30.88500
30.88500
30.88200
30.88700
30.89000
30.89000
30.89500
30.90100
30.90200
30.90200
30.90200
30.89300
30.89200
30.89800
30.90600
30.91200
30.91900
30.91800
30.91900
30.92000
30.91500
30.92100
30.92300
30.92200
30.92400
30.92000
30.92700
30.92300
30.92700
30.92500
30.92500
30.92600
30.92900
30.92700
30.92400
30.91900
30.92200
30.92300
30.92800
30.92500
30.92300
30.92300
30.93000
30.93300
30.93500
30.93800
30.93300
30.93200
30.93200
30.94100
30.94500
30.94400
30.94200
30.94400
30.94000
30.94600
30.94100
30.94100
30.94300
30.94500
30.94300
30.95100
30.94500
30.94400
30.94900
30.94600
30.94800
30.95100
30.95000
30.94300
30.94000
30.93900
30.94700
30.94700
30.94800
30.94800
30.94700
30.95200
30.94700
30.95000
30.94900
30.95200
30.96000
30.95300
30.95900
30.95300
30.95300
30.95400
30.95300
30.95300
30.95200
30.95400
30.95200
30.94900
30.94700
30.94500
30.94700
30.94600
30.94700
30.94600
30.94700
30.94300
30.94200
30.93600
30.92800
30.93000
30.92800
30.92800
30.93300
30.93800
30.94400
30.93900
30.94000
30.94100
30.94600
30.94700
30.94600
30.94200
30.94100
30.94100
30.94200
30.94000
30.93600
30.93400
30.92300
30.92200
30.92400
30.92300
30.91400
30.91400
30.91500
30.91500
30.91100
30.91400
30.91400
30.91400
30.91300
30.91400
30.91400
30.90800
30.90300
30.90100
30.89500
30.89600
30.89300
30.89200
30.89300
30.89600
30.89900
30.90300
30.90400
30.90900
30.90900
30.90800
30.91000
30.91000
30.90600
30.90300
30.90100
30.89700
30.89700
30.90400
30.90200
30.89900
30.90300
30.90400
30.90900
30.91100
30.90200
30.90600
30.91100
30.91300
30.92100
30.92100
30.91700
30.91800
30.92000
30.92100
30.92200
30.91900
30.92300
30.92500
30.92400
30.92000
30.92700
30.93200
30.93400
30.92900
30.92800
30.92300
30.92000
30.91900
30.92300
30.91600
30.91900
30.91900
30.92200
30.93000
30.92800
30.92700
30.92500
30.92700
30.92300
30.92300
30.92300
30.92000
30.91800
30.92000
30.92600
30.92400
30.92300
30.91400
30.91500
30.91400
30.91400
30.91600
30.91700
30.91800
30.91800
30.91700
30.91600
30.91900
30.91000
30.90600
30.90500
30.90800
30.90500
30.90700
30.90900
30.91000
30.91000
30.91100
30.91300
30.91300
30.91300
30.91600
30.91900
30.92300
30.92100
30.92300
30.92500
30.91900
30.92000
30.92000
30.92100
30.92400
30.92200
30.92300
30.92600
30.92500
30.92500
30.92700
30.92600
30.93100
30.93300
30.92400
30.92700
30.93100
30.93400
30.93500
30.93800
30.93300
30.92200
30.91800
30.91600
30.91000
30.91100
30.91100
30.91000
30.90200
30.89700
30.89500
30.89400
30.89800
30.89500
30.89900
30.90000
30.90400
30.89800
30.90000
30.89800
30.89900
30.89700
30.89300
30.89300
30.88800
30.88400
30.88700
30.88600
30.88300
30.88400
30.88400
30.87800
30.87800
30.87700
30.88300
30.88600
30.88900
30.89100
30.89300
30.88900
30.88900
30.88800
30.88900
30.89000
30.88700
30.88700
30.88800
30.89100
30.88800
30.88600
30.88800
30.88800
30.88700
30.88500
30.88600
30.88400
30.88400
30.88600
30.88600
30.88800
30.88700
30.88400
30.88100
30.87900
30.88100
30.88200
30.88100
30.88200
30.88200
30.87500
30.87700
30.88700
30.88800
30.88600
30.88600
30.89400
30.89800
30.89800
30.90100
30.90200
30.90400
30.90800
30.90900
30.90600
30.90500
30.90600
30.90900
30.90600
30.90000
30.89500
30.89500
30.89600
30.89800
30.89900
30.90000
30.89600
30.89600
30.89500
30.89100
30.89200
30.89200
30.89200
30.89800
30.90500
30.90600
30.90900
30.91000
30.91200
30.92100
30.92600
30.92500
30.92700
30.92500
30.92500
30.91600
30.91700
30.91600
30.91900
30.92300
30.91800
30.92100
30.92700
30.92900
30.93200
30.93100
30.93000
30.92700
30.92700
30.93000
30.92500
30.92700
30.92600
30.92600
30.92400
30.92500
30.92500
30.92300
30.92100
30.91700
30.91800
30.91300
30.91400
30.92100
30.91700
30.91300
30.91200
30.91700
30.92100
30.92200
30.92400
30.92400
30.92100
30.92400
30.92100
30.91500
30.91100
30.91100
30.91200
30.91800
30.92000
30.91600
30.91500
30.92000
30.91800
30.91900
30.92300
30.92200
30.92100
30.92100
30.92200
30.92300
30.92800
30.93000
30.92700
30.93000
30.93200
30.92600
30.92600
30.92900
30.92900
30.92700
30.92200
30.92200
30.92300
30.92200
30.91900
30.91700
30.91800
30.91300
30.91200
30.90900
30.90100
30.90100
30.90100
30.89700
30.89800
30.89500
30.89400
30.89700
30.89500
30.89700
30.89600
30.89900
30.90300
30.90300
30.90000
30.89400
30.89400
30.89600
30.89500
30.89600
30.89600
30.89600
30.89500
30.89400
30.89600
30.89400
30.89400
30.89200
30.89000
30.89100
30.89100
30.89400
30.89000
30.89200
30.89400
30.89100
30.89000
30.88900
30.88600
30.88500
30.89100
30.89200
30.89100
30.88800
30.88700
30.88500
30.88500
30.89100
30.88900
30.88700
30.88900
30.89200
30.89100
30.88800
30.88900
30.88400
30.88500
30.88400
30.88100
30.88100
30.87700
30.87400
30.87500
30.87000
30.87200
30.86900
30.86800
30.86900
30.87000
30.86600
30.86500
30.86600
30.86700
30.86500
30.86300
30.86200
30.86300
30.86300
30.86000
30.86000
30.86100
30.85700
30.85700
30.85700
30.85800
30.86000
30.86000
30.85500
30.85600
30.85800
30.85900
30.86000
30.85600
30.85900
30.85800
30.85800
30.85800
30.85600
30.86100
30.85900
30.85800
30.85700
30.85500
30.85700
30.85700
30.85200
30.85600
30.85100
30.85200
30.85200
30.85400
30.85500
30.85700
30.85700
30.85900
30.85800
30.86000
30.86000
30.86200
30.86200
30.86500
30.86700
30.86700
30.86300
30.86700
30.86600
30.86900
30.86200
30.86400
30.86500
30.86600
30.86400
30.86200
30.86600
30.86400
30.86200
30.85700
30.85900
30.86000
30.85600
30.85800
30.85900
30.85600
30.85200
30.85100
30.85000
30.85200
30.84800
30.84700
30.84400
30.84600
30.84700
30.84400
30.84100
30.84200
30.83900
30.83500
30.83800
30.83800
30.83700
30.84000
30.83900
30.83700
30.83700
30.83900
30.84000
30.83800
30.83900
30.83800
30.83700
30.83700
30.84200
30.84100
30.84400
30.84600
30.84700
30.84600
30.84800
30.85000
30.84700
30.84500
30.84400
30.84300
30.84400
30.84300
30.84000
30.83700
30.83600
30.83300
30.83500
30.83400
30.83600
30.83700
30.83000
30.82600
30.82600
30.81600
30.81800
30.82100
30.81600
30.82200
30.82000
30.82000
30.81600
30.80900
30.80900
30.81100
30.81100
30.81200
30.81200
30.81000
30.80600
30.81100
30.81400
30.81200
30.80600
30.80800
30.80900
30.81500
30.80900
30.80800
30.80900
30.81200
30.81300
30.81400
30.81500
30.81500
30.81500
30.81500
30.81400
30.81200
30.81100
30.81300
30.80800
30.80400
30.80300
30.80600
30.80500
30.80200
30.80000
30.79400
30.79400
30.79600
30.79700
30.79800
30.80000
30.80100
30.80300
30.80700
30.80100
30.80100
30.80200
30.80100
30.80100
30.79300
30.79600
30.79700
30.79400
30.79300
30.79000
30.79200
30.79100
30.79200
30.79400
30.79700
30.79600
30.79500
30.79300
30.79500
30.78800
30.79200
30.79500
30.79700
30.79500
30.79700
30.79600
30.79400
30.80100
30.80100
30.80100
30.80000
30.80300
30.80200
30.80000
30.79700
30.79700
30.79700
30.79700
30.79500
30.79300
30.79700
30.79500
30.79600
30.79400
30.79400
30.79400
30.79800
30.80200
30.80100
30.80600
30.81400
30.81600
30.81400
30.81600
30.81600
30.81500
30.81700
30.81300
30.81100
30.81100
30.80800
30.80600
30.80800
30.81300
30.81600
30.81600
30.81300
30.81300
30.81400
30.81700
30.81700
30.81600
30.82200
30.82400
30.82100
30.81700
30.81600
30.81800
30.81600
30.81500
30.81000
30.81000
30.80900
30.80900
30.81000
30.80800
30.80800
30.80300
30.80000
30.79900
30.79600
30.79700
30.79900
30.79600
30.80100
30.80400
30.80200
30.80000
30.79900
30.79900
30.80200
30.80100
30.80300
30.80500
30.80700
30.80400
30.80600
30.80600
30.81000
30.81000
30.81100
30.80800
30.80500
30.79700
30.80000
30.80200
30.80300
30.80200
30.80300
30.79800
30.79500
30.79300
30.79000
30.79000
30.79200
30.79200
30.79100
30.78800
30.78600
30.78500
30.78600
30.78700
30.78500
30.78500
30.78400
30.78400
30.78700
30.78600
30.78500
30.78900
30.78800
30.78800
30.79000
30.79400
30.79300
30.79600
30.79400
30.79300
30.79400
30.79200
30.79300
30.79100
30.79100
30.79000
30.79200
30.79500
30.79600
30.79600
30.79400
30.79100
30.79100
30.79300
30.79200
30.79400
30.79500
30.79300
30.78900
30.79100
30.79300
30.79200
30.79300
30.79300
30.79500
30.79600
30.79400
30.79400
30.79500
30.78900
30.79100
30.79200
30.79300
30.79300
30.79000
30.78500
30.78700
30.79000
30.79100
30.79300
30.79100
30.78900
30.78600
30.78800
30.78900
30.78900
30.78900
30.78900
30.78900
30.78800
30.79100
30.78700
30.78500
30.78000
30.78000
30.78100
30.78300
30.78200
30.78100
30.78400
30.78300
30.78200
30.78300
30.78400
30.78300
30.78200
30.78200
30.78200
30.78300
30.78500
30.78500
30.78600
30.78300
30.78400
30.78400
30.78500
30.78600
30.78400
30.78200
30.78400
30.78500
30.78700
30.78800
30.78800
30.78500
30.78200
30.78000
30.78100
30.78100
30.78000
30.77900
30.78200
30.78100
30.78400
30.78700
30.78700
30.78500
30.78500
30.78500
30.79200
30.79000
30.79100
30.78400
30.78800
30.79000
30.79400
30.79200
30.78800
30.78800
30.78900
30.78800
30.79200
30.79400
30.79200
30.79500
30.79500
30.79800
30.79800
30.79900
30.79700
30.79500
30.79300
30.79200
30.79300
30.79200
30.79200
30.79100
30.79100
30.79100
30.79200
30.79100
30.78800
30.78600
30.78800
30.78700
30.78600
30.78400
30.78600
30.78600
30.78500
30.78200
30.78200
30.78300
30.78500
30.78400
30.78400
30.78200
30.77900
30.78300
30.78200
30.78400
30.78500
30.78200
30.78100
30.78500
30.78600
30.78400
30.78400
30.78400
30.78700
30.78300
30.78600
30.78700
30.79100
30.79100
30.78900
30.78900
30.79400
30.79100
30.78900
30.78700
30.78500
30.79300
30.79000
30.78900
30.79200
30.79600
30.80000
30.80300
30.80500
30.80700
30.80400
30.80300
30.79900
30.80300
30.80500
30.79800
30.79900
30.80000
30.80200
30.80200
30.80400
30.79700
30.79800
30.79900
30.80200
30.80400
30.80200
30.79800
30.80100
30.80000
30.79900
30.80100
30.79900
30.79800
30.79800
30.80100
30.79900
30.80000
30.80100
30.80200
30.79900
30.80200
30.80200
30.80200
30.80000
30.80000
30.79700
30.79800
30.80000
30.80100
30.80100
30.80200
30.80200
30.80600
30.80800
30.80800
30.80600
30.80600
30.81000
30.80800
30.80900
30.81200
30.81400
30.81400
30.81400
30.81200
30.81300
30.81400
30.81400
30.81200
30.81200
30.81300
30.81300
30.81600
30.81500
30.81700
30.81700
30.82100
30.81700
30.81700
30.81700
30.81500
30.81600
30.81300
30.81400
30.81300
30.80700
30.80900
30.80900
30.80800
30.80900
30.81200
30.80800
30.80400
30.80500
30.80000
30.80100
30.80600
30.80700
30.80700
30.80800
30.80800
30.80200
30.80200
30.79900
30.80100
30.80000
30.79800
30.79700
30.79900
30.79900
30.79800
30.80000
30.80000
30.80200
30.80000
30.79800
30.80200
30.80200
30.80000
30.80000
30.80000
30.80400
30.80300
30.80300
30.80100
30.80100
30.79900
30.79700
30.79900
30.80100
30.80100
30.80600
30.80500
30.80600
30.80600
30.80600
30.80500
30.80500
30.80700
30.80700
30.80400
30.80600
30.80700
30.80600
30.80600
30.80400
30.80300
30.80200
30.80100
30.80000
30.80700
30.81100
30.81100
30.81200
30.81200
30.81200
30.80900
30.80900
30.81100
30.81600
30.81600
30.82000
30.82500
30.82600
30.82600
30.83100
30.82800
30.83000
30.83300
30.83300
30.83100
30.83100
30.83500
30.83900
30.84100
30.83800
30.83900
30.84400
30.84800
30.84600
30.84300
30.84500
30.84400
30.84400
30.84500
30.84900
30.84900
30.85100
30.85200
30.85200
30.85300
30.85400
30.85400
30.85100
30.85200
30.85100
30.85000
30.84600
30.84600
30.84500
30.84500
30.84600
30.85100
30.84900
30.84700
30.84800
30.85000
30.85000
30.84800
30.84800
30.84700
30.84700
30.84800
30.84600
30.84300
30.84500
30.84500
30.84300
30.84700
30.84300
30.84200
30.84300
30.84200
30.84200
30.84400
30.84100
30.84000
30.84000
30.84100
30.83700
30.84000
30.83900
30.83900
30.83800
30.83700
30.83400
30.83600
30.83100
30.83500
30.83500
30.83600
30.83400
30.83300
30.83600
30.83500
30.83400
30.83300
30.83100
30.82900
30.82700
30.82800
30.82800
30.82700
30.82900
30.83100
30.83300
30.83100
30.83100
30.83000
30.82900
30.82700
30.82900
30.82800
30.82600
30.82400
30.82400
30.82300
30.82100
30.82200
30.82200
30.82300
30.82300
30.82600
30.82300
30.82200
30.82300
30.82200
30.82400
30.82400
30.82400
30.82500
30.82500
30.82500
30.82500
30.82100
30.81700
30.81700
30.81700
30.81800
30.81600
30.81600
30.81900
30.82000
30.81600
30.81500
30.81500
30.81400
30.81300
30.81400
30.81200
30.81100
30.80900
30.81100
30.81300
30.81100
30.81300
30.81600
30.81500
30.81600
30.81400
30.81600
30.81500
30.81400
30.81600
30.81800
30.81500
30.81600
30.81500
30.81400
30.81300
30.81100
30.81100
30.81200
30.81100
30.81200
30.81100
30.81100
30.81200
30.81300
30.81100
30.80700
30.80400
30.80500
30.80500
30.81000
30.81000
30.80600
30.80500
30.80500
30.80400
30.80400
30.80400
30.80200
30.80300
30.80300
30.80600
30.80500
30.80500
30.80300
30.80500
30.80600
30.80600
30.80600
30.80400
30.80300
30.80000
30.79800
30.80000
30.80200
30.80400
30.80400
30.80300
30.80600
30.80500
30.80300
30.80200
30.80300
30.80100
30.80300
30.80000
30.79700
30.79600
30.79500
30.79500
30.79600
30.79600
30.79500
30.79900
30.79700
30.79900
30.79900
30.80000
30.79900
30.80000
30.79800
30.79900
30.79800
30.79700
30.79900
30.79900
30.79700
30.79700
30.79800
30.79700
30.79900
30.80000
30.80000
30.79900
30.80200
30.80400
30.80000
30.80100
30.80200
30.80400
30.80200
30.80200
30.80200
30.80100
30.80400
30.80600
30.80500
30.80200
30.80200
30.80200
30.80000
30.80000
30.80000
30.80000
30.79900
30.79700
30.79700
30.79900
30.79800
30.79800
30.79900
30.79900
30.80000
30.79900
30.79700
30.79600
30.79700
30.79700
30.79600
30.80200
30.80100
30.80200
30.80100
30.79900
30.79900
30.80000
30.80100
30.80200
30.80000
30.79900
30.80100
30.80700
30.80500
30.80600
30.80800
30.80700
30.81600
30.81700
30.81900
30.81700
30.81800
30.81700
30.81900
30.82000
30.81900
30.81900
30.81400
30.81400
30.81500
30.81800
30.81800
30.81800
30.81600
30.81700
30.81700
30.81700
30.81500
30.81400
30.81500
30.81400
30.81700
30.81900
30.82000
30.81900
30.81900
30.81800
30.82000
30.81900
30.81700
30.81900
30.81800
30.81800
30.81800
30.81900
30.81900
30.82100
30.81900
30.81900
30.81900
30.81800
30.82000
30.82000
30.81900
30.82200
30.81900
30.82000
30.82000
30.82000
30.81900
30.82000
30.81900
30.82000
30.81700
30.81700
30.81600
30.81600
30.81500
30.81300
30.81300
30.81300
30.81300
30.81100
30.81200
30.81200
30.81000
30.81200
30.81200
30.81200
30.81300
30.81200
30.81400
30.81500
30.81700
30.81800
30.81900
30.81600
30.81700
30.81600
30.81700
30.81600
30.81500
30.81300
30.81200
30.81000
30.80900
30.81300
30.81500
30.81500
30.81900
30.81800
30.81700
30.81500
30.81300
30.81300
30.81200
30.81100
30.81200
30.81000
30.81000
30.81200
30.81700
30.81600
30.81800
30.82100
30.81900
30.82000
30.82100
30.82000
30.82100
30.82000
30.82000
30.82000
30.82100
30.82000
30.82000
30.82000
30.81900
30.81800
30.81600
30.81400
30.81300
30.81400
30.81500
30.81700
30.81800
30.81700
30.81700
30.82000
30.82200
30.82100
30.81900
30.81900
30.81800
30.81700
30.81900
30.81800
30.82000
30.81900
30.81900
30.81800
30.81900
30.82100
30.82500
30.82500
30.82600
30.82500
30.82400
30.82500
30.82600
30.82500
30.82500
30.82300
30.82300
30.82400
30.82500
30.82500
30.82500
30.82500
30.82800
30.82800
30.82800
30.82800
30.82800
30.82300
30.82500
30.82100
30.82600
30.82400
30.82300
30.82400
30.82100
30.82000
30.82000
30.82100
30.82300
30.82200
30.82100
30.81900
30.82300
30.82400
30.82500
30.82800
30.82700
30.82800
30.82700
30.82800
30.82600
30.82600
30.82500
30.82300
30.82500
30.82400
30.82400
30.82600
30.82700
30.82700
30.82800
30.82800
30.82900
30.82900
30.82900
30.82800
30.82700
30.82500
30.82900
30.83000
30.82800
30.83100
30.83000
30.83000
30.83100
30.83400
30.83600
30.83600
30.83500
30.83500
30.83500
30.83400
30.83600
30.83600
30.83400
30.82900
30.82800
30.82900
30.82800
30.82600
30.82400
30.82400
30.82300
30.82200
30.82300
30.82500
30.82300
30.82100
30.82300
30.82400
30.82200
30.82400
30.82400
30.82400
30.82400
30.82500
30.82200
30.82200
30.82400
30.82300
30.82100
30.82100
30.82000
30.82000
30.82000
30.82100
30.82100
30.82000
30.81900
30.81600
30.81600
30.81400
30.81400
30.81700
30.81400
30.81700
30.81700
30.81800
30.81800
30.82000
30.82000
30.81900
30.82100
30.82100
30.82000
30.81700
30.82200
30.82100
30.81800
30.81600
30.81700
30.81600
30.81700
30.81700
30.81500
30.81300
30.80900
30.81200
30.81200
30.81200
30.81300
30.81300
30.81400
30.81600
30.81600
30.81800
30.82000
30.82200
30.82100
30.82100
30.82300
30.82100
30.82200
30.82400
30.82300
30.82200
30.81800
30.81700
30.82100
30.82000
30.81900
30.82000
30.82000
30.82100
30.81900
30.81900
30.82100
30.81800
30.82000
30.81800
30.81700
30.81600
30.81600
30.81200
30.81400
30.81600
30.81600
30.81700
30.81800
30.81300
30.81600
30.81800
30.81600
30.81600
30.81500
30.81500
30.81700
30.81700
30.81600
30.81400
30.81400
30.81500
30.81000
30.81200
30.81300
30.81600
30.81600
30.81600
30.81400
30.81500
30.81600
30.81600
30.81600
30.81300
30.81300
30.81000
30.81200
30.81300
30.81100
30.81300
30.81200
30.81300
30.81100
30.81100
30.81000
30.81300
30.81200
30.81400
30.81300
30.81100
30.81100
30.81000
30.81000
30.81100
30.81400
30.81400
30.81300
30.81400
30.81300
30.81200
30.81200
30.80900
30.81000
30.81200
30.81300
30.81400
30.81500
30.81800
30.81700
30.81500
30.81500
30.81600
30.81700
30.81700
30.81500
30.81400
30.81500
30.81400
30.81400
30.81500
30.81300
30.81300
30.81200
30.81000
30.81000
30.81300
30.81400
30.81500
30.81300
30.81300
30.81000
30.81100
30.81100
30.81100
30.80900
30.80800
30.80900
30.80900
30.81000
30.80900
30.80900
30.81100
30.80900
30.80800
30.80800
30.80700
30.80800
30.80800
30.80700
30.80700
30.80500
30.80400
30.80500
30.80400
30.80400
30.80300
30.80200
30.80400
30.80600
30.80600
30.80500
30.80500
30.80700
30.80400
30.80100
30.80300
30.80200
30.80100
30.79900
30.79600
30.79600
30.79600
30.79200
30.79100
30.79100
30.79200
30.79200
30.79100
30.79200
30.79100
30.79200
30.79200
30.79500
30.79500
30.79500
30.79300
30.79300
30.79400
30.79300
30.79200
30.79100
30.79200
30.79200
30.78900
30.78600
30.78700
30.78900
30.78700
30.78700
30.78700
30.78700
30.78700
30.78900
30.78900
30.78700
30.78500
30.78300
30.78200
30.78400
30.78300
30.78400
30.78400
30.78400
30.78600
30.78700
30.78700
30.78800
30.78700
30.78700
30.79200
30.79200
30.79200
30.79200
30.79300
30.79300
30.79100
30.79300
30.79300
30.79300
30.79200
30.79000
30.78900
30.78700
30.78900
30.78900
30.78800
30.78800
30.78700
30.78600
30.78500
30.78800
30.78800
30.78600
30.78700
30.78900
30.78700
30.78800
30.78600
30.78600
30.78800
30.78900
30.79000
30.79000
30.79000
30.79100
30.79300
30.79500
30.79500
30.79700
30.79500
30.79600
30.79500
30.79600
30.79700
30.79800
30.79800
30.79800
30.79900
30.79800
30.79900
30.79900
30.80300
30.80200
30.80400
30.80200
30.80200
30.80100
30.80300
30.80300
30.80600
30.80700
30.81000
30.81200
30.81000
30.80700
30.80600
30.80500
30.80600
30.80500
30.80600
30.80500
30.80600
30.80800
30.80900
30.80700
30.80400
30.80300
30.80300
30.80500
30.80600
30.80600
30.80400
30.80000
30.80300
30.80400
30.80400
30.80500
30.80700
30.80700
30.80700
30.80500
30.80600
30.80600
30.80600
30.80800
30.80800
30.81000
30.80900
30.81000
30.80800
30.80900
30.81200
30.81300
30.81300
30.81300
30.81200
30.81200
30.81200
30.81100
30.81200
30.81500
30.81200
30.81200
30.81400
30.81800
30.81500
30.81700
30.81600
30.81600
30.81700
30.81700
30.81600
30.81600
30.81600
30.81800
30.82200
30.82100
30.82100
30.82000
30.81800
30.81700
30.81700
30.81700
30.81900
30.81700
30.81600
30.81900
30.81600
30.81400
30.81500
30.81400
30.81200
30.81200
30.81100
30.81000
30.81000
30.81000
30.81100
30.80900
30.81000
30.81200
30.81300
30.81600
30.81300
30.81500
30.81600
30.81700
30.81700
30.81700
30.81600
30.81600
30.81600
30.81500
30.81300
30.81300
30.81600
30.81600
30.81700
30.81800
30.81600
30.81500
30.81600
30.81600
30.81500
30.81500
30.81400
30.81400
30.81400
30.81600
30.81800
30.81800
30.81400
30.81500
30.81600
30.81500
30.81500
30.81500
30.81600
30.81700
30.81700
30.81800
30.81800
30.82000
30.82000
30.82200
30.81900
30.81800
30.81600
30.81800
30.81700
30.81800
30.81600
30.81400
30.81600
30.81700
30.81800
30.81600
30.81600
30.81800
30.82000
30.81900
30.81800
30.81900
30.81900
30.82100
30.81900
30.82100
30.82100
30.82000
30.82100
30.82300
30.82400
30.82400
30.82400
30.82600
30.82400
30.82400
30.82300
30.82300
30.82300
30.82400
30.82600
30.82600
30.82600
30.82600
30.82700
30.82800
30.82700
30.82800
30.82800
30.82800
30.82600
30.82600
30.82700
30.82800
30.82600
30.82400
30.82500
30.82900
30.82500
30.82500
30.82600
30.82600
30.82700
30.82600
30.82400
30.82200
30.82100
30.82100
30.82200
30.82200
30.82300
30.82200
30.81900
30.82100
30.82100
30.82200
30.82400
30.82400
30.82300
30.82400
30.82300
30.82300
30.82300
30.82200
30.82200
30.82100
30.82000
30.82100
30.82300
30.82300
30.82400
30.82300
30.82200
30.82400
30.82500
30.82400
30.82400
30.82200
30.82100
30.81900
30.81900
30.81800
30.81800
30.81900
30.81800
30.82000
30.82000
30.81900
30.81900
30.82100
30.82200
30.82400
30.82500
30.82600
30.82600
30.82600
30.82600
30.82600
30.82600
30.82700
30.82800
30.82900
30.82600
30.82800
30.82700
30.82700
30.82600
30.82700
30.82600
30.82600
30.82800
30.82900
30.83000
30.82900
30.83000
30.83400
30.83400
30.83600
30.83500
30.83200
30.83300
30.83400
30.83200
30.83000
30.83000
30.83200
30.83000
30.82900
30.82900
30.83000
30.82900
30.82900
30.82800
30.82700
30.83000
30.83000
30.82900
30.82900
30.83100
30.83100
30.83300
30.83400
30.83300
30.83300
30.83200
30.83400
30.83100
30.83000
30.83100
30.83200
30.83200
30.83000
30.83100
30.83200
30.83100
30.83300
30.83500
30.83500
30.83300
30.83500
30.83600
30.83900
30.83800
30.83600
30.83500
30.83800
30.83900
30.83900
30.84000
30.84000
30.83800
30.83700
30.83500
30.83500
30.83500
30.83500
30.83600
30.83800
30.83900
30.83900
30.83800
30.84000
30.83900
30.83900
30.84000
30.83900
30.83900
30.84200
30.84400
30.84400
30.84600
30.84600
30.84800
30.84700
30.84700
30.84700
30.84900
30.84800
30.84800
30.84600
30.84700
30.84700
30.84900
30.85100
30.84900
30.84900
30.84900
30.84900
30.85200
30.85100
30.85200
30.85200
30.85300
30.85100
30.85100
30.85200
30.85300
30.85000
30.85400
30.85400
30.85200
30.85300
30.85400
30.85400
30.85500
30.85700
30.85900
30.85900
30.85800
30.85900
30.85700
30.85500
30.85700
30.85700
30.85600
30.85400
30.85500
30.85600
30.85600
30.85800
30.85800
30.85700
30.85700
30.86100
30.86000
30.86100
30.85900
30.85800
30.86200
30.86300
30.86300
30.86400
30.86200
30.86200
30.86300
30.86400
30.86800
30.86700
30.86700
30.86700
30.86700
30.86700
30.86700
30.86600
30.87000
30.87100
30.86900
30.87200
30.87100
30.87200
30.87200
30.87300
30.87200
30.87200
30.87500
30.87500
30.87500
30.87700
30.87600
30.87700
30.87900
30.87900
30.88200
30.88400
30.88500
30.88400
30.88100
30.88200
30.88200
30.88200
30.88100
30.88400
30.88400
30.88400
30.88400
30.88500
30.88500
30.88400
30.88600
30.88800
30.88800
30.88900
30.89000
30.89100
30.89000
30.89000
30.89100
30.89300
30.89200
30.89400
30.89300
30.89500
30.89600
30.89200
30.89400
30.89400
30.89400
30.89500
30.89400
30.89600
30.89700
30.89700
30.89900
30.89900
30.90000
30.90100
30.90200
30.90200
30.90200
30.89900
30.89900
30.90000
30.90100
30.90200
30.90400
30.90200
30.90100
30.90300
30.90300
30.90300
30.90400
30.90100
30.90100
30.90300
30.90300
30.90300
30.90600
30.90700
30.90700
30.90800
30.90800
30.90700
30.90700
30.90800
30.91000
30.91100
30.91000
30.91100
30.91000
30.90900
30.91200
30.91200
30.91200
30.91200
30.91200
30.91200
30.90900
30.90800
30.91100
30.90900
30.91100
30.91200
30.91200
30.91100
30.91200
30.91200
30.91100
30.91200
30.91100
30.91000
30.90900
30.91000
30.91000
30.90900
30.90900
30.90700
30.90900
30.91000
30.91000
30.91100
30.90800
30.90900
30.91100
30.91200
30.91100
30.90900
30.90900
30.90800
30.90900
30.90900
30.90800
30.90800
30.90900
30.90800
30.90900
30.91100
30.91200
30.91300
30.91300
30.91200
30.91400
30.91300
30.91500
30.91400
30.91300
30.91300
30.91400
30.91400
30.91500
30.91700
30.91700
30.91600
30.91700
30.91700
30.91200
30.91200
30.91300
30.91500
30.91400
30.91300
30.91000
30.91100
30.91200
30.91300
30.91400
30.91700
30.91700
30.91600
30.91600
30.91400
30.91400
30.91400
30.91200
30.91400
30.91700
30.91700
30.91700
30.91600
30.91600
30.91400
30.91200
30.91000
30.91000
30.90900
30.90800
30.90900
30.91400
30.91400
30.91500
30.91500
30.91400
30.91500
30.91500
30.91100
30.91100
30.91200
30.91300
30.91100
30.91200
30.91000
30.90900
30.90800
30.91000
30.90900
30.91200
30.91200
30.91000
30.91200
30.91200
30.91100
30.91100
30.91000
30.91000
30.91100
30.91200
30.91200
30.91200
30.90900
30.90600
30.90900
30.90800
30.90900
30.91100
30.90900
30.90900
30.91000
30.91000
30.90900
30.90900
30.90900
30.90900
30.91200
30.91100
30.91000
30.91100
30.90900
30.90700
30.90700
30.91100
30.90900
30.90800
30.90800
30.90600
30.90800
30.90800
30.91000
30.91000
30.91000
30.91200
30.91300
30.91200
30.91100
30.91100
30.90800
30.90900
30.90800
30.91000
30.90700
30.90700
30.90800
30.90700
30.90400
30.90600
30.90700
30.90800
30.91100
30.90600
30.90600
30.90800
30.90900
30.90900
30.90700
30.90800
30.90800
30.90700
30.90700
30.91000
30.90700
30.90700
30.90600
30.90500
30.90500
30.90400
30.90400
30.90600
30.90800
30.90800
30.90800
30.90800
30.90900
30.90900
30.90700
30.90500
30.90400
30.90700
30.90700
30.90700
30.90600
30.90500
30.90500
30.90500
30.90400
30.90200
30.90300
30.90500
30.90400
30.90500
30.90500
30.90600
30.90600
30.90400
30.90500
30.90500
30.90400
30.90600
30.90600
30.90600
30.90600
30.90800
30.90900
30.90900
30.90900
30.90800
30.90600
30.90600
30.90600
30.90500
30.90600
30.90400
30.90300
30.90200
30.90300
30.90400
30.90400
30.90500
30.90600
30.90600
30.90600
30.90700
30.90600
30.90900
30.90900
30.90900
30.91000
30.90800
30.90800
30.90800
30.90700
30.90800
30.90600
30.90500
30.90400
30.90300
30.90400
30.90400
30.90400
30.90100
30.90000
30.90200
30.90500
30.90400
30.90400
30.90400
30.90500
30.90600
30.90700
30.90500
30.90500
30.90500
30.90500
30.90400
30.90300
30.90100
30.90200
30.90100
30.90200
30.90200
30.90100
30.90100
30.90100
30.90000
30.90000
30.90100
30.90000
30.89900
30.90100
30.90000
30.89900
30.89800
30.89900
30.89800
30.90100
30.90100
30.90100
30.90200
30.90100
30.90000
30.90200
30.90200
30.90400
30.90500
30.90200
30.90300
30.90100
30.90100
30.90000
30.90300
30.90300
30.90300
30.90600
30.90900
30.90900
30.91000
30.91100
30.91100
30.91200
30.91100
30.91200
30.91200
30.91300
30.91300
30.91400
30.91200
30.91300
30.91400
30.91500
30.91800
30.91800
30.91500
30.91600
30.91700
30.91800
30.92100
30.91900
30.92000
30.92100
30.92100
30.92400
30.92100
30.92000
30.92000
30.92100
30.92000
30.91800
30.91800
30.91900
30.92000
30.92100
30.92300
30.92200
30.92000
30.92300
30.92500
30.92500
30.92100
30.92200
30.92300
30.92500
30.92500
30.92400
30.92400
30.92400
30.92700
30.92700
30.92700
30.92700
30.92500
30.92400
30.92800
30.93000
30.93000
30.93000
30.92800
30.92900
30.93000
30.93200
30.93200
30.93200
30.93400
30.93200
30.93400
30.93600
30.93500
30.93400
30.93300
30.93600
30.93500
30.93700
30.93700
30.93700
30.93900
30.93700
30.93700
30.93700
30.94000
30.93900
30.93700
30.93600
30.93600
30.93700
30.93600
30.93700
30.93600
30.93600
30.93800
30.93600
30.93500
30.93700
30.93600
30.93500
30.93600
30.93700
30.93700
30.93700
30.93900
30.94000
30.93900
30.93400
30.93400
30.93400
30.93300
30.93200
30.93200
30.93400
30.93400
30.93400
30.93200
30.93200
30.93200
30.93000
30.92900
30.92900
30.92900
30.93000
30.92900
30.93000
30.93000
30.93200
30.93300
30.93200
30.93300
30.93300
30.93000
30.93300
30.93200
30.93200
30.93300
30.93300
30.93200
30.93000
30.93100
30.93000
30.93100
30.92800
30.92800
30.92600
30.92800
30.93000
30.93100
30.93200
30.93000
30.93000
30.93100
30.93100
30.93100
30.93100
30.93300
30.93200
30.93100
30.93100
30.93100
30.93000
30.93000
30.92800
30.92700
30.92800
30.92600
30.92600
30.92500
30.92800
30.92900
30.92800
30.92700
30.92600
30.92700
30.92900
30.93000
30.92900
30.92900
30.93000
30.93300
30.93200
30.93000
30.93100
30.93100
30.92900
30.92800
30.92700
30.92900
30.92800
30.92600
30.92700
30.92800
30.92800
30.92800
30.92900
30.92900
30.93000
30.92700
30.92600
30.92600
30.92800
30.93000
30.92900
30.92900
30.92900
30.92900
30.92800
30.92500
30.92400
30.92400
30.92600
30.92800
30.92800
30.92700
30.92600
30.92600
30.92800
30.92600
30.92600
30.92600
30.92700
30.93000
30.93100
30.93300
30.93300
30.93200
30.93300
30.93300
30.93000
30.93200
30.93200
30.93100
30.92900
30.93000
30.93100
30.93100
30.93000
30.93100
30.93200
30.93200
30.93100
30.93000
30.93100
30.92900
30.92900
30.93000
30.92900
30.92900
30.93000
30.93300
30.93200
30.93000
30.92800
30.93000
30.92800
30.92900
30.92900
30.92800
30.92700
30.92900
30.92800
30.92800
30.92800
30.92700
30.92900
30.92900
30.93000
30.92900
30.92800
30.92800
30.92800
30.92900
30.92600
30.92700
30.92700
30.92800
30.92800
30.92800
30.93100
30.93000
30.93000
30.93000
30.92900
30.93100
30.93200
30.93300
30.93100
30.93100
30.93300
30.93300
30.93300
30.93300
30.93200
30.93500
30.93600
30.93400
30.93600
30.93700
30.93700
30.93700
30.93800
30.93600
30.93700
30.93900
30.94100
30.94000
30.93900
30.93900
30.93800
30.93800
30.93900
30.93800
30.93700
30.93500
30.93500
30.93500
30.93400
30.93700
30.93500
30.93600
30.93600
30.93600
30.93700
30.93600
30.93600
30.93600
30.93600
30.93500
30.93600
30.93600
30.93500
30.93500
30.93700
30.93600
30.93600
30.93500
30.93500
30.93400
30.93300
30.93100
30.92800
30.92700
30.92700
30.92800
30.92800
30.92800
30.92700
30.92600
30.92700
30.92900
30.92900
30.92900
30.92800
30.92900
30.92900
30.92700
30.92700
30.92700
30.92800
30.92700
30.92600
30.92700
30.92700
30.92700
30.92500
30.92700
30.92800
30.92700
30.92900
30.93000
30.93000
30.92900
30.93000
30.93200
30.93200
30.93200
30.93300
30.93200
30.93300
30.93300
30.93300
30.93300
30.93400
30.93400
30.93400
30.93400
30.93400
30.93400
30.93300
30.93300
30.93400
30.93100
30.93100
30.93300
30.93400
30.93400
30.93300
30.93400
30.93500
30.93600
30.93500
30.93300
30.93300
30.93300
30.93400
30.93800
30.93800
30.93800
30.93700
30.93800
30.93900
30.93900
30.93900
30.93900
30.94200
30.93900
30.94000
30.94200
30.94100
30.94300
30.94100
30.94200
30.94400
30.94400
30.94400
30.94400
30.94300
30.94200
30.94200
30.94600
30.94500
30.94400
30.94500
30.94200
30.94200
30.94200
30.94200
30.94300
30.94300
30.94200
30.94500
30.94600
30.94500
30.94400
30.94400
30.94600
30.94400
30.94300
30.94400
30.94700
30.94600
30.94600
30.94500
30.94600
30.94600
30.94700
30.94800
30.94800
30.95000
30.94500
30.94600
30.94600
30.94400
30.94200
30.94200
30.94000
30.93900
30.93900
30.93900
30.94100
30.94100
30.94400
30.94400
30.94500
30.94300
30.94300
30.94300
30.94500
30.94500
30.94400
30.94300
30.94300
30.94300
30.94400
30.94400
30.94300
30.94300
30.94500
30.94500
30.94400
30.94100
30.94000
30.93900
30.94000
30.94000
30.94100
30.94100
30.94100
30.94000
30.94000
30.94000
30.94100
30.94100
30.94100
30.94200
30.94100
30.94200
30.94300
30.94500
30.94500
30.94400
30.94300
30.94600
30.94700
30.94700
30.94500
30.94500
30.94600
30.94800
30.94700
30.94700
30.94500
30.94500
30.94700
30.94800
30.94900
30.94900
30.94800
30.94900
30.95000
30.94900
30.94700
30.94600
30.94600
30.94800
30.95100
30.95100
30.95100
30.95100
30.95200
30.95300
30.95100
30.95100
30.95100
30.95200
30.95300
30.95200
30.95000
30.95100
30.95000
30.95100
30.95100
30.95100
30.94800
30.94800
30.94800
30.94800
30.95000
30.95000
30.94900
30.94800
30.94900
30.94900
30.94900
30.94800
30.94800
30.94700
30.94800
30.94800
30.94700
30.94800
30.94900
30.95000
30.95000
30.95000
30.95100
30.95200
30.95100
30.95100
30.95200
30.95100
30.95100
30.95100
30.94900
30.94900
30.94900
30.95000
30.95000
30.95000
30.94900
30.94800
30.94800
30.94900
30.94900
30.94900
30.94700
30.95000
30.95000
30.95000
30.94900
30.94800
30.94700
30.94700
30.94600
30.94700
30.94500
30.94600
30.94600
30.94600
30.94700
30.94600
30.94700
30.94800
30.94800
30.94900
30.94900
30.94800
30.94700
30.94700
30.94700
30.94600
30.94500
30.94700
30.94700
30.94600
30.94800
30.94800
30.94700
30.94700
30.95000
30.95000
30.95000
30.95200
30.95100
30.95100
30.95100
30.95000
30.94900
30.95000
30.95100
30.95100
30.95100
30.95100
30.95100
30.94900
30.94900
30.94900
30.94900
30.94900
30.94800
30.94900
30.95000
30.95000
30.95200
30.95200
30.95100
30.95000
30.94800
30.94700
30.95000
30.95000
30.95000
30.95100
30.95100
30.95100
30.95100
30.95400
30.95500
30.95500
30.95600
30.95700
30.95600
30.95600
30.95700
30.95800
30.95800
30.95700
30.95400
30.95300
30.95400
30.95500
30.95500
30.95500
30.95500
30.95500
30.95500
30.95500
30.95500
30.95700
30.95800
30.95800
30.95600
30.95400
30.95400
30.95700
30.95600
30.95700
30.95600
30.95700
30.95700
30.95600
30.95600
30.95600
30.95600
30.95600
30.95500
30.95600
30.96000
30.96100
30.96100
30.96300
30.96200
30.96200
30.96400
30.96300
30.96300
30.96300
30.96400
30.96500
30.96500
30.96600
30.96600
30.96600
30.96700
30.96800
30.96800
30.96800
30.96900
30.97200
30.97300
30.97200
30.97300
30.97300
30.97500
30.97300
30.97100
30.97000
30.97100
30.97400
30.97500
30.97500
30.97500
30.97300
30.97400
30.97500
30.97500
30.97500
30.97700
30.97900
30.97900
30.97800
30.97800
30.97700
30.97700
30.97700
30.97600
30.97700
30.97800
30.98100
30.98000
30.98200
30.98100
30.98000
30.98000
30.98100
30.97900
30.98100
30.98100
30.98100
30.98200
30.98100
30.97900
30.97900
30.98000
30.98000
30.97800
30.97800
30.97800
30.97800
30.98000
30.97700
30.97800
30.97800
30.97900
30.97900
30.97900
30.98000
30.98100
30.98100
30.98100
30.98200
30.98100
30.98000
30.98000
30.97900
30.98000
30.98000
30.98000
30.98100
30.98300
30.98400
30.98600
30.98700
30.98700
30.98700
30.98600
30.98600
30.98600
30.98800
30.98600
30.98600
30.98700
30.98800
30.98900
30.99200
30.99300
30.99400
30.99300
30.99300
30.99300
30.99400
30.99400
30.99300
30.99500
30.99400
30.99300
30.99000
30.99100
30.99200
30.99100
30.99100
30.99100
30.99200
30.99200
30.99500
30.99500
30.99400
30.99400
30.99300
30.99300
30.99500
30.99600
30.99600
30.99800
30.99800
30.99700
30.99600
30.99500
30.99400
30.99500
30.99400
30.99600
30.99500
30.99800
30.99900
30.99900
31.00100
30.99900
30.99900
30.99900
30.99900
30.99900
30.99900
30.99900
30.99800
30.99800
30.99700
31.00000
31.00000
31.00200
31.00200
31.00100
31.00200
31.00200
31.00200
31.00200
31.00400
31.00400
31.00300
31.00400
31.00400
31.00400
31.00400
31.00600
31.00600
31.00600
31.00600
31.00500
31.00800
31.00700
31.00700
31.00700
31.00700
31.00700
31.00700
31.00600
31.00500
31.00600
31.00600
31.00500
31.00400
31.00300
31.00400
31.00400
31.00400
31.00400
31.00400
31.00600
31.00600
31.00600
31.00600
31.00600
31.00600
31.00700
31.00700
31.00700
31.00500
31.00300
31.00400
31.00500
31.00300
31.00400
31.00400
31.00400
31.00500
31.00500
31.00400
31.00500
31.00600
31.00700
31.00800
31.00900
31.00900
31.00800
31.00600
31.00600
31.00700
31.00800
31.00900
31.00800
31.00800
31.00900
31.00700
31.00700
31.00800
31.00800
31.01000
31.00900
31.01000
31.01000
31.00900
31.00800
31.00800
31.00900
31.01000
31.00900
31.01200
31.01100
31.01100
31.01200
31.01200
31.01200
31.01100
31.01200
31.01100
31.01200
31.01300
31.01200
31.01300
31.01400
31.01300
31.01500
31.01300
31.01300
31.01100
31.01100
31.01300
31.01400
31.01400
31.01300
31.01300
31.01500
31.01200
31.01200
31.01100
31.01100
31.01300
31.01300
31.01400
31.01500
31.01500
31.01400
31.01300
31.01300
31.01500
31.01400
31.01500
31.01300
31.01500
31.01500
31.01500
31.01500
31.01400
31.01300
31.01200
31.01400
31.01400
31.01400
31.01300
31.01300
31.01300
31.01400
31.01500
31.01400
31.01400
31.01600
31.01600
31.01600
31.01800
31.01800
31.02000
31.02100
31.01900
31.01800
31.01800
31.01700
31.01700
31.02000
31.02000
31.02100
31.02100
31.02100
31.02200
31.02500
31.02500
31.02600
31.02500
31.02300
31.02300
31.02400
31.02300
31.02300
31.02300
31.02400
31.02400
31.02400
31.02400
31.02500
31.02500
31.02500
31.02600
31.02600
31.02600
31.02600
31.02500
31.02700
31.02900
31.02800
31.02700
31.02600
31.02600
31.02600
31.02700
31.02600
31.02700
31.02800
31.02900
31.02800
31.02700
31.02800
31.02900
31.02900
31.03000
31.02900
31.02800
31.03000
31.02800
31.02700
31.02500
31.02800
31.02800
31.03000
31.03200
31.03300
31.03300
31.03300
31.03200
31.03200
31.03200
31.03200
31.03200
31.03100
31.03200
31.03300
31.03200
31.03200
31.03200
31.03400
31.03400
31.03400
31.03500
31.03300
31.03300
31.03300
31.03200
31.03400
31.03300
31.03100
31.03100
31.03300
31.03100
31.03200
31.03200
31.03100
31.03000
31.02900
31.03000
31.03100
31.02900
31.03000
31.03000
31.03100
31.03100
31.03000
31.03000
31.03000
31.03000
31.03000
31.03000
31.03000
31.03000
31.03000
31.02900
31.02900
31.03000
31.03200
31.03200
31.03100
31.03100
31.03100
31.03200
31.03200
31.03300
31.03400
31.03200
31.03200
31.03200
31.03100
31.03100
31.03100
31.03200
31.03200
31.03200
31.03200
31.03100
31.03100
31.03100
31.03600
31.03500
31.03500
31.03600
31.03500
31.03600
31.03500
31.03600
31.03600
31.03700
31.03700
31.03800
31.03900
31.03900
31.03900
31.04000
31.04100
31.04200
31.04200
31.04100
31.04100
31.04500
31.04600
31.04400
31.04200
31.04500
31.04400
31.04300
31.04300
31.04400
31.04300
31.04300
31.04400
31.04400
31.04400
31.04400
31.04500
31.04500
31.04400
31.04300
31.04300
31.04100
31.04400
31.04400
31.04300
31.04400
31.04300
31.04300
31.04500
31.04400
31.04300
31.04200
31.04100
31.04300
31.04300
31.04200
31.04100
31.04000
31.03900
31.03800
31.03900
31.04000
31.04000
31.03900
31.03900
31.04100
31.04100
31.04200
31.03800
31.04000
31.04100
31.04000
31.04200
31.04200
31.04200
31.04400
31.04300
31.04500
31.04600
31.04500
31.04500
31.04500
31.04400
31.04500
31.04400
31.04500
31.04500
31.04500
31.04600
31.04800
31.04600
31.04600
31.04600
31.04400
31.04500
31.04400
31.04500
31.04400
31.04600
31.04700
31.04700
31.04600
31.04600
31.04700
31.04400
31.04300
31.04500
31.04500
31.04500
31.04500
31.04400
31.04500
31.04800
31.04900
31.04900
31.04800
31.04800
31.04900
31.04900
31.04900
31.04700
31.04600
31.04500
31.04500
31.04500
31.04500
31.04500
31.04600
31.04400
31.04600
31.04600
31.04700
31.04800
31.04700
31.04600
31.04700
31.04700
31.04800
31.04600
31.04700
31.04600
31.04700
31.04700
31.04800
31.04700
31.04700
31.04700
31.04900
31.04800
31.04800
31.04900
31.04900
31.04600
31.04600
31.04500
31.04500
31.04400
31.04500
31.04700
31.04700
31.04700
31.04700
31.04800
31.04800
31.04700
31.04800
31.04600
31.04700
31.04800
31.04700
31.04600
31.04800
31.04800
31.04800
31.04700
31.04600
31.04700
31.04600
31.04700
31.04800
31.04800
31.04900
31.05000
31.04900
31.05000
31.05300
31.05300
31.05300
31.05500
31.05500
31.05600
31.05500
31.05500
31.05500
31.05400
31.05300
31.05300
31.05400
31.05200
31.05200
31.05400
31.05700
31.05600
31.05700
31.05800
31.05600
31.05500
31.05400
31.05400
31.05500
31.05400
31.05400
31.05600
31.05500
31.05700
31.05900
31.06000
31.05900
31.06000
31.06000
31.06000
31.05900
31.05900
31.05800
31.05800
31.06000
31.06100
31.06100
31.06000
31.06000
31.06100
31.06200
31.06100
31.06000
31.06000
31.06100
31.06200
31.06300
31.06300
31.06400
31.06400
31.06200
31.06400
31.06500
31.06400
31.06600
31.06500
31.06400
31.06500
31.06400
31.06200
31.06100
31.06200
31.06200
31.06000
31.06000
31.06000
31.06100
31.06100
31.06000
31.06200
31.06200
31.06200
31.06100
31.06000
31.05900
31.06100
31.06000
31.06100
31.06100
31.06200
31.06300
31.06100
31.05900
31.05900
31.05900
31.06200
31.06200
31.06300
31.06200
31.06100
31.06100
31.06100
31.06200
31.06100
31.06000
31.06100
31.06200
31.06000
31.06100
31.06200
31.06200
31.06000
31.05800
31.05800
31.06000
31.05800
31.05700
31.05600
31.05700
31.05800
31.06000
31.05800
31.05900
31.06000
31.06200
31.06300
31.06300
31.06300
31.06300
31.06300
31.06300
31.06500
31.06400
31.06400
31.06400
31.06300
31.06300
31.06300
31.06300
31.06300
31.06500
31.06500
31.06600
31.06600
31.06700
31.06700
31.06700
31.06900
31.06900
31.07000
31.07000
31.07100
31.07000
31.07200
31.07300
31.07100
31.07100
31.07000
31.07000
31.07000
31.07100
31.07300
31.07300
31.07200
31.07300
31.07400
31.07400
31.07400
31.07500
31.07500
31.07500
31.07400
31.07600
31.07700
31.07900
31.08000
31.08000
31.07900
31.07900
31.07900
31.07900
31.08100
31.08100
31.08100
31.07900
31.07700
31.07700
31.07700
31.07800
31.07800
31.07700
31.07700
31.07700
31.07700
31.07700
31.07500
31.07400
31.07400
31.07500
31.07600
31.07700
31.07700
31.07600
31.07600
31.07600
31.07600
31.07600
31.07500
31.07600
31.07700
31.07800
31.07900
31.08000
31.08200
31.08300
31.08300
31.08300
31.08300
31.13111
31.13111
31.11375
31.11286
31.15800
31.15800
31.15800
31.19333
31.19333
31.14500
31.14500
