0.00000
0.00000
0.00000
0.00000
0.00000
0.00000
0.00000
0.00000
0.00000
0.00000
0.00000
0.00000
0.00000
0.00000
0.00000
0.00000
0.00000
3.20000
3.20000
4.70000
4.70000
4.70000
6.50000
6.75000
8.76700
11.56700
13.36700
17.46700
17.44000
17.19000
17.48400
18.21700
18.21700
18.71700
22.75000
23.13200
23.12400
23.50900
23.90700
24.55600
24.71700
25.02000
25.11200
25.33300
25.43900
25.49900
25.48400
25.98700
26.54200
27.11200
27.46400
27.64400
28.14700
28.46800
28.98900
28.78300
28.88200
29.05500
28.90400
29.21600
29.40500
29.51600
29.54700
29.74000
29.95100
29.98900
30.04100
30.49900
30.75500
30.99300
31.04900
31.35000
31.49900
31.32700
31.63300
31.95700
32.06200
32.17400
32.30100
32.36200
32.42900
32.57100
32.77700
33.12800
33.26700
33.19200
33.21700
33.25200
33.30000
33.42200
33.48600
33.36800
33.55300
33.63300
33.79800
33.96400
34.06500
34.08400
34.05100
34.08600
34.11500
34.07900
34.09900
34.07200
34.14900
34.20400
34.40700
34.41600
34.46200
34.61300
34.82800
34.71900
34.83400
34.80100
34.67500
34.60700
34.65900
34.73900
34.80200
34.85400
34.85700
34.81500
34.88000
34.99500
35.06000
35.07500
35.08900
35.22700
35.33500
35.47000
35.49100
35.49800
35.55100
35.62800
35.72900
35.75000
35.86400
35.79300
35.86400
35.91500
35.90500
36.00400
35.96500
35.98300
36.07800
36.26100
36.19200
36.21000
36.24400
36.28400
36.27000
36.36100
36.22800
36.30100
36.36100
36.35100
36.34800
36.34500
36.36500
36.36400
36.43600
36.43100
36.47900
36.52400
36.52500
36.55500
36.56400
36.58400
36.56700
36.62600
36.64300
36.62700
36.70700
36.70400
36.62700
36.69100
36.71600
36.74400
36.76300
36.75500
36.74500
36.79800
36.81000
36.78800
36.81500
36.82500
36.83000
36.81800
36.76900
36.76900
36.73200
36.75800
36.76700
36.78400
36.75800
36.75900
36.85500
36.85300
36.84000
36.87900
36.88900
36.95400
36.94900
36.92900
36.94400
36.93700
36.90200
36.91700
36.92700
36.92500
36.92900
36.92600
36.91500
36.94300
37.00400
36.97900
36.99200
36.99700
36.94500
36.97700
36.96700
36.90000
36.89700
36.88100
36.87300
36.87200
36.88400
36.86700
36.89800
36.87500
36.88500
36.94200
36.95200
36.96900
36.95300
36.91100
36.95000
36.98000
37.02700
37.02600
37.02000
37.03500
37.03500
37.09400
37.12700
37.11200
37.09700
37.07200
37.09300
37.09600
37.06500
37.10100
37.06900
37.07200
37.05900
37.05500
37.05400
36.99900
36.94000
36.95000
36.94400
36.94900
36.95000
36.95000
36.98600
36.99100
37.02300
37.01900
37.00700
37.00100
36.98900
36.96700
36.96000
36.96000
36.95700
36.95500
36.95700
36.98000
36.97500
36.98800
36.96900
36.97500
36.98800
37.01500
36.99100
36.98000
37.00200
37.00200
36.99600
37.00300
36.97700
36.94600
36.92800
36.91500
36.91000
36.90700
36.87300
36.90600
36.87500
36.88000
36.88700
36.88400
36.88500
36.86000
36.88100
36.92000
36.93000
36.93000
36.95400
36.94200
36.94100
36.92100
36.93400
36.92900
36.92500
36.92400
36.91400
36.92400
36.93200
36.87300
36.86800
36.88600
36.88100
36.87600
36.87000
36.84900
36.83600
36.82400
36.83000
36.82700
36.83200
36.82900
36.79300
36.82800
36.83200
36.83400
36.83200
36.82600
36.78800
36.79300
36.80000
36.79900
36.79700
36.82600
36.81900
36.82400
36.83200
36.82500
36.82700
36.81300
36.83000
36.84000
36.84000
36.83000
36.83700
36.82900
36.83700
36.84600
36.88200
36.93100
36.90100
36.91200
36.90600
36.90700
36.90800
36.92000
36.92300
36.92000
36.93300
36.95300
36.97400
36.95900
36.95600
36.94600
36.95900
36.95500
36.96800
36.99200
36.99500
36.99300
36.99500
36.98900
36.96200
36.95100
36.97900
36.96100
36.97100
36.99200
37.00000
36.98500
36.99400
36.98800
36.97700
36.96900
36.98400
36.99500
36.99100
36.99500
37.00500
36.98900
36.99400
37.00800
36.99300
37.02500
37.05400
37.05300
37.04000
37.04800
37.05800
37.03500
37.01700
37.03700
37.02700
37.04100
37.04900
37.06100
37.04700
37.04300
37.07200
37.08100
37.08100
37.09000
37.09300
37.09400
37.11800
37.11100
37.10800
37.12200
37.13000
37.14000
37.14000
37.15000
37.18700
37.18700
37.16200
37.17500
37.17500
37.18600
37.20300
37.19000
37.18900
37.18500
37.16300
37.14800
37.13600
37.13800
37.14100
37.14400
37.12400
37.11300
37.09300
37.10600
37.12400
37.11300
37.10700
37.11300
37.11800
37.10800
37.12000
37.12000
37.11100
37.08600
37.05500
37.07700
37.07300
37.07400
37.06200
37.06500
37.05900
37.05700
37.07300
37.06700
37.08000
37.08400
37.07900
37.10900
37.12900
37.13200
37.11900
37.12100
37.11700
37.11800
37.10500
37.11700
37.11100
37.10900
37.10200
37.08800
37.08400
37.09700
37.10600
37.09800
37.08600
37.08500
37.10600
37.10700
37.09400
37.08200
37.08700
37.09900
37.11200
37.11300
37.11700
37.10200
37.12200
37.12600
37.10800
37.12300
37.12500
37.09000
37.10000
37.10700
37.09100
37.10400
37.11300
37.11000
37.10400
37.10800
37.09300
37.09200
37.10100
37.10800
37.12400
37.10500
37.10100
37.10100
37.11600
37.11900
37.12600
37.13100
37.13000
37.14300
37.13800
37.13900
37.14400
37.14100
37.12900
37.12900
37.11900
37.10700
37.11000
37.11200
37.09600
37.08600
37.09600
37.09100
37.09200
37.09200
37.08100
37.07900
37.07300
37.06500
37.06800
37.06200
37.06400
37.07000
37.07000
37.07600
37.05700
37.06200
37.05900
37.06700
37.05300
37.06100
37.05200
37.04600
37.04600
37.04700
37.04700
37.04000
37.02700
37.03800
37.02900
37.03300
37.03600
37.04600
37.03900
37.03300
37.01700
37.01900
37.02300
37.03600
37.04100
37.03800
37.04300
37.04400
37.05600
37.05600
37.05600
37.04800
37.04800
37.03500
37.03700
37.03800
37.04100
37.04200
37.04500
37.04200
37.03900
37.03800
37.03800
37.02200
37.03100
37.02400
37.02200
37.01800
37.02400
37.01500
37.02700
37.02500
37.03400
37.04000
37.02400
37.02800
37.02700
37.02400
37.02200
37.01400
37.00100
37.00900
37.00800
37.01400
37.00500
36.98900
36.98000
36.97600
36.97700
36.95300
36.95200
36.95300
36.95100
36.94800
36.94800
36.93300
36.93300
36.93200
36.92000
36.92500
36.92300
36.92400
36.91600
36.92100
36.92600
36.91600
36.92200
36.92400
36.91900
36.93200
36.93900
36.93500
36.91700
36.91200
36.90400
36.91200
36.90800
36.90000
36.89300
36.88600
36.86900
36.86700
36.86300
36.86300
36.87300
36.89100
36.88900
36.89300
36.89300
36.90100
36.90200
36.87900
36.88400
36.88600
36.89200
36.89700
36.89300
36.88900
36.88200
36.88400
36.88300
36.88500
36.88300
36.88300
36.89000
36.89100
36.88200
36.88000
36.88000
36.88300
36.87700
36.90100
36.90000
36.90400
36.90700
36.89900
36.89000
36.89000
36.89000
36.87900
36.88200
36.87800
36.86700
36.86200
36.86600
36.87100
36.88100
36.88000
36.87800
36.87600
36.87900
36.88100
36.88100
36.88800
36.89100
36.88900
36.88900
36.88600
36.88500
36.88700
36.88500
36.89100
36.88600
36.88500
36.88300
36.88000
36.88500
36.87000
36.87200
36.87900
36.87700
36.87400
36.87200
36.85700
36.84600
36.85500
36.86100
36.86200
36.85900
36.86200
36.86700
36.86700
36.87100
36.86600
36.86100
36.86300
36.86600
36.87300
36.86200
36.85900
36.85700
36.85900
36.87300
36.85900
36.86400
36.86600
36.86600
36.87000
36.87000
36.85700
36.86900
36.87200
36.86200
36.86700
36.86600
36.86700
36.87000
36.88200
36.88600
36.87600
36.87700
36.87400
36.87500
36.87500
36.86800
36.86600
36.86900
36.86700
36.85800
36.85600
36.85600
36.85300
36.85900
36.86500
36.86600
36.86900
36.85900
36.86700
36.85900
36.85800
36.86200
36.85500
36.84900
36.84100
36.83900
36.84400
36.83700
36.83700
36.83400
36.84900
36.85000
36.84600
36.85700
36.84500
36.84700
36.84500
36.85400
36.87000
36.87000
36.87900
36.87700
36.87800
36.87900
36.87800
36.87500
36.87800
36.88100
36.88400
36.88500
36.87400
36.89600
36.89200
36.90100
36.90000
36.89600
36.89600
36.90600
36.90000
36.89100
36.89000
36.89400
36.89300
36.90600
36.90400
36.90700
36.89900
36.89900
36.90100
36.91200
36.91200
36.91000
36.90500
36.90000
36.91200
36.91800
36.92400
36.93200
36.93500
36.93200
36.92200
36.92400
36.92400
36.93700
36.93800
36.93900
36.93500
36.94100
36.93800
36.92600
36.92600
36.92900
36.92200
36.92300
36.92800
36.93500
36.93600
36.93300
36.94000
36.93500
36.92900
36.92300
36.93100
36.92800
36.91500
36.91400
36.91300
36.91500
36.90800
36.90900
36.90100
36.90000
36.89700
36.89700
36.90200
36.91200
36.90800
36.90700
36.91400
36.91000
36.91300
36.91500
36.92100
36.91700
36.91600
36.91100
36.90200
36.91800
36.91800
36.92300
36.91900
36.91700
36.91500
36.91800
36.91700
36.90700
36.91300
36.91400
36.91200
36.91300
36.91200
36.91900
36.91900
36.91500
36.91400
36.92400
36.93200
36.92800
36.92700
36.93200
36.93300
36.93200
36.93100
36.93500
36.92900
36.93100
36.93000
36.92600
36.92000
36.92400
36.92600
36.92500
36.92400
36.92300
36.91500
36.91700
36.92000
36.91800
36.91300
36.91400
36.91000
36.91200
36.89700
36.90700
36.89800
36.88800
36.88400
36.88400
36.88200
36.88800
36.88200
36.88400
36.88000
36.88200
36.88200
36.88100
36.88500
36.88300
36.87900
36.87500
36.88100
36.87300
36.86800
36.85500
36.86100
36.85800
36.85500
36.86200
36.86700
36.86900
36.87600
36.85800
36.86400
36.86100
36.86400
36.86300
36.86400
36.85900
36.85900
36.85800
36.85500
36.85800
36.86100
36.86300
36.86400
36.86000
36.86200
36.86100
36.85600
36.85500
36.84900
36.84500
36.84400
36.83800
36.83100
36.82500
36.82600
36.82600
36.82500
36.82000
36.82500
36.82700
36.82800
36.83000
36.83400
36.82900
36.83600
36.83300
36.83000
36.82500
36.83000
36.84600
36.85100
36.84600
36.85200
36.84900
36.84100
36.83400
36.82900
36.83300
36.83700
36.83200
36.83500
36.83000
36.82000
36.82500
36.82400
36.83400
36.83300
36.82500
36.82700
36.82500
36.82000
36.81700
36.82100
36.81200
36.81000
36.80600
36.80400
36.80100
36.80300
36.79700
36.79800
36.81000
36.81000
36.81500
36.81800
36.82000
36.81700
36.81900
36.81300
36.81200
36.81400
36.81100
36.81300
36.80900
36.80900
36.81600
36.81000
36.81400
36.81800
36.82600
36.82800
36.82800
36.83100
36.83900
36.84400
36.83500
36.82500
36.82100
36.82300
36.82800
36.83000
36.83300
36.82900
36.83000
36.83200
36.81900
36.82000
36.82300
36.82600
36.83000
36.83000
36.82200
36.82300
36.82100
36.82200
36.82000
36.81500
36.82100
36.81700
36.81800
36.81700
36.82400
36.82800
36.83100
36.83900
36.84700
36.85100
36.84800
36.83900
36.84300
36.83800
36.84300
36.83900
36.84000
36.84100
36.84500
36.84200
36.84400
36.84300
36.84200
36.84100
36.84600
36.85100
36.84300
36.84500
36.84500
36.84700
36.84600
36.84000
36.83800
36.83500
36.83800
36.84600
36.85100
36.84700
36.84800
36.84400
36.84800
36.85400
36.85200
36.85500
36.84900
36.85300
36.85500
36.85800
36.86400
36.86500
36.86600
36.86500
36.86500
36.86400
36.86100
36.86100
36.86500
36.86600
36.86600
36.87200
36.87700
36.88400
36.88800
36.89200
36.88400
36.88800
36.88700
36.88600
36.87900
36.89200
36.88900
36.89700
36.90000
36.91000
36.91000
36.91300
36.90900
36.90700
36.90800
36.90100
36.90500
36.90100
36.90500
36.90900
36.90800
36.90800
36.91300
36.92000
36.91700
36.92200
36.92000
36.92600
36.93500
36.93700
36.93700
36.93500
36.93700
36.94200
36.94800
36.95700
36.96600
36.97100
36.96500
36.96400
36.96700
36.96700
36.97600
36.97700
36.97300
36.97600
36.97800
36.98200
36.97800
36.97500
36.97800
36.97400
36.97400
36.97500
36.97500
36.97700
36.97400
36.96800
36.96700
36.97300
36.98100
36.98300
36.97700
36.97300
36.97800
36.97100
36.96200
36.96100
36.96200
36.95700
36.95300
36.95300
36.94800
36.94000
36.93700
36.93700
36.94000
36.93900
36.94200
36.94100
36.93900
36.94000
36.93900
36.93900
36.93700
36.93900
36.94000
36.93700
36.94200
36.94600
36.95400
36.95000
36.94800
36.94800
36.94500
36.95100
36.95200
36.95300
36.95000
36.95100
36.94700
36.94500
36.95000
36.94900
36.94300
36.94300
36.94500
36.95100
36.94800
36.95000
36.95200
36.95500
36.95100
36.94600
36.93600
36.92700
36.92700
36.92700
36.93400
36.92400
36.92100
36.92200
36.92500
36.91800
36.92000
36.92600
36.92300
36.91900
36.91800
36.92000
36.91800
36.92900
36.93500
36.93000
36.92800
36.93600
36.93500
36.94500
36.94000
36.94100
36.94000
36.93700
36.93200
36.93400
36.93200
36.93100
36.93400
36.93600
36.93600
36.93000
36.93100
36.92300
36.92400
36.92000
36.93000
36.93000
36.92600
36.92600
36.92900
36.93100
36.93100
36.93100
36.93200
36.93400
36.93100
36.93400
36.93600
36.93500
36.93500
36.93600
36.93300
36.92500
36.93200
36.93900
36.93900
36.93800
36.93800
36.94200
36.94000
36.94400
36.94200
36.94200
36.94400
36.94300
36.94500
36.94300
36.94600
36.95100
36.94700
36.94800
36.94900
36.95200
36.95300
36.95200
36.95400
36.95000
36.94800
36.94900
36.94700
36.94600
36.95000
36.94500
36.94700
36.94900
36.94900
36.94700
36.94500
36.94700
36.94600
36.94400
36.93900
36.93800
36.93600
36.93100
36.93400
36.93100
36.93700
36.92700
36.92500
36.93100
36.92800
36.93500
36.93800
36.93500
36.93000
36.92900
36.93100
36.93200
36.93600
36.93800
36.94100
36.94100
36.94000
36.93800
36.94600
36.94600
36.94000
36.94500
36.93800
36.93200
36.93400
36.93000
36.93000
36.93000
36.92700
36.93500
36.93100
36.93300
36.93500
36.93200
36.93200
36.93500
36.93700
36.93900
36.93100
36.92800
36.92900
36.93200
36.93100
36.92900
36.92800
36.92800
36.92800
36.92800
36.92900
36.92600
36.92800
36.92900
36.93600
36.93900
36.93400
36.93500
36.94000
36.95000
36.95200
36.95200
36.95300
36.94600
36.94400
36.94900
36.95100
36.94600
36.94700
36.94800
36.94800
36.95100
36.95200
36.95500
36.95200
36.95100
36.95100
36.94900
36.95500
36.96100
36.95600
36.95900
36.95300
36.95500
36.95900
36.96000
36.96200
36.96500
36.96300
36.96300
36.96100
36.95900
36.95600
36.96200
36.96300
36.97000
36.96700
36.96700
36.96300
36.96500
36.96500
36.96400
36.96600
36.95800
36.95300
36.95300
36.95100
36.96200
36.96200
36.96000
36.96400
36.96000
36.96100
36.96100
36.96200
36.95800
36.96000
36.95900
36.95700
36.95600
36.95300
36.95000
36.94800
36.94200
36.94200
36.94600
36.94700
36.94400
36.94200
36.94000
36.94100
36.93800
36.93900
36.93400
36.93600
36.93500
36.93600
36.93400
36.93200
36.93500
36.93500
36.93800
36.93600
36.93900
36.94300
36.94000
36.94200
36.94100
36.94200
36.94300
36.93600
36.93700
36.93300
36.93600
36.93200
36.93500
36.93200
36.93300
36.93800
36.93800
36.93500
36.93400
36.93400
36.94200
36.94500
36.94600
36.94600
36.95000
36.94400
36.94600
36.94500
36.94400
36.95000
36.94900
36.94900
36.94900
36.95000
36.95500
36.95100
36.95300
36.95100
36.95200
36.95500
36.95100
36.94800
36.94600
36.94500
36.94700
36.94800
36.95000
36.95200
36.94900
36.94900
36.94700
36.94400
36.94500
36.94800
36.94900
36.94900
36.95100
36.94700
36.95100
36.95100
36.94900
36.94400
36.94000
36.93800
36.93700
36.93700
36.93900
36.93900
36.94100
36.94600
36.94500
36.94700
36.95100
36.95400
36.95600
36.95700
36.96000
36.96200
36.95600
36.95500
36.95600
36.95600
36.95800
36.95900
36.95800
36.95800
36.95200
36.95400
36.95600
36.95700
36.95700
36.96000
36.96400
36.96400
36.96600
36.96700
36.96300
36.96000
36.96500
36.95900
36.95900
36.95300
36.95200
36.94900
36.94900
36.95400
36.96100
36.96100
36.95000
36.95500
36.95900
36.96200
36.96100
36.96700
36.96800
36.96900
36.96900
36.96800
36.97300
36.97500
36.97300
36.96900
36.97000
36.97300
36.97100
36.96700
36.97400
36.97400
36.97600
36.97500
36.97900
36.97900
36.97200
36.97100
36.97300
36.97200
36.97400
36.98000
36.98000
36.98300
36.98100
36.98200
36.98700
36.98800
36.98200
36.98200
36.98400
36.98200
36.98400
36.98100
36.98000
36.98200
36.98000
36.97900
36.98300
36.98800
36.98900
36.98400
36.98800
36.99200
36.98900
36.99200
36.99200
36.98700
36.98000
36.98400
36.98300
36.98200
36.97800
36.97700
36.97500
36.97200
36.97300
36.97200
36.97000
36.96400
36.96300
36.96200
36.96200
36.96000
36.96100
36.95800
36.95900
36.96400
36.96000
36.95500
36.95600
36.95900
36.95300
36.95500
36.95400
36.95300
36.95500
36.95600
36.95800
36.95900
36.96000
36.96000
36.96000
36.95300
36.95800
36.95400
36.95700
36.96200
36.95900
36.96200
36.96100
36.95700
36.95100
36.94600
36.94200
36.94600
36.94200
36.94700
36.94600
36.94800
36.94400
36.94400
36.94400
36.94400
36.94300
36.94200
36.93900
36.93500
36.93700
36.93900
36.94000
36.94000
36.94200
36.94100
36.94300
36.94300
36.94300
36.94200
36.94400
36.94200
36.94600
36.94700
36.94500
36.94800
36.94900
36.95100
36.94700
36.94700
36.94500
36.94400
36.94500
36.95100
36.95000
36.94800
36.94900
36.94400
36.94400
36.94400
36.94700
36.94700
36.94500
36.94800
36.94800
36.94700
36.94900
36.94800
36.95100
36.95300
36.95600
36.96200
36.96400
36.96400
36.96000
36.96000
36.96800
36.96800
36.97200
36.97200
36.97400
36.97300
36.97400
36.97100
36.97400
36.97600
36.97400
36.97700
36.97700
36.97900
36.97900
36.97800
36.98200
36.98000
36.98000
36.97500
36.98300
36.97800
36.98100
36.98300
36.98500
36.98600
36.99100
36.98700
36.98800
36.98900
36.98600
36.98700
36.99400
36.99600
37.00100
37.00100
37.00200
37.00600
37.00600
37.00900
37.00900
37.01100
37.01400
37.01200
37.01300
37.01200
37.01400
37.01700
37.01500
37.01400
37.01900
37.02500
37.02500
37.02100
37.02100
37.02200
37.02500
37.02800
37.02800
37.03000
37.03100
37.03400
37.02900
37.02700
37.02600
37.03000
37.03000
37.02900
37.03100
37.02700
37.02400
37.02400
37.02500
37.02700
37.03000
37.03600
37.03400
37.03500
37.03500
37.03400
37.03700
37.03100
37.03000
37.03200
37.03200
37.03200
37.03600
37.03700
37.03700
37.03500
37.03200
37.02600
37.02100
37.01800
37.02100
37.01900
37.02600
37.02600
37.02200
37.02500
37.02400
37.02800
37.02000
37.02700
37.02800
37.02800
37.02800
37.03000
37.03300
37.03500
37.03400
37.03300
37.03900
37.04100
37.04100
37.03800
37.03800
37.04300
37.04400
37.04200
37.04600
37.04700
37.04400
37.04300
37.04300
37.04500
37.04200
37.04200
37.04800
37.04400
37.04300
37.04200
37.04400
37.04600
37.04300
37.04300
37.04800
37.04600
37.04600
37.05000
37.05200
37.04800
37.04800
37.04700
37.04600
37.04600
37.04300
37.04000
37.03900
37.03900
37.04100
37.04200
37.04600
37.04400
37.04600
37.05100
37.04900
37.05100
37.04700
37.04600
37.04400
37.04700
37.04600
37.04700
37.04600
37.04100
37.04400
37.03800
37.03900
37.04100
37.04100
37.04200
37.04400
37.04400
37.04300
37.04700
37.04600
37.04900
37.04500
37.04400
37.04500
37.04800
37.04700
37.04900
37.05300
37.05600
37.05800
37.05800
37.05400
37.05100
37.04800
37.04200
37.04000
37.03900
37.04000
37.03800
37.03700
37.03800
37.03600
37.03700
37.03200
37.03100
37.02900
37.03000
37.02800
37.02900
37.03100
37.03300
37.03600
37.03500
37.03800
37.03700
37.04100
37.04100
37.04200
37.04000
37.03800
37.03900
37.04000
37.03600
37.04000
37.04100
37.03900
37.02900
37.02900
37.03000
37.03000
37.03000
37.02800
37.03400
37.03400
37.03400
37.03800
37.04000
37.04300
37.04400
37.04900
37.04800
37.04700
37.04000
37.03800
37.04000
37.03900
37.03900
37.03800
37.04100
37.04000
37.04100
37.04200
37.04300
37.04800
37.04800
37.04300
37.04300
37.04000
37.04100
37.04200
37.03900
37.03800
37.03700
37.03700
37.03600
37.03700
37.03700
37.03400
37.03900
37.03700
37.04100
37.04000
37.03900
37.03300
37.03200
37.03200
37.03200
37.03300
37.03000
37.02700
37.02700
37.02500
37.02400
37.02500
37.02700
37.02100
37.02200
37.01900
37.02600
37.02700
37.03100
37.03100
37.03200
37.03100
37.03100
37.03200
37.03400
37.03000
37.03200
37.03200
37.03300
37.03000
37.03300
37.03000
37.02800
37.02900
37.03000
37.03500
37.03700
37.03800
37.03600
37.03700
37.03600
37.03600
37.03800
37.03700
37.03700
37.03700
37.03800
37.04000
37.04000
37.03700
37.03500
37.03500
37.03300
37.03000
37.03000
37.02900
37.03100
37.03000
37.02800
37.02800
37.02900
37.02900
37.03100
37.03100
37.03200
37.03600
37.03900
37.03700
37.03600
37.03600
37.03400
37.03300
37.03600
37.03500
37.03500
37.03300
37.03300
37.03800
37.04100
37.04200
37.04100
37.04200
37.04100
37.04300
37.04100
37.04200
37.04400
37.04300
37.04300
37.04000
37.04000
37.04100
37.04000
37.04100
37.04300
37.04400
37.04500
37.04900
37.04600
37.04500
37.04600
37.04300
37.04200
37.04500
37.04600
37.04500
37.04700
37.04400
37.04200
37.04300
37.04300
37.04400
37.04400
37.04500
37.04400
37.04200
37.04300
37.04100
37.04200
37.04200
37.03800
37.03800
37.03800
37.03700
37.03800
37.03500
37.03400
37.03400
37.03600
37.03600
37.03500
37.03200
37.03100
37.03000
37.03100
37.02800
37.02500
37.02600
37.02700
37.02200
37.01500
37.01600
37.01100
37.01500
37.01800
37.01900
37.01400
37.01200
37.01100
37.01400
37.01300
37.01500
37.01500
37.01900
37.02100
37.02000
37.02300
37.02200
37.02300
37.02300
37.02800
37.02600
37.02500
37.02200
37.02800
37.02600
37.02400
37.02200
37.02500
37.02700
37.02500
37.02400
37.02800
37.03000
37.03500
37.03600
37.03600
37.03200
37.03400
37.03400
37.03900
37.04300
37.04200
37.03700
37.03800
37.03600
37.03700
37.03900
37.03900
37.03900
37.04200
37.04200
37.03800
37.03900
37.03800
37.03800
37.04100
37.04100
37.04300
37.04600
37.04700
37.04500
37.04900
37.05200
37.05100
37.05300
37.05100
37.04600
37.04600
37.04500
37.04800
37.04800
37.04700
37.04500
37.04900
37.05200
37.05200
37.05200
37.04900
37.04800
37.05000
37.05200
37.05100
37.05100
37.05000
37.05100
37.05300
37.05300
37.05600
37.05400
37.05700
37.05400
37.05700
37.05500
37.05500
37.06000
37.06400
37.06200
37.06100
37.06000
37.06000
37.06200
37.06200
37.06400
37.06600
37.06500
37.07000
37.07400
37.07700
37.07400
37.07700
37.08100
37.07900
37.08100
37.07900
37.08000
37.08200
37.08600
37.08800
37.08400
37.09100
37.09500
37.09500
37.09500
37.09800
37.10200
37.10300
37.10100
37.09900
37.10100
37.10100
37.09800
37.09900
37.10100
37.10500
37.10300
37.10200
37.10100
37.10000
37.10000
37.10900
37.10900
37.11000
37.11200
37.11100
37.11100
37.11700
37.11800
37.12000
37.11900
37.12000
37.11800
37.11800
37.11600
37.10900
37.11400
37.11000
37.11000
37.11200
37.11100
37.11300
37.11200
37.11100
37.11200
37.11500
37.11600
37.11700
37.11800
37.12000
37.11800
37.11700
37.11900
37.12000
37.12200
37.12100
37.12100
37.12000
37.12200
37.12300
37.12100
37.11800
37.12600
37.12500
37.12600
37.12800
37.13000
37.12500
37.12400
37.12500
37.12600
37.12800
37.12300
37.12400
37.12300
37.12300
37.12400
37.12400
37.12900
37.12600
37.12400
37.12900
37.13100
37.13000
37.13000
37.12900
37.13200
37.13000
37.13400
37.13400
37.13500
37.13700
37.13400
37.13500
37.13600
37.14100
37.14100
37.13700
37.13800
37.14100
37.14600
37.14800
37.14700
37.14900
37.15000
37.14900
37.14900
37.15000
37.15200
37.15100
37.15300
37.15400
37.15700
37.15800
37.16200
37.16100
37.15900
37.16100
37.16200
37.16500
37.16300
37.16500
37.16500
37.16500
37.16700
37.16600
37.16400
37.16700
37.16800
37.16900
37.16700
37.16600
37.16500
37.16500
37.16900
37.16900
37.16900
37.17000
37.16800
37.16900
37.16900
37.17300
37.17000
37.17300
37.17500
37.17600
37.17500
37.17300
37.17200
37.17600
37.17600
37.17700
37.17600
37.17800
37.17900
37.17900
37.17900
37.17700
37.17400
37.17400
37.17200
37.17200
37.17200
37.17400
37.17400
37.17400
37.17500
37.17400
37.17100
37.17000
37.17200
37.17200
37.17100
37.17600
37.17400
37.17300
37.17200
37.17100
37.17200
37.17400
37.17300
37.16900
37.17100
37.16900
37.17200
37.17000
37.16800
37.16900
37.17200
37.17300
37.17300
37.17100
37.16900
37.17000
37.16800
37.16700
37.16700
37.16700
37.16900
37.16900
37.17200
37.17300
37.17800
37.17900
37.18500
37.18400
37.18500
37.18500
37.18600
37.18700
37.18900
37.19100
37.19100
37.19200
37.19200
37.19100
37.19200
37.19400
37.19300
37.19200
37.19200
37.19600
37.19700
37.19700
37.19400
37.19300
37.19200
37.19100
37.18800
37.19100
37.19200
37.19200
37.19200
37.19000
37.18700
37.18700
37.18500
37.18700
37.18900
37.19200
37.19300
37.19100
37.19100
37.19300
37.19100
37.19400
37.19600
37.19900
37.19800
37.19600
37.19500
37.19500
37.19300
37.19500
37.19800
37.19800
37.19700
37.19500
37.19200
37.19300
37.19500
37.19000
37.19100
37.19200
37.19600
37.19600
37.19600
37.19600
37.19600
37.19300
37.19300
37.19800
37.19800
37.19600
37.19600
37.19400
37.19500
37.19800
37.20100
37.19800
37.19400
37.19500
37.19300
37.19000
37.18900
37.18700
37.18400
37.18200
37.18300
37.18400
37.18300
37.18200
37.18300
37.18200
37.18600
37.19100
37.19200
37.19300
37.19200
37.19700
37.19700
37.19500
37.19600
37.20000
37.20100
37.20000
37.20100
37.20400
37.20500
37.20200
37.20100
37.20500
37.20200
37.20400
37.20700
37.20600
37.20300
37.20200
37.20200
37.20500
37.20700
37.20800
37.20800
37.21200
37.20900
37.21000
37.21100
37.20900
37.20700
37.20600
37.20600
37.20700
37.20900
37.20900
37.21100
37.21300
37.21400
37.21400
37.21300
37.21100
37.21800
37.22000
37.21900
37.21700
37.21800
37.21900
37.22000
37.22200
37.22100
37.22200
37.22600
37.22700
37.23300
37.23600
37.23800
37.23700
37.23600
37.23600
37.23800
37.23900
37.24000
37.23700
37.23800
37.24200
37.24100
37.24200
37.24400
37.24500
37.24700
37.24500
37.24700
37.25100
37.25600
37.25900
37.26000
37.26500
37.26700
37.26700
37.26500
37.27100
37.27800
37.27900
37.27900
37.28200
37.28200
37.28500
37.28800
37.28800
37.29300
37.29300
37.29300
37.29300
37.29900
37.30100
37.30100
37.30500
37.30600
37.30700
37.30500
37.30800
37.31000
37.31700
37.32000
37.31500
37.31500
37.32000
37.32000
37.32100
37.32400
37.32500
37.32700
37.32700
37.32900
37.33200
37.32600
37.32800
37.32800
37.32700
37.32600
37.32800
37.32800
37.33100
37.33200
37.33500
37.33400
37.33100
37.33300
37.33100
37.33300
37.33100
37.33400
37.33500
37.33900
37.34100
37.34100
37.34700
37.34700
37.34500
37.34700
37.34800
37.34700
37.35200
37.35400
37.35700
37.35900
37.36100
37.36300
37.36100
37.36000
37.36000
37.36000
37.35800
37.35800
37.35600
37.35900
37.36300
37.36400
37.36500
37.36000
37.36200
37.36400
37.36400
37.36700
37.36600
37.36600
37.36400
37.36200
37.36100
37.36200
37.36800
37.37000
37.37200
37.37300
37.36800
37.36900
37.36700
37.36900
37.37100
37.37200
37.37200
37.37800
37.38100
37.38200
37.38400
37.38600
37.38300
37.38600
37.38800
37.39000
37.39200
37.39300
37.39000
37.38900
37.38800
37.38800
37.38600
37.38600
37.38600
37.38800
37.39000
37.39100
37.39400
37.39200
37.39100
37.39100
37.39500
37.39600
37.39400
37.39100
37.38800
37.38900
37.39100
37.39200
37.39200
37.39200
37.39400
37.39000
37.39000
37.39600
37.39700
37.39800
37.40000
37.39900
37.40200
37.40200
37.40100
37.40300
37.40600
37.41200
37.41500
37.41400
37.41300
37.41200
37.41300
37.41500
37.41500
37.41700
37.41200
37.41500
37.41700
37.41600
37.41800
37.41800
37.41900
37.42500
37.42800
37.42300
37.42600
37.43100
37.43000
37.43000
37.43200
37.43100
37.43100
37.43300
37.43000
37.43100
37.43200
37.43200
37.43000
37.42900
37.42700
37.42800
37.43100
37.43200
37.43200
37.43000
37.43000
37.43300
37.43500
37.43800
37.44200
37.44000
37.44300
37.44300
37.44600
37.44800
37.45300
37.45300
37.45400
37.45600
37.45700
37.45500
37.45600
37.45200
37.45100
37.45000
37.44900
37.44600
37.44800
37.44300
37.44200
37.44000
37.43800
37.43600
37.44200
37.44700
37.44400
37.44300
37.44300
37.44400
37.44500
37.44600
37.44400
37.44600
37.44500
37.44500
37.44600
37.44600
37.44400
37.44300
37.44500
37.44400
37.44600
37.44700
37.44800
37.44700
37.44800
37.44700
37.45000
37.44900
37.44700
37.44400
37.44400
37.44700
37.44600
37.44500
37.44300
37.44400
37.44300
37.44300
37.44600
37.44800
37.44900
37.44800
37.44700
37.44800
37.44900
37.45000
37.44800
37.44800
37.44900
37.44900
37.45000
37.44900
37.44800
37.44800
37.44700
37.44600
37.44100
37.44300
37.44600
37.44800
37.44800
37.44700
37.44900
37.45000
37.45000
37.45100
37.45500
37.45300
37.45300
37.45500
37.45600
37.45500
37.45500
37.45500
37.45800
37.45800
37.45600
37.45400
37.45500
37.45300
37.45500
37.45500
37.45700
37.45700
37.45600
37.45700
37.45700
37.45600
37.46000
37.46000
37.46100
37.46200
37.46300
37.46200
37.46300
37.46300
37.46600
37.46500
37.46000
37.46200
37.46300
37.46300
37.46500
37.46500
37.46300
37.46700
37.46700
37.46700
37.46700
37.46500
37.46800
37.47300
37.47100
37.46900
37.46900
37.47000
37.46900
37.47100
37.47100
37.47100
37.47200
37.46900
37.46700
37.46900
37.47000
37.46900
37.47200
37.47300
37.47700
37.48000
37.47900
37.48000
37.47900
37.48000
37.48100
37.48400
37.48400
37.48500
37.48300
37.48100
37.48500
37.48200
37.48000
37.48200
37.48300
37.48500
37.48700
37.48400
37.48400
37.48500
37.48600
37.48200
37.48300
37.48300
37.48500
37.48700
37.48800
37.48800
37.49000
37.49100
37.49100
37.49100
37.49000
37.49000
37.49100
37.49100
37.49200
37.49200
37.49200
37.49300
37.49200
37.49200
37.49300
37.49200
37.49300
37.49500
37.49200
37.49200
37.49300
37.49300
37.49500
37.49300
37.49600
37.49500
37.49500
37.49300
37.49700
37.49900
37.49900
37.49700
37.49700
37.49900
37.49700
37.49900
37.50100
37.49800
37.50100
37.49900
37.50200
37.50200
37.50200
37.50100
37.50100
37.50100
37.50000
37.50500
37.50400
37.50600
37.50700
37.50500
37.50500
37.51000
37.51100
37.51100
37.51100
37.50900
37.51000
37.51000
37.51300
37.51400
37.51400
37.51400
37.51300
37.51100
37.51100
37.50900
37.51000
37.51000
37.51200
37.50900
37.50600
37.50700
37.50600
37.50500
37.50500
37.50800
37.50900
37.51000
37.50900
37.51100
37.51000
37.51200
37.51300
37.51500
37.51500
37.51400
37.51500
37.51500
37.51500
37.51500
37.51500
37.51400
37.51500
37.51900
37.51600
37.51800
37.52000
37.51800
37.51600
37.51900
37.51800
37.51600
37.51600
37.51600
37.51600
37.51800
37.51600
37.51500
37.51500
37.51500
37.51600
37.51700
37.51500
37.51600
37.51500
37.51600
37.51500
37.51900
37.52100
37.52100
37.51900
37.51800
37.52200
37.51900
37.52200
37.52500
37.52500
37.52600
37.52400
37.52300
37.52700
37.52600
37.52400
37.52700
37.52500
37.52900
37.53100
37.52900
37.52900
37.52900
37.52800
37.53100
37.53200
37.53200
37.53300
37.53100
37.53200
37.53300
37.53300
37.53600
37.53500
37.53400
37.53700
37.53400
37.53500
37.53400
37.53600
37.53900
37.54000
37.54100
37.54400
37.53800
37.54200
37.54200
37.54100
37.54300
37.54200
37.54200
37.54300
37.54300
37.54400
37.54600
37.54200
37.53900
37.53800
37.54100
37.54100
37.54200
37.53900
37.53900
37.54000
37.53900
37.53900
37.53800
37.53600
37.53600
37.53500
37.53600
37.53600
37.53800
37.53600
37.53700
37.53700
37.53900
37.54100
37.54200
37.54000
37.53800
37.53900
37.54000
37.54200
37.54100
37.54200
37.54100
37.54100
37.54100
37.54000
37.54100
37.54400
37.54200
37.54400
37.54700
37.54500
37.54400
37.54400
37.54300
37.54300
37.54600
37.54600
37.54400
37.54500
37.54500
37.54800
37.54900
37.54800
37.55100
37.55300
37.55100
37.55100
37.55200
37.55500
37.55200
37.55400
37.55500
37.55800
37.56000
37.55700
37.55600
37.55300
37.55500
37.55200
37.55200
37.55100
37.55000
37.55000
37.55000
37.55000
37.55200
37.55400
37.55500
37.55200
37.55300
37.55500
37.55600
37.55600
37.56000
37.55800
37.56300
37.56300
37.56300
37.56200
37.56000
37.56300
37.56300
37.56400
37.56400
37.56700
37.56900
37.56900
37.56800
37.56900
37.57100
37.56800
37.57000
37.57200
37.56900
37.57400
37.57700
37.57800
37.57700
37.57800
37.57700
37.57900
37.57700
37.57800
37.57900
37.58000
37.58200
37.58000
37.58000
37.58100
37.58000
37.58300
37.58000
37.58100
37.58300
37.58100
37.58000
37.57800
37.57800
37.57900
37.58100
37.58200
37.58100
37.58000
37.58000
37.58100
37.58400
37.58400
37.58800
37.58400
37.58400
37.58800
37.58700
37.58400
37.58700
37.58800
37.58800
37.58700
37.58900
37.58800
37.59300
37.59400
37.59600
37.59500
37.59800
37.59900
37.59700
37.59600
37.59500
37.59500
37.59500
37.59400
37.59500
37.59300
37.59300
37.59500
37.59400
37.59500
37.59700
37.60000
37.59900
37.60000
37.59900
37.60000
37.59500
37.59300
37.59500
37.59500
37.59500
37.59700
37.59900
37.60000
37.60300
37.60200
37.60200
37.60200
37.60200
37.60100
37.60000
37.60100
37.60300
37.60100
37.60200
37.60100
37.60200
37.60400
37.60300
37.60200
37.60200
37.60200
37.60200
37.60200
37.60200
37.60100
37.60100
37.60400
37.60400
37.60300
37.60400
37.60400
37.60500
37.60600
37.60900
37.61100
37.61800
37.61900
37.61900
37.62000
37.62200
37.61900
37.62200
37.62300
37.62100
37.61900
37.61700
37.62100
37.62200
37.62400
37.62200
37.62400
37.63100
37.63200
37.63400
37.63600
37.63300
37.63200
37.63300
37.63300
37.63500
37.63400
37.63500
37.63400
37.63400
37.63300
37.63300
37.63400
37.63900
37.64200
37.64300
37.64100
37.64100
37.64100
37.64200
37.63800
37.64300
37.64500
37.64600
37.64600
37.64400
37.64700
37.64500
37.64500
37.64600
37.64900
37.64700
37.64700
37.64500
37.64600
37.64900
37.65000
37.65000
37.65000
37.65100
37.65100
37.65200
37.65300
37.65200
37.65200
37.65200
37.64900
37.65000
37.64900
37.64700
37.64600
37.64500
37.64700
37.65100
37.65000
37.64900
37.64900
37.64900
37.64900
37.65000
37.65100
37.65200
37.65000
37.65000
37.64900
37.64900
37.65100
37.64900
37.64600
37.64600
37.64800
37.64700
37.65000
37.64800
37.65000
37.65300
37.65400
37.65300
37.65500
37.65300
37.65200
37.65000
37.64900
37.64900
37.65000
37.65100
37.65100
37.65400
37.65400
37.65100
37.65100
37.65300
37.65300
37.65000
37.65100
37.65200
37.65300
37.65400
37.65300
37.65600
37.65700
37.65900
37.65800
37.65800
37.66000
37.65900
37.65800
37.65900
37.65800
37.66000
37.66000
37.65800
37.65700
37.65800
37.65700
37.66000
37.66100
37.66100
37.66200
37.66400
37.66700
37.66500
37.66600
37.66700
37.66700
37.66700
37.66500
37.66600
37.66800
37.67300
37.67200
37.67200
37.66900
37.67000
37.66900
37.67000
37.67300
37.67600
37.67400
37.67500
37.67300
37.67200
37.67500
37.67300
37.67400
37.67500
37.67300
37.67400
37.67600
37.67700
37.67700
37.67900
37.67700
37.68000
37.68000
37.68000
37.68300
37.68300
37.68200
37.68200
37.68100
37.68200
37.68500
37.68700
37.68600
37.68800
37.68600
37.68500
37.68600
37.68500
37.68500
37.68800
37.68700
37.68800
37.68500
37.68600
37.68600
37.68300
37.68200
37.68200
37.68500
37.68600
37.68700
37.68600
37.68500
37.68600
37.68700
37.69000
37.69100
37.69000
37.69000
37.69300
37.69300
37.69200
37.69100
37.68800
37.68800
37.68900
37.69000
37.69100
37.68900
37.68600
37.68900
37.69000
37.69100
37.69100
37.69000
37.69100
37.68900
37.68900
37.69000
37.68900
37.69200
37.69300
37.69100
37.68900
37.68800
37.68700
37.68700
37.68600
37.68500
37.68600
37.68700
37.68800
37.68800
37.68800
37.69000
37.69000
37.69300
37.69400
37.69400
37.69500
37.69400
37.69400
37.69600
37.69600
37.69700
37.69600
37.69500
37.69400
37.69700
37.69700
37.69800
37.69900
37.70200
37.70000
37.70100
37.69900
37.69800
37.69600
37.70100
37.70200
37.69900
37.69800
37.69900
37.69700
37.69700
37.69700
37.69500
37.69600
37.69900
37.70100
37.70300
37.70300
37.70600
37.70600
37.70700
37.70800
37.71100
37.71300
37.71400
37.71400
37.71700
37.71800
37.71600
37.71900
37.71600
37.71500
37.71400
37.71500
37.71500
37.71500
37.71700
37.71600
37.71500
37.71500
37.71700
37.71700
37.71600
37.71800
37.71900
37.71900
37.72000
37.71900
37.71900
37.71800
37.71500
37.71600
37.71900
37.71900
37.71900
37.71800
37.72000
37.71800
37.72200
37.72300
37.72500
37.72500
37.72500
37.72400
37.72500
37.72300
37.72600
37.72500
37.72200
37.72000
37.71800
37.71800
37.71800
37.71800
37.72100
37.71900
37.72300
37.72400
37.72300
37.72400
37.72300
37.71900
37.72000
37.72100
37.72300
37.72200
37.72100
37.72200
37.72100
37.72200
37.72200
37.72200
37.72400
37.72600
37.72700
37.72800
37.72800
37.72800
37.72800
37.72500
37.72600
37.72700
37.72500
37.72500
37.72600
37.72600
37.72500
37.72200
37.72200
37.72600
37.72700
37.72700
37.72900
37.72900
37.72800
37.72700
37.73000
37.73000
37.72800
37.72700
37.72900
37.73100
37.72800
37.72700
37.72800
37.72600
37.72900
37.73000
37.73000
37.72900
37.72600
37.73200
37.73300
37.73400
37.73100
37.73300
37.73500
37.73500
37.73500
37.73800
37.73800
37.74000
37.74100
37.73900
37.73800
37.73900
37.74100
37.74200
37.74200
37.73900
37.73800
37.74100
37.74400
37.74600
37.74600
37.74400
37.74400
37.74200
37.74400
37.74600
37.74400
37.74400
37.74600
37.74700
37.74900
37.74900
37.74600
37.74400
37.74300
37.74600
37.74500
37.74400
37.74200
37.74000
37.74100
37.73900
37.73700
37.73700
37.73900
37.73700
37.74100
37.73900
37.74100
37.74000
37.74100
37.74000
37.74200
37.74100
37.74200
37.74400
37.74400
37.74400
37.74600
37.74500
37.74500
37.74500
37.74500
37.74400
37.74200
37.74200
37.74300
37.74600
37.74700
37.74600
37.74800
37.74600
37.74600
37.74400
37.74400
37.74800
37.74800
37.75000
37.74900
37.74900
37.74800
37.75000
37.75000
37.75100
37.75100
37.75200
37.75300
37.75200
37.75000
37.75100
37.75200
37.75200
37.75100
37.75300
37.75500
37.75400
37.75100
37.75100
37.75000
37.74900
37.75000
37.74900
37.75000
37.74800
37.74900
37.74600
37.74800
37.74800
37.74700
37.74800
37.74800
37.74700
37.74800
37.74900
37.74700
37.74900
37.75000
37.75200
37.75000
37.75100
37.75000
37.75100
37.75400
37.75500
37.75400
37.75300
37.75300
37.75000
37.74800
37.74600
37.74700
37.74600
37.74600
37.74600
37.74500
37.74400
37.74500
37.74400
37.74500
37.74300
37.74000
37.73900
37.74100
37.74300
37.74100
37.74200
37.74100
37.74100
37.74100
37.74200
37.74300
37.74400
37.74400
37.74200
37.74100
37.74500
37.74400
37.74500
37.74500
37.74500
37.74700
37.74800
37.74800
37.74900
37.74900
37.75100
37.75100
37.74900
37.75000
37.74900
37.74600
37.74600
37.74800
37.74500
37.74700
37.74700
37.74400
37.74400
37.74500
37.74600
37.74800
37.75000
37.74900
37.75000
37.74900
37.74800
37.75000
37.75000
37.74900
37.75000
37.75300
37.75300
37.75200
37.75200
37.75200
37.75100
37.75100
37.75100
37.75100
37.75400
37.75700
37.75600
37.75500
37.75700
37.75900
37.75900
37.76200
37.76300
37.76100
37.75900
37.75900
37.76000
37.76200
37.76300
37.76500
37.76400
37.76500
37.76600
37.76400
37.76500
37.76700
37.76800
37.76800
37.77000
37.77000
37.77000
37.76900
37.76900
37.76700
37.76600
37.76900
37.76900
37.77000
37.77100
37.77100
37.76900
37.77300
37.77300
37.77300
37.77400
37.77400
37.77300
37.77400
37.77400
37.77500
37.77500
37.77300
37.77300
37.77400
37.77400
37.77200
37.77400
37.77500
37.77600
37.77500
37.77400
37.77400
37.77300
37.77500
37.77500
37.77500
37.77700
37.77700
37.77500
37.77700
37.77500
37.77700
37.77700
37.77700
37.77600
37.77600
37.77500
37.77900
37.77900
37.78100
37.78100
37.78200
37.78300
37.78200
37.78200
37.78100
37.78300
37.78200
37.78200
37.78100
37.78100
37.78000
37.78000
37.78000
37.77900
37.78000
37.77900
37.77900
37.78000
37.77800
37.77700
37.77700
37.77800
37.77900
37.78100
37.78000
37.78000
37.78100
37.78100
37.78000
37.78000
37.77800
37.77700
37.78100
37.78500
37.78500
37.78600
37.78600
37.78800
37.78600
37.78500
37.78300
37.78500
37.78600
37.78700
37.78800
37.78700
37.78600
37.78500
37.78400
37.78400
37.78500
37.78500
37.78700
37.78600
37.78800
37.78900
37.79100
37.79000
37.79200
37.79100
37.79300
37.79200
37.79300
37.79400
37.79200
37.79300
37.79400
37.79300
37.79300
37.79300
37.79500
37.79400
37.79400
37.79400
37.79400
37.79300
37.79500
37.79500
37.79700
37.79600
37.79800
37.79700
37.79900
37.80000
37.80300
37.80400
37.80300
37.80400
37.80400
37.80400
37.80400
37.80600
37.80600
37.80600
37.80700
37.80900
37.81200
37.81200
37.81300
37.81200
37.81200
37.81400
37.81700
37.81800
37.81800
37.81900
37.81900
37.82100
37.82000
37.82100
37.81800
37.81900
37.82100
37.82200
37.82200
37.82400
37.82000
37.82200
37.82400
37.82600
37.82500
37.82400
37.82400
37.82600
37.82800
37.82800
37.82800
37.82800
37.82800
37.82900
37.83100
37.83300
37.83100
37.83100
37.83100
37.83100
37.83000
37.83100
37.82900
37.82900
37.83200
37.83200
37.83400
37.83400
37.83600
37.83700
37.83900
37.83900
37.84000
37.84200
37.84000
37.83800
37.83600
37.83500
37.83800
37.83900
37.84000
37.83900
37.83900
37.84000
37.84100
37.84200
37.84200
37.84200
37.84300
37.84500
37.84500
37.84500
37.84500
37.84400
37.84400
37.84400
37.84200
37.84400
37.84500
37.84400
37.84400
37.84300
37.84500
37.84500
37.84500
37.84400
37.84400
37.84400
37.84300
37.84400
37.84300
37.84500
37.84700
37.84500
37.84400
37.84500
37.84300
37.84500
37.85000
37.84900
37.84900
37.84800
37.84800
37.84900
37.84800
37.84500
37.84700
37.84600
37.84600
37.84600
37.84600
37.84500
37.84600
37.84800
37.84700
37.84900
37.85000
37.84700
37.85000
37.84900
37.85100
37.85300
37.85500
37.85600
37.85400
37.85700
37.85500
37.85600
37.85400
37.85300
37.85500
37.85300
37.85200
37.85000
37.85000
37.84900
37.84800
37.84800
37.84900
37.84900
37.84900
37.84900
37.84900
37.84900
37.84900
37.84900
37.85000
37.84700
37.84600
37.84600
37.84500
37.84500
37.84500
37.84600
37.84600
37.84700
37.84600
37.84700
37.84600
37.84800
37.84900
37.84700
37.84800
37.84800
37.84800
37.84500
37.84400
37.84500
37.84400
37.84300
37.84400
37.84600
37.84500
37.84500
37.84700
37.84700
37.84600
37.84400
37.84500
37.84500
37.84600
37.84700
37.84500
37.84600
37.84600
37.84600
37.84800
37.84900
37.85100
37.84900
37.85200
37.85300
37.84800
37.84800
37.84900
37.84900
37.85100
37.85100
37.85100
37.85200
37.85200
37.85400
37.85400
37.85400
37.85500
37.85000
37.85200
37.85500
37.85500
37.85400
37.85500
37.85600
37.85600
37.85800
37.86100
37.86200
37.86100
37.86300
37.85900
37.85900
37.86000
37.86300
37.86100
37.86100
37.86400
37.86500
37.86700
37.86700
37.86700
37.86700
37.86600
37.86800
37.86900
37.86800
37.86900
37.87000
37.87000
37.86900
37.87300
37.87300
37.87400
37.87300
37.87400
37.87500
37.87600
37.87600
37.87400
37.87400
37.87200
37.87300
37.87200
37.87300
37.87200
37.87300
37.87500
37.87600
37.87200
37.87500
37.87500
37.87600
37.87600
37.87400
37.87400
37.87400
37.87200
37.87000
37.87100
37.86800
37.86800
37.86900
37.86500
37.86400
37.86500
37.86400
37.86400
37.86400
37.86300
37.86200
37.86200
37.86400
37.86600
37.86500
37.86600
37.86500
37.86400
37.86300
37.86300
37.86300
37.86300
37.86400
37.86300
37.86500
37.86600
37.86400
37.86500
37.86500
37.86600
37.86600
37.86700
37.86900
37.87000
37.86900
37.87100
37.87100
37.87300
37.87000
37.87100
37.87100
37.87000
37.87100
37.87200
37.87300
37.87400
37.87500
37.87400
37.87200
37.87400
37.87800
37.87900
37.88000
37.88100
37.87900
37.88300
37.88300
37.88200
37.88100
37.88200
37.88200
37.88200
37.88200
37.88300
37.88100
37.88200
37.88300
37.88300
37.88200
37.88200
37.88000
37.88100
37.88500
37.88600
37.88600
37.88600
37.88400
37.88500
37.88300
37.88300
37.88300
37.88200
37.88200
37.88300
37.88700
37.88800
37.88700
37.88800
37.88900
37.88700
37.88700
37.88700
37.88700
37.88800
37.89100
37.89200
37.89200
37.89000
37.89000
37.89000
37.89000
37.88700
37.88900
37.88800
37.88800
37.89000
37.88900
37.88900
37.88900
37.88800
37.88700
37.89000
37.89100
37.89100
37.89100
37.89200
37.89200
37.89200
37.89200
37.89000
37.89000
37.88800
37.88900
37.89000
37.89100
37.89300
37.89500
37.89400
37.89500
37.89500
37.89400
37.89400
37.89100
37.89100
37.89200
37.89300
37.89400
37.89700
37.89900
37.89700
37.89900
37.89900
37.89900
37.90000
37.90400
37.90100
37.90200
37.90600
37.90500
37.90800
37.91000
37.91000
37.91200
37.91200
37.91500
37.91200
37.91200
37.91400
37.91600
37.91600
37.91700
37.91700
37.91700
37.91800
37.91900
37.91800
37.91400
37.91700
37.91800
37.91800
37.92000
37.92100
37.92000
37.91900
37.92100
37.91700
37.91900
37.91800
37.91600
37.91600
37.91900
37.91500
37.91900
37.91900
37.91800
37.91500
37.91900
37.91800
37.91900
37.91900
37.91900
37.91600
37.91600
37.91700
37.91700
37.91800
37.92000
37.91900
37.92200
37.92500
37.92500
37.92400
37.92500
37.92400
37.92500
37.92700
37.92400
37.92500
37.92400
37.92200
37.92300
37.92300
37.92600
37.92500
37.92600
37.92400
37.92100
37.92300
37.92200
37.92200
37.92200
37.92200
37.92200
37.92300
37.92000
37.92200
37.92200
37.92200
37.92200
37.92100
37.92000
37.92100
37.91800
37.91800
37.91900
37.91900
37.92200
37.92100
37.92000
37.91700
37.91400
37.91800
37.91700
37.91700
37.91700
37.91900
37.91600
37.91500
37.91400
37.91400
37.91300
37.91400
37.91400
37.91200
37.91300
37.91500
37.91400
37.91400
37.91400
37.91400
37.91300
37.91300
37.91300
37.91400
37.91400
37.91500
37.91600
37.91600
37.91600
37.91500
37.91500
37.91600
37.91200
37.91200
37.91200
37.91200
37.91200
37.91100
37.91100
37.91200
37.91300
37.91600
37.91500
37.91600
37.91800
37.91500
37.91600
37.91700
37.91700
37.91700
37.91600
37.91600
37.91700
37.91800
37.91600
37.91500
37.91600
37.91500
37.91300
37.91400
37.91100
37.91000
37.91100
37.91300
37.91400
37.91400
37.91100
37.90900
37.91000
37.91100
37.91000
37.91000
37.90900
37.91100
37.91100
37.91000
37.91300
37.91500
37.91400
37.91300
37.91200
37.91000
37.91200
37.91100
37.91400
37.91300
37.91300
37.91400
37.91300
37.91300
37.91700
37.91800
37.91900
37.91900
37.91700
37.91800
37.92000
37.92000
37.91900
37.92000
37.92000
37.92000
37.91900
37.91900
37.91900
37.91600
37.91700
37.91700
37.91700
37.91500
37.91500
37.91500
37.91400
37.91500
37.91500
37.91600
37.91800
37.91900
37.91900
37.92100
37.92200
37.92200
37.92500
37.92400
37.92300
37.92400
37.92100
37.92100
37.92200
37.92200
37.92100
37.92100
37.91900
37.92000
37.92000
37.92100
37.92000
37.92000
37.91900
37.92000
37.92100
37.91900
37.91800
37.91800
37.91900
37.91900
37.91900
37.91700
37.91900
37.92000
37.92000
37.91900
37.91900
37.91800
37.91900
37.91900
37.91900
37.91800
37.91800
37.92000
37.92000
37.92100
37.92100
37.91900
37.92000
37.92100
37.92100
37.91900
37.92200
37.92200
37.92000
37.91800
37.92200
37.92400
37.92500
37.92400
37.92200
37.92000
37.91900
37.91900
37.91600
37.91400
37.91500
37.91600
37.91500
37.91300
37.91300
37.91500
37.91600
37.91400
37.91400
37.91500
37.91200
37.91200
37.91300
37.91400
37.91300
37.91500
37.91400
37.91300
37.91300
37.91400
37.91300
37.91200
37.91100
37.91200
37.91100
37.91300
37.91200
37.91200
37.91100
37.91100
37.91100
37.91100
37.91200
37.91200
37.91200
37.91300
37.91100
37.90900
37.91000
37.91000
37.91100
37.91100
37.91000
37.91000
37.91100
37.91100
37.91000
37.90900
37.90800
37.90900
37.90800
37.91200
37.91100
37.91000
37.91000
37.91000
37.91200
37.91300
37.91300
37.91400
37.91600
37.91500
37.91500
37.91700
37.91500
37.91400
37.91300
37.91500
37.91400
37.91600
37.91600
37.91600
37.91800
37.92000
37.92100
37.92000
37.92100
37.92400
37.92300
37.92300
37.92300
37.92300
37.92300
37.92300
37.92200
37.92100
37.92300
37.92700
37.92800
37.92700
37.92500
37.92300
37.92200
37.92200
37.92200
37.92000
37.91900
37.92000
37.92000
37.92100
37.92300
37.92100
37.92100
37.92200
37.92200
37.92500
37.92600
37.92700
37.92600
37.92500
37.92600
37.92700
37.92600
37.92800
37.92900
37.92800
37.93100
37.93100
37.93100
37.93400
37.93400
37.93700
37.93700
37.93500
37.93700
37.93500
37.93400
37.93600
37.93400
37.93500
37.93400
37.93600
37.93700
37.93700
37.93600
37.93600
37.93500
37.93400
37.93300
37.93200
37.93100
37.93000
37.92900
37.93000
37.93100
37.93300
37.92900
37.92900
37.93100
37.92900
37.92900
37.92900
37.92900
37.93000
37.93200
37.93200
37.93300
37.93300
37.92800
37.93000
37.93200
37.93000
37.93000
37.92900
37.92800
37.92800
37.92900
37.92700
37.92700
37.92700
37.92700
37.92800
37.92700
37.92800
37.92700
37.92600
37.92500
37.92600
37.92600
37.92500
37.92600
37.92300
37.92300
37.92400
37.92300
37.92300
37.92400
37.92400
37.92100
37.92200
37.92100
37.92400
37.92200
37.92100
37.92200
37.92000
37.91900
37.92000
37.92000
37.92100
37.92100
37.92400
37.92300
37.92500
37.92400
37.92500
37.92500
37.92400
37.92400
37.92200
37.92200
37.92300
37.92400
37.92200
37.92200
37.92300
37.92200
37.92300
37.92200
37.92100
37.92100
37.92100
37.92100
37.92300
37.92300
37.92400
37.92400
37.92500
37.92500
37.92600
37.92700
37.92500
37.92400
37.92400
37.92400
37.92200
37.92300
37.92300
37.92200
37.92000
37.91900
37.91800
37.91900
37.92000
37.92200
37.92400
37.92400
37.92600
37.92600
37.92500
37.92600
37.92500
37.92600
37.92600
37.92500
37.92400
37.92400
37.92300
37.92300
37.92300
37.92200
37.92200
37.92400
37.92400
37.92200
37.92000
37.92100
37.92100
37.91900
37.91900
37.91800
37.92000
37.92000
37.92200
37.92200
37.92100
37.92200
37.92200
37.92000
37.92000
37.91800
37.91700
37.91700
37.91600
37.91400
37.91500
37.91500
37.91300
37.91400
37.91400
37.91300
37.91400
37.91400
37.91100
37.91100
37.91300
37.91300
37.91300
37.91300
37.91300
37.91300
37.91300
37.91200
37.91400
37.91300
37.91300
37.91100
37.91200
37.91200
37.91300
37.91300
37.91300
37.91200
37.90900
37.90800
37.91000
37.90900
37.90900
37.90900
37.91000
37.90700
37.90700
37.90700
37.90900
37.91000
37.90800
37.90800
37.90700
37.90700
37.90700
37.90700
37.90700
37.90700
37.90800
37.90700
37.90800
37.90800
37.90800
37.90700
37.91000
37.91000
37.91100
37.91000
37.90900
37.90800
37.90700
37.90800
37.91000
37.91200
37.91100
37.91200
37.91300
37.91100
37.90900
37.90900
37.90800
37.90500
37.90800
37.90600
37.90700
37.90700
37.90600
37.90600
37.90600
37.90500
37.90500
37.90300
37.90100
37.89900
37.90000
37.90000
37.89900
37.89900
37.89800
37.89800
37.89800
37.89800
37.90100
37.90000
37.89800
37.89900
37.89800
37.89800
37.89900
37.89800
37.89800
37.89900
37.89900
37.89900
37.89900
37.90000
37.89900
37.89900
37.89800
37.89900
37.89800
37.89500
37.89700
37.89600
37.89500
37.89600
37.89800
37.89600
37.89700
37.89700
37.89800
37.89900
37.89600
37.89700
37.89900
37.89800
37.89800
37.89800
37.89800
37.89700
37.89800
37.89600
37.89500
37.89400
37.89200
37.89200
37.89100
37.89200
37.89100
37.89100
37.89300
37.89100
37.89200
37.89200
37.89300
37.89300
37.89100
37.89000
37.89100
37.89100
37.89200
37.89000
37.89100
37.89100
37.88800
37.89100
37.89100
37.89100
37.89200
37.89400
37.89300
37.89300
37.89300
37.89200
37.89400
37.89400
37.89200
37.89200
37.89000
37.89000
37.89100
37.89200
37.89100
37.89100
37.89100
37.89200
37.89300
37.89300
37.89200
37.89200
37.89400
37.89200
37.89200
37.89200
37.89300
37.89400
37.89200
37.89200
37.89000
37.89300
37.89300
37.89300
37.89300
37.89300
37.89500
37.89400
37.89400
37.89300
37.89300
37.89400
37.89500
37.89700
37.89800
37.89900
37.90200
37.90000
37.90200
37.90200
37.90300
37.90300
37.90200
37.90400
37.90300
37.90400
37.90200
37.90100
37.90200
37.90600
37.90500
37.90600
37.90700
37.90700
37.91000
37.91000
37.90900
37.91100
37.91000
37.90900
37.90900
37.90800
37.90800
37.91000
37.91000
37.91200
37.91200
37.91100
37.91100
37.91100
37.91300
37.91400
37.91600
37.91700
37.91800
37.92200
37.92100
37.92100
37.92400
37.92500
37.92500
37.92600
37.92800
37.93000
37.93100
37.93100
37.93200
37.93400
37.93500
37.93500
37.93600
37.93700
37.93800
37.93444
37.94714
37.87667
37.93600
37.85500
38.24500
38.02000
38.02000
38.02000
38.02000
