0.00000
0.00000
0.00000
0.00000
0.00000
0.00000
0.00000
0.00000
0.00000
0.00000
0.00000
0.00000
0.00000
0.00000
0.00000
0.00000
0.00000
0.00000
3.40000
8.80000
10.25000
10.35000
13.53300
13.53300
13.51600
13.46600
13.50600
15.31600
15.30800
15.70800
16.05800
16.05800
16.00800
15.84100
16.18600
20.95000
21.84700
21.78300
22.39200
22.62900
22.28400
22.85800
23.47600
23.40000
24.10400
24.44000
24.73200
24.94000
25.19400
25.89000
25.86600
26.10800
26.58600
27.07800
27.17000
27.49300
27.36700
27.37400
27.47000
27.44900
27.83500
27.97000
28.26400
28.44600
28.53200
28.66500
28.90000
28.93700
28.90000
29.19500
29.14600
29.08800
29.25400
29.34700
29.35800
29.30000
29.25700
29.35800
29.34500
29.54400
29.53500
29.60000
29.52300
29.49800
29.69000
29.69500
29.70400
29.71100
29.65200
29.79000
29.95500
29.92800
29.97600
30.03100
30.10800
30.21600
30.37100
30.48400
30.50400
30.51400
30.47500
30.50200
30.54200
30.53400
30.52200
30.59100
30.59200
30.61300
30.71100
30.71400
30.66300
30.63100
30.65000
30.73000
30.76600
30.73600
30.79100
30.67900
30.69100
30.66100
30.60800
30.65000
30.69500
30.67200
30.65600
30.70300
30.71200
30.66200
30.68900
30.79500
30.81000
30.79700
30.78300
30.84400
30.84600
30.90000
30.93900
30.96700
31.03400
31.03400
31.03800
31.13800
31.17000
31.12100
31.12100
31.15200
31.15100
31.12700
31.15500
31.16800
31.18200
31.15900
31.18600
31.18500
31.22700
31.23800
31.24300
31.26400
31.26900
31.26100
31.22300
31.22700
31.16900
31.17500
31.16700
31.15900
31.13600
31.14500
31.15900
31.18000
31.19000
31.17300
31.22300
31.25100
31.23000
31.17300
31.18900
31.21100
31.19500
31.18500
31.19500
31.20300
31.22200
31.24400
31.24000
31.25200
31.24500
31.25700
31.27700
31.24700
31.27100
31.30600
31.33000
31.33300
31.36400
31.33800
31.36100
31.36700
31.37400
31.44200
31.43800
31.44700
31.47900
31.48900
31.50800
31.49400
31.47900
31.49900
31.51300
31.50100
31.53100
31.57800
31.59100
31.59000
31.59800
31.62300
31.64000
31.65300
31.67400
31.67400
31.61000
31.61600
31.63300
31.63800
31.58800
31.57800
31.57000
31.57900
31.55300
31.56100
31.55700
31.55900
31.56000
31.56600
31.55500
31.60000
31.60300
31.59800
31.61200
31.60900
31.61300
31.63800
31.61800
31.61100
31.61500
31.61600
31.64400
31.62000
31.62200
31.62300
31.63000
31.63100
31.61800
31.62500
31.62700
31.62000
31.62600
31.63600
31.62500
31.62300
31.61500
31.62100
31.62600
31.59800
31.58200
31.55400
31.51500
31.50500
31.48600
31.48200
31.48900
31.49100
31.49500
31.49800
31.50500
31.52200
31.52600
31.52900
31.52600
31.51900
31.54600
31.56000
31.58500
31.58200
31.57300
31.55400
31.54800
31.56400
31.57300
31.56400
31.55600
31.55200
31.58900
31.56900
31.57600
31.58300
31.56200
31.54700
31.51700
31.54000
31.52200
31.56000
31.56500
31.55400
31.57400
31.57200
31.57500
31.55700
31.53200
31.50700
31.52900
31.53800
31.52300
31.52400
31.51600
31.49000
31.50000
31.51800
31.52100
31.52900
31.53800
31.54900
31.56800
31.58300
31.57800
31.55300
31.56000
31.56800
31.58100
31.60500
31.59500
31.59900
31.58700
31.55600
31.58600
31.56900
31.55300
31.54300
31.57200
31.59600
31.60800
31.60700
31.61500
31.63300
31.64300
31.63600
31.65200
31.66100
31.66100
31.69600
31.69600
31.70000
31.69200
31.69800
31.69200
31.67100
31.67900
31.69000
31.68500
31.71400
31.70800
31.71000
31.70700
31.71200
31.72300
31.71600
31.70700
31.70500
31.71000
31.72200
31.71700
31.71800
31.71100
31.69600
31.71600
31.71800
31.72800
31.72200
31.71500
31.72300
31.71900
31.71000
31.69600
31.70500
31.69900
31.70300
31.69300
31.68200
31.68800
31.68800
31.68900
31.68700
31.69300
31.69000
31.68800
31.67700
31.67800
31.67800
31.67000
31.64600
31.65000
31.64900
31.66200
31.67300
31.67900
31.68100
31.68400
31.70700
31.70300
31.69300
31.69500
31.70900
31.69100
31.69000
31.70100
31.69000
31.68700
31.66800
31.66800
31.66800
31.66800
31.66600
31.67900
31.68800
31.68500
31.68000
31.67700
31.68200
31.69300
31.70500
31.70100
31.70100
31.71600
31.72800
31.73800
31.72400
31.71500
31.73200
31.74000
31.73800
31.74700
31.73400
31.74100
31.75000
31.76800
31.76200
31.77100
31.77000
31.77100
31.78100
31.79400
31.78900
31.78900
31.79000
31.78200
31.76700
31.76300
31.76300
31.77300
31.76300
31.76200
31.77100
31.77800
31.77800
31.77900
31.78200
31.78800
31.78800
31.80900
31.80600
31.81400
31.80800
31.80600
31.81200
31.81100
31.80600
31.80900
31.81600
31.81000
31.82300
31.81500
31.81400
31.83300
31.83900
31.82600
31.80600
31.80400
31.80800
31.81900
31.83300
31.82700
31.84000
31.82900
31.83400
31.85300
31.84600
31.84800
31.85500
31.85900
31.85500
31.85100
31.85000
31.84600
31.83800
31.84100
31.83900
31.83700
31.84200
31.84300
31.84000
31.84300
31.83700
31.84200
31.85600
31.85700
31.85900
31.86800
31.85700
31.86500
31.88500
31.87800
31.88300
31.88600
31.88900
31.89200
31.89400
31.88700
31.89700
31.90600
31.90200
31.90800
31.90800
31.91800
31.92000
31.92200
31.91400
31.91300
31.89500
31.90500
31.90200
31.89000
31.88800
31.90600
31.90300
31.91400
31.91300
31.90600
31.89800
31.90100
31.90200
31.89700
31.90700
31.92500
31.92100
31.94100
31.94400
31.93400
31.94000
31.93800
31.92400
31.91600
31.91400
31.91000
31.92600
31.93200
31.93300
31.94000
31.93200
31.94500
31.93300
31.92100
31.91600
31.92300
31.92700
31.94000
31.93200
31.93400
31.92200
31.92500
31.92000
31.92800
31.92800
31.92000
31.92400
31.92000
31.92300
31.91100
31.92200
31.91200
31.91900
31.91600
31.91300
31.92300
31.93300
31.93000
31.92900
31.93300
31.93800
31.94000
31.94800
31.95600
31.93300
31.94300
31.94500
31.94600
31.95100
31.94600
31.94900
31.95200
31.94600
31.93600
31.93600
31.93800
31.94100
31.94300
31.93900
31.92400
31.91800
31.91600
31.91000
31.90800
31.90800
31.90900
31.90100
31.89200
31.89500
31.89500
31.90800
31.90200
31.90100
31.89700
31.89800
31.90700
31.90600
31.90200
31.90400
31.90600
31.91700
31.92500
31.92600
31.93200
31.92900
31.92200
31.92300
31.92500
31.93100
31.93400
31.92900
31.92700
31.92600
31.92700
31.92500
31.92300
31.93600
31.94400
31.95100
31.96000
31.96300
31.96900
31.96900
31.97600
31.97800
31.97400
31.98000
31.97900
31.97500
31.98000
31.98300
31.98200
31.97900
31.97300
31.97100
31.98000
31.96900
31.96900
31.96700
31.97600
31.98000
31.97700
31.98200
31.97500
31.97600
31.98500
31.98400
31.99100
31.98900
31.99400
31.99200
31.99800
31.99600
31.99500
31.98900
31.98000
31.98100
31.98700
31.99000
31.99500
31.99400
31.98600
31.99000
31.98900
31.97900
31.98700
31.99700
31.99100
31.97900
31.97100
31.97900
31.98200
31.98800
31.99500
31.99500
31.99700
31.98700
31.99300
31.99900
31.99200
31.99000
31.98200
31.98300
31.98100
31.98700
31.99200
31.99500
32.00000
31.98600
31.98800
31.99600
31.99900
31.99600
31.99500
31.99100
32.00300
32.00500
32.00600
32.00800
32.01200
32.01500
32.00700
32.01000
32.00600
32.00700
32.00100
32.00600
32.02200
32.02300
32.02500
32.01000
32.01300
32.01100
32.00500
32.01000
32.00900
32.02400
32.02200
32.02300
32.02000
32.02100
32.02400
32.03600
32.01800
32.02500
32.03200
32.03100
32.03100
32.04100
32.02900
32.03600
32.03400
32.03500
32.02900
32.03900
32.04100
32.04000
32.04100
32.04400
32.04200
32.04100
32.03700
32.03300
32.03900
32.04500
32.04800
32.05500
32.05500
32.06500
32.06000
32.07300
32.07400
32.06700
32.06500
32.06600
32.08300
32.08300
32.08300
32.09200
32.09200
32.09200
32.10500
32.10900
32.11600
32.11900
32.11500
32.11800
32.12200
32.13000
32.13200
32.14500
32.14300
32.13500
32.14000
32.14600
32.14600
32.15200
32.14000
32.14600
32.16200
32.16200
32.16200
32.16000
32.18000
32.17800
32.18800
32.18600
32.19500
32.19900
32.19000
32.19500
32.19200
32.18900
32.19600
32.19800
32.20300
32.21200
32.21900
32.22000
32.22600
32.22700
32.22700
32.22200
32.22000
32.22700
32.22000
32.21900
32.22300
32.23000
32.23000
32.23300
32.23400
32.23400
32.23600
32.23100
32.23300
32.23600
32.23600
32.23300
32.23600
32.23400
32.23500
32.24000
32.24000
32.24100
32.24600
32.25000
32.25800
32.25600
32.25000
32.24200
32.24900
32.25700
32.26300
32.27100
32.26400
32.26300
32.25700
32.25300
32.25300
32.26000
32.25800
32.26600
32.26800
32.27900
32.26800
32.26700
32.26600
32.27100
32.27300
32.26900
32.26700
32.26700
32.25900
32.25800
32.26100
32.25900
32.25600
32.26500
32.26500
32.26300
32.27000
32.27000
32.26700
32.26300
32.27800
32.27600
32.27200
32.27300
32.27100
32.27400
32.27900
32.27700
32.27500
32.27300
32.27500
32.27300
32.27800
32.27200
32.26000
32.25800
32.26000
32.26100
32.26400
32.26000
32.25800
32.25600
32.26300
32.27200
32.27400
32.27500
32.28200
32.28100
32.27300
32.28500
32.27500
32.27400
32.27200
32.27200
32.27100
32.27700
32.27400
32.27500
32.27700
32.28000
32.28200
32.28300
32.28300
32.28800
32.29100
32.29100
32.29200
32.31400
32.30600
32.31600
32.30700
32.30600
32.30300
32.30700
32.30700
32.30600
32.31000
32.31600
32.32100
32.33200
32.33600
32.33900
32.33900
32.34000
32.33900
32.34100
32.33600
32.33200
32.33900
32.33700
32.33000
32.33000
32.32600
32.32000
32.33100
32.33000
32.33200
32.33600
32.33000
32.33700
32.34400
32.34300
32.34200
32.34400
32.35100
32.34600
32.34700
32.34600
32.34100
32.34800
32.35100
32.35400
32.34400
32.34300
32.34200
32.33900
32.33800
32.34400
32.34700
32.34500
32.34500
32.35000
32.34800
32.34900
32.35000
32.35200
32.35200
32.34600
32.34400
32.34300
32.34400
32.34200
32.33700
32.33500
32.33900
32.34000
32.34700
32.34900
32.34300
32.34900
32.35100
32.35100
32.35100
32.35300
32.35000
32.35000
32.34600
32.34500
32.34900
32.34700
32.34900
32.35300
32.35500
32.35200
32.35200
32.34700
32.33800
32.34300
32.34700
32.35200
32.34600
32.35200
32.35300
32.35100
32.35100
32.35100
32.35400
32.34900
32.35000
32.35100
32.35400
32.36100
32.35600
32.35500
32.35400
32.35300
32.35100
32.35600
32.35200
32.35200
32.35000
32.34400
32.34900
32.34600
32.35200
32.35600
32.35800
32.35900
32.36300
32.36500
32.36300
32.36600
32.36700
32.36300
32.36300
32.35700
32.36100
32.36100
32.36100
32.36300
32.37000
32.36800
32.37400
32.36900
32.36600
32.36700
32.36600
32.36600
32.36800
32.36500
32.36300
32.36500
32.35900
32.36600
32.36400
32.37100
32.36800
32.37400
32.37400
32.37200
32.37300
32.37400
32.37800
32.38000
32.38200
32.37500
32.37800
32.37600
32.37300
32.38300
32.38700
32.38200
32.38300
32.39100
32.39400
32.39700
32.39400
32.39300
32.39200
32.39500
32.39100
32.39500
32.39500
32.38800
32.39300
32.39300
32.39400
32.39200
32.39800
32.40000
32.39500
32.39900
32.40200
32.40000
32.39900
32.40200
32.40000
32.40100
32.40400
32.40300
32.40300
32.40600
32.40200
32.39800
32.39900
32.40100
32.40100
32.40100
32.39200
32.39100
32.39200
32.38700
32.38500
32.38400
32.38500
32.38200
32.38500
32.38700
32.38400
32.38400
32.38000
32.37700
32.38200
32.37700
32.37900
32.38900
32.38300
32.38900
32.38200
32.37800
32.37400
32.37500
32.37000
32.37100
32.37300
32.36700
32.36400
32.36500
32.35100
32.34600
32.34600
32.34600
32.34500
32.34700
32.34800
32.34700
32.34600
32.34500
32.34900
32.34400
32.33900
32.34000
32.34000
32.34200
32.34700
32.35500
32.35600
32.35800
32.36000
32.35800
32.36400
32.36500
32.36700
32.36600
32.36400
32.36400
32.36500
32.36400
32.36700
32.36900
32.36800
32.37100
32.36700
32.37000
32.36800
32.36400
32.36100
32.36200
32.36300
32.35900
32.35900
32.35600
32.35100
32.35700
32.35800
32.36300
32.36300
32.35900
32.36200
32.36200
32.36000
32.36300
32.36300
32.36300
32.36200
32.36300
32.36000
32.35600
32.36100
32.35900
32.36300
32.36500
32.36400
32.36400
32.35900
32.36100
32.35900
32.35600
32.35200
32.34900
32.35200
32.34200
32.33800
32.33800
32.33700
32.34000
32.33600
32.33300
32.32900
32.33400
32.33500
32.33300
32.33300
32.33400
32.33400
32.33400
32.33600
32.34100
32.33300
32.33300
32.32900
32.33100
32.33000
32.33500
32.33000
32.33300
32.33300
32.32600
32.32800
32.33000
32.33200
32.32800
32.32700
32.32600
32.32400
32.32400
32.32600
32.32300
32.32700
32.32900
32.32200
32.32700
32.32300
32.32100
32.32000
32.32400
32.32500
32.32200
32.31800
32.31400
32.31600
32.31800
32.31500
32.31300
32.31400
32.32100
32.32300
32.32500
32.32900
32.32900
32.32700
32.32800
32.33200
32.33100
32.33000
32.33400
32.33300
32.33600
32.33500
32.32800
32.33200
32.33300
32.33100
32.32800
32.33400
32.32500
32.32900
32.33300
32.33500
32.33600
32.34100
32.34300
32.33900
32.33800
32.33900
32.33700
32.33300
32.33600
32.33500
32.33500
32.33500
32.33200
32.33100
32.33000
32.32900
32.32400
32.32500
32.32100
32.32100
32.31900
32.31900
32.32400
32.32400
32.32700
32.32200
32.32400
32.32100
32.32600
32.32700
32.32400
32.31900
32.32500
32.32500
32.32500
32.32900
32.33500
32.33500
32.33800
32.33300
32.33300
32.33400
32.34000
32.33700
32.34000
32.33800
32.34100
32.34600
32.34100
32.33400
32.33600
32.33600
32.33700
32.33600
32.33700
32.34000
32.34000
32.33600
32.33500
32.33100
32.33300
32.34000
32.33800
32.33400
32.33500
32.33400
32.33100
32.32800
32.32800
32.32300
32.32500
32.33000
32.32600
32.32300
32.32600
32.32500
32.33000
32.32600
32.32200
32.31900
32.32100
32.32000
32.32300
32.32400
32.32000
32.31800
32.31900
32.31900
32.32700
32.33100
32.33400
32.33100
32.33100
32.33300
32.34000
32.33500
32.33900
32.34000
32.34200
32.34600
32.34800
32.35100
32.35000
32.35500
32.35000
32.35500
32.35200
32.35400
32.35600
32.35700
32.35600
32.35100
32.35100
32.35800
32.35400
32.35300
32.35700
32.35500
32.35700
32.35500
32.35800
32.35700
32.36300
32.36200
32.36200
32.36100
32.36300
32.36800
32.36600
32.36500
32.36600
32.36100
32.36200
32.36200
32.36100
32.36100
32.36200
32.35700
32.35900
32.35800
32.35900
32.35500
32.36100
32.35700
32.35400
32.35400
32.35300
32.35100
32.35800
32.35300
32.35200
32.35100
32.34700
32.34600
32.34100
32.34200
32.34100
32.34300
32.34200
32.33800
32.33600
32.33500
32.33400
32.33700
32.33500
32.33400
32.33200
32.33400
32.33000
32.33100
32.33300
32.32800
32.32900
32.32800
32.32500
32.32300
32.32300
32.31700
32.32100
32.32200
32.32500
32.32000
32.32200
32.32300
32.32100
32.32300
32.32000
32.31600
32.31200
32.31500
32.31600
32.31100
32.30700
32.30300
32.30800
32.30500
32.30700
32.31100
32.31100
32.31000
32.31000
32.31400
32.31300
32.30900
32.30900
32.30700
32.30500
32.29900
32.29900
32.29700
32.29600
32.29700
32.29500
32.29600
32.29600
32.29600
32.30100
32.30100
32.30300
32.30300
32.29900
32.29900
32.29600
32.29300
32.29600
32.29200
32.29800
32.29900
32.29700
32.29200
32.29200
32.29100
32.29000
32.29000
32.28700
32.29100
32.29400
32.29400
32.29600
32.29600
32.29400
32.29000
32.29200
32.29000
32.29100
32.29100
32.29100
32.29000
32.28800
32.28700
32.28700
32.29100
32.29200
32.29200
32.29100
32.29300
32.29400
32.29300
32.29000
32.29000
32.28500
32.28600
32.28500
32.28600
32.28500
32.28600
32.28800
32.28600
32.28800
32.29000
32.28800
32.28700
32.28700
32.28600
32.28400
32.28500
32.28500
32.28600
32.28800
32.28800
32.29000
32.29100
32.29100
32.28700
32.28600
32.28600
32.29000
32.29100
32.29200
32.28800
32.29000
32.28800
32.28600
32.28200
32.28100
32.28300
32.28300
32.28600
32.29000
32.29100
32.29100
32.29000
32.28900
32.28700
32.28700
32.29000
32.29200
32.29100
32.29500
32.29400
32.29500
32.29200
32.28800
32.28400
32.29000
32.29000
32.29100
32.29000
32.29000
32.28500
32.28600
32.28900
32.29000
32.29200
32.29200
32.29100
32.29200
32.29200
32.29600
32.29600
32.29700
32.29600
32.29500
32.29400
32.29600
32.29300
32.29300
32.29000
32.28700
32.28500
32.28600
32.28400
32.27700
32.27800
32.27600
32.26800
32.26800
32.26700
32.26500
32.26900
32.26700
32.26600
32.26700
32.26300
32.26300
32.26200
32.25800
32.25900
32.25900
32.25600
32.25600
32.25500
32.25500
32.25700
32.25700
32.25900
32.26100
32.26400
32.26100
32.25800
32.25800
32.25800
32.25800
32.25700
32.25700
32.25800
32.25900
32.25700
32.25800
32.26000
32.25900
32.25800
32.25700
32.26100
32.25900
32.25900
32.25900
32.25600
32.25800
32.26000
32.26400
32.26500
32.26600
32.26700
32.26700
32.26700
32.26900
32.26600
32.26500
32.26000
32.26100
32.26000
32.25600
32.26000
32.25700
32.25800
32.25700
32.25900
32.26000
32.26100
32.26200
32.26000
32.25700
32.25700
32.25800
32.25400
32.25300
32.25300
32.24900
32.25000
32.25300
32.24900
32.25000
32.25300
32.25500
32.25500
32.25400
32.25100
32.25800
32.25600
32.25800
32.25800
32.26000
32.25800
32.25700
32.25400
32.25500
32.25500
32.25600
32.25700
32.25900
32.26400
32.26300
32.26300
32.26100
32.26000
32.26400
32.26600
32.26300
32.26200
32.26700
32.26500
32.26500
32.26900
32.26800
32.26700
32.27000
32.27800
32.27600
32.28000
32.28500
32.28400
32.28600
32.28900
32.28700
32.28700
32.28900
32.29000
32.29100
32.29600
32.29400
32.29200
32.29200
32.29200
32.29200
32.28800
32.28400
32.28300
32.28700
32.29200
32.28700
32.28600
32.28600
32.28600
32.28500
32.28600
32.28900
32.28800
32.29100
32.29200
32.29200
32.29300
32.29700
32.29300
32.29400
32.29300
32.29500
32.29700
32.29900
32.29900
32.29900
32.29900
32.29900
32.30000
32.29900
32.29700
32.29800
32.29200
32.29500
32.30000
32.29800
32.29800
32.30000
32.30000
32.30200
32.30300
32.30400
32.30200
32.30100
32.30800
32.30900
32.31100
32.31200
32.31600
32.31600
32.31600
32.31700
32.31600
32.31600
32.31200
32.31700
32.31400
32.31400
32.31300
32.31800
32.32000
32.31800
32.32100
32.31900
32.32000
32.31700
32.31700
32.31500
32.31700
32.31500
32.31400
32.31800
32.31500
32.30900
32.30700
32.30700
32.30800
32.30900
32.30800
32.31000
32.31100
32.30800
32.30800
32.31000
32.30900
32.30600
32.30900
32.30600
32.30500
32.30900
32.31100
32.31100
32.30900
32.30600
32.30800
32.30800
32.30800
32.30800
32.30600
32.30400
32.30500
32.30500
32.30400
32.30800
32.31100
32.31000
32.31000
32.30800
32.30700
32.31100
32.30900
32.31000
32.30800
32.30900
32.30700
32.30600
32.30800
32.30800
32.30100
32.30300
32.30200
32.30200
32.30300
32.30300
32.30000
32.29400
32.29400
32.29700
32.29500
32.29400
32.29400
32.29600
32.29800
32.29900
32.30300
32.30200
32.30400
32.30200
32.29800
32.29900
32.29500
32.29800
32.29700
32.29400
32.29100
32.28800
32.28900
32.28900
32.29300
32.29100
32.29100
32.29100
32.29100
32.29400
32.29300
32.29600
32.29700
32.29700
32.29700
32.29600
32.29200
32.29300
32.29200
32.29200
32.29400
32.29000
32.29300
32.29000
32.29100
32.28400
32.28400
32.28300
32.28000
32.27600
32.27200
32.27400
32.27700
32.27700
32.27700
32.27600
32.27400
32.27300
32.27200
32.27300
32.27000
32.26800
32.26700
32.26400
32.26600
32.26400
32.26600
32.26500
32.26200
32.26000
32.25700
32.25700
32.25800
32.25900
32.26000
32.26000
32.25700
32.25600
32.25300
32.25200
32.25100
32.25200
32.25000
32.24800
32.24500
32.24300
32.24400
32.24300
32.24300
32.24200
32.24100
32.24200
32.24000
32.24100
32.24000
32.23900
32.23900
32.23400
32.22900
32.22900
32.23000
32.23200
32.23400
32.23300
32.23500
32.23400
32.23600
32.23600
32.23700
32.23300
32.23500
32.23400
32.23000
32.22900
32.22900
32.22700
32.22900
32.22900
32.22600
32.22300
32.22200
32.22300
32.22300
32.22300
32.22400
32.22100
32.22000
32.21700
32.21500
32.21700
32.21800
32.21600
32.21300
32.21200
32.21100
32.21200
32.21500
32.21800
32.21900
32.21500
32.21100
32.20900
32.20800
32.20600
32.20800
32.21000
32.20800
32.21000
32.20800
32.20900
32.20800
32.20400
32.20300
32.20600
32.20600
32.20600
32.20700
32.20500
32.20600
32.20600
32.20700
32.20700
32.20700
32.20800
32.21100
32.21200
32.20800
32.21000
32.20600
32.20100
32.20000
32.20100
32.19800
32.19400
32.19200
32.18800
32.18800
32.18900
32.18900
32.18900
32.18800
32.18800
32.18800
32.18900
32.18800
32.18700
32.18800
32.18800
32.18600
32.18500
32.18400
32.18300
32.18300
32.18400
32.18200
32.18400
32.18500
32.18300
32.18200
32.18200
32.18500
32.18400
32.18100
32.18100
32.17700
32.17700
32.17500
32.17500
32.17600
32.17500
32.17500
32.17500
32.17700
32.17600
32.17600
32.17300
32.17200
32.17000
32.17400
32.17300
32.17200
32.17200
32.17100
32.17100
32.17200
32.17100
32.16900
32.16700
32.16500
32.16500
32.16700
32.16500
32.16300
32.16000
32.16000
32.15900
32.15600
32.15300
32.15100
32.15200
32.15000
32.15200
32.15300
32.15500
32.15200
32.15100
32.15100
32.15200
32.15100
32.14800
32.14700
32.15000
32.14800
32.14900
32.14800
32.14600
32.14700
32.14800
32.14800
32.14800
32.14800
32.14800
32.14700
32.14800
32.14700
32.14500
32.14700
32.14200
32.13900
32.14100
32.13700
32.13800
32.13600
32.13800
32.13800
32.13600
32.13600
32.13900
32.13900
32.13500
32.13600
32.13400
32.13100
32.13200
32.13400
32.13700
32.13700
32.13500
32.13600
32.13500
32.13500
32.13200
32.13200
32.13300
32.13900
32.13700
32.13700
32.13500
32.13400
32.13100
32.13200
32.13100
32.12900
32.12700
32.12800
32.13300
32.13100
32.13200
32.13200
32.13100
32.13100
32.13100
32.13100
32.13400
32.13400
32.13400
32.13400
32.12900
32.13100
32.13100
32.12800
32.12900
32.12500
32.12300
32.12700
32.12900
32.12700
32.12800
32.12800
32.12700
32.12800
32.12600
32.12400
32.12300
32.12400
32.12100
32.12100
32.12100
32.11900
32.12400
32.12200
32.12000
32.12300
32.12400
32.12400
32.12300
32.12300
32.12100
32.12000
32.11900
32.11900
32.12100
32.11900
32.12000
32.12400
32.12400
32.11800
32.11900
32.11900
32.11800
32.11800
32.11600
32.11900
32.11800
32.11700
32.11800
32.11800
32.11900
32.12000
32.11900
32.12100
32.12300
32.12100
32.12400
32.12500
32.12400
32.12400
32.12400
32.12600
32.12800
32.12900
32.13200
32.13400
32.13000
32.13400
32.13200
32.13100
32.13100
32.13000
32.12900
32.13000
32.12800
32.13000
32.12800
32.12900
32.12800
32.13200
32.13400
32.13300
32.13700
32.13700
32.13400
32.13400
32.13500
32.13500
32.13500
32.13700
32.13600
32.13600
32.13500
32.13800
32.13800
32.13300
32.13300
32.13400
32.13800
32.13800
32.13700
32.13600
32.13600
32.13700
32.13600
32.13400
32.13600
32.13700
32.13700
32.13900
32.14200
32.13800
32.13900
32.13900
32.13600
32.14100
32.14100
32.14100
32.13800
32.13800
32.13800
32.13800
32.13500
32.13500
32.13400
32.13500
32.13700
32.13900
32.13600
32.13700
32.13600
32.13700
32.14000
32.14100
32.14300
32.14300
32.14300
32.14300
32.14300
32.14200
32.14300
32.14000
32.14000
32.14200
32.13900
32.14100
32.14200
32.14100
32.13700
32.13800
32.13700
32.13700
32.13800
32.14000
32.14000
32.14200
32.14200
32.14000
32.14000
32.14100
32.14100
32.14000
32.13900
32.14000
32.13900
32.14000
32.14100
32.14000
32.14100
32.14200
32.14500
32.14500
32.14700
32.14700
32.14500
32.14500
32.14800
32.14900
32.15000
32.14900
32.15100
32.15100
32.15000
32.15100
32.15200
32.15300
32.15400
32.15300
32.15100
32.15400
32.15300
32.15400
32.15200
32.15100
32.15100
32.14900
32.14800
32.15000
32.15300
32.15400
32.15200
32.15200
32.15200
32.15300
32.15200
32.15100
32.14900
32.14900
32.15000
32.14900
32.15000
32.14800
32.14900
32.14900
32.14900
32.15100
32.15000
32.15300
32.15200
32.15100
32.15000
32.15000
32.14800
32.14800
32.15000
32.15200
32.15000
32.15000
32.15000
32.14800
32.14600
32.14700
32.14600
32.14700
32.14900
32.14800
32.14700
32.14800
32.14900
32.14800
32.14900
32.14900
32.15000
32.14900
32.15000
32.14900
32.14800
32.14600
32.14900
32.15000
32.15000
32.15000
32.14900
32.14700
32.14600
32.14600
32.14800
32.15000
32.14900
32.15000
32.15000
32.15000
32.15100
32.14900
32.15000
32.15200
32.15100
32.15200
32.15600
32.15600
32.15700
32.15700
32.15900
32.15700
32.15700
32.15800
32.15500
32.15600
32.15900
32.16000
32.15800
32.16100
32.16300
32.16200
32.16400
32.16300
32.16400
32.16300
32.16100
32.16400
32.16700
32.16800
32.16800
32.17200
32.17300
32.17400
32.17400
32.17500
32.17500
32.17600
32.17500
32.17300
32.17400
32.17600
32.17700
32.17700
32.18100
32.18100
32.18000
32.17900
32.17900
32.17800
32.18100
32.18100
32.18500
32.18900
32.18500
32.18500
32.18300
32.18400
32.18600
32.18700
32.18500
32.18900
32.19000
32.19100
32.19100
32.18900
32.18700
32.18500
32.18600
32.18700
32.18800
32.18800
32.18700
32.18400
32.18500
32.18500
32.18400
32.18300
32.18200
32.18700
32.18800
32.18500
32.18700
32.18700
32.18600
32.18500
32.18600
32.18700
32.19000
32.19400
32.19400
32.19200
32.19100
32.19100
32.19200
32.19200
32.19400
32.19500
32.19500
32.19300
32.19800
32.20000
32.19900
32.19900
32.19700
32.19800
32.19800
32.20100
32.20200
32.20300
32.20400
32.20400
32.20200
32.20700
32.20600
32.20700
32.20600
32.20300
32.20300
32.20300
32.19800
32.20300
32.20400
32.20300
32.20400
32.20400
32.20600
32.20600
32.21100
32.20800
32.20800
32.21000
32.20800
32.20900
32.21000
32.21200
32.21400
32.21600
32.21600
32.21800
32.21600
32.21700
32.21700
32.21500
32.21900
32.22000
32.22000
32.21800
32.22000
32.22200
32.22100
32.22100
32.22400
32.22600
32.22700
32.22700
32.22800
32.22700
32.22600
32.22600
32.22700
32.22800
32.22800
32.22800
32.22700
32.22500
32.22700
32.22900
32.23400
32.23500
32.23500
32.23500
32.23700
32.23600
32.23600
32.24100
32.24300
32.24200
32.24000
32.24100
32.24000
32.24000
32.24000
32.23800
32.24100
32.24400
32.24000
32.24000
32.23900
32.23700
32.23700
32.23700
32.23800
32.23700
32.23800
32.24000
32.23800
32.23700
32.24100
32.23900
32.24000
32.24000
32.24000
32.24000
32.24100
32.24000
32.24300
32.24400
32.24400
32.24400
32.24500
32.24300
32.24300
32.24400
32.24400
32.24300
32.24500
32.24300
32.24100
32.24400
32.24300
32.24200
32.24200
32.24200
32.24300
32.24300
32.24600
32.24700
32.24700
32.24700
32.25200
32.25000
32.25300
32.25300
32.25200
32.25000
32.25100
32.25000
32.25000
32.24700
32.24500
32.24600
32.24500
32.24400
32.24100
32.24000
32.23900
32.24000
32.24000
32.23800
32.23900
32.23800
32.23800
32.23800
32.23900
32.23800
32.23600
32.23400
32.23500
32.23400
32.23300
32.23500
32.23800
32.23700
32.23300
32.23100
32.23000
32.23400
32.23400
32.23300
32.23400
32.23400
32.23600
32.23500
32.23700
32.23500
32.23300
32.23300
32.23200
32.23400
32.23300
32.23300
32.23400
32.23300
32.23500
32.23200
32.23400
32.23400
32.23500
32.23600
32.23600
32.23500
32.23400
32.23700
32.23700
32.23700
32.23800
32.23600
32.23600
32.23500
32.23500
32.23500
32.23300
32.23400
32.23300
32.23400
32.23500
32.23300
32.23400
32.23200
32.23300
32.23400
32.23300
32.23400
32.23300
32.23200
32.23200
32.23400
32.23400
32.23500
32.23400
32.23400
32.23600
32.23600
32.23600
32.23600
32.23600
32.23500
32.23500
32.23500
32.23700
32.23500
32.23500
32.23600
32.23200
32.23100
32.23500
32.23400
32.23400
32.22900
32.23000
32.22600
32.22800
32.22800
32.22700
32.23000
32.23000
32.22900
32.23200
32.23000
32.23300
32.23300
32.23000
32.22600
32.23200
32.23000
32.23000
32.23100
32.22900
32.22700
32.22700
32.22500
32.22500
32.22400
32.22300
32.22400
32.22500
32.22500
32.22500
32.22200
32.22500
32.22700
32.22700
32.22700
32.22600
32.22800
32.22800
32.22900
32.23100
32.23000
32.23000
32.23100
32.23000
32.23400
32.23300
32.23300
32.23400
32.23500
32.23400
32.23600
32.23400
32.23300
32.23200
32.23300
32.23500
32.23300
32.23300
32.23200
32.23300
32.23500
32.23600
32.23700
32.23600
32.23600
32.23700
32.23500
32.23700
32.23700
32.23800
32.23800
32.23800
32.23800
32.23700
32.23700
32.23600
32.23500
32.23700
32.23600
32.23700
32.23700
32.23600
32.23600
32.23600
32.23600
32.23600
32.23300
32.23200
32.23200
32.23200
32.23300
32.23100
32.23200
32.23100
32.23000
32.22800
32.23000
32.22800
32.22800
32.22700
32.22700
32.22600
32.22900
32.22900
32.23000
32.23300
32.23000
32.22700
32.22700
32.22900
32.22700
32.22700
32.22800
32.22700
32.22500
32.22600
32.22600
32.22800
32.22700
32.22600
32.22800
32.22800
32.22600
32.22300
32.22200
32.22400
32.22200
32.22200
32.22200
32.22400
32.22300
32.22300
32.22300
32.22200
32.22300
32.22200
32.22300
32.22400
32.22500
32.22300
32.22300
32.22400
32.22300
32.21900
32.21800
32.21800
32.21900
32.21900
32.21900
32.21900
32.22100
32.21900
32.21800
32.22000
32.21900
32.21900
32.22200
32.22400
32.22200
32.22100
32.22100
32.22200
32.21900
32.21800
32.21500
32.21800
32.21600
32.21600
32.21700
32.21600
32.21400
32.21800
32.21900
32.21800
32.22100
32.22100
32.22100
32.22200
32.22200
32.22200
32.22200
32.22300
32.22300
32.22400
32.22500
32.22400
32.22400
32.22300
32.22400
32.22400
32.22200
32.22100
32.21900
32.21800
32.21600
32.21800
32.21800
32.21900
32.22100
32.21800
32.21800
32.21900
32.21700
32.21700
32.21800
32.21700
32.21700
32.21900
32.21900
32.21700
32.21400
32.21600
32.21700
32.21700
32.21700
32.21800
32.21700
32.21700
32.21700
32.22200
32.22300
32.22100
32.22100
32.22200
32.21800
32.22000
32.22000
32.21900
32.21900
32.22100
32.22200
32.22400
32.22400
32.22600
32.22300
32.22300
32.22400
32.22200
32.22500
32.22600
32.22600
32.22400
32.22200
32.22400
32.22600
32.22500
32.22200
32.22400
32.22100
32.22000
32.22500
32.22800
32.23000
32.23000
32.23400
32.23300
32.23600
32.23500
32.23800
32.23300
32.23200
32.23200
32.23600
32.23500
32.23600
32.24000
32.24200
32.24300
32.24300
32.24400
32.24500
32.24100
32.24300
32.24500
32.24600
32.24500
32.24500
32.24400
32.24400
32.24500
32.24400
32.24500
32.24300
32.24300
32.24300
32.24200
32.24600
32.24600
32.24600
32.24500
32.24600
32.24500
32.24700
32.24900
32.25100
32.25000
32.25100
32.25200
32.25000
32.25000
32.25000
32.25200
32.25100
32.25000
32.24800
32.24900
32.25100
32.25000
32.24800
32.25000
32.25000
32.25100
32.25000
32.24900
32.24800
32.24800
32.24800
32.24700
32.24500
32.24600
32.24600
32.24800
32.25100
32.25200
32.25200
32.24900
32.24800
32.24700
32.24500
32.24700
32.24700
32.24900
32.24700
32.24600
32.24400
32.24400
32.24200
32.24200
32.24300
32.24200
32.24500
32.24500
32.24600
32.24800
32.24600
32.24700
32.24700
32.24700
32.24900
32.24900
32.24800
32.24700
32.24700
32.24900
32.24700
32.24600
32.24400
32.24300
32.24400
32.24400
32.24100
32.24100
32.24000
32.24400
32.24500
32.24400
32.24200
32.24400
32.24400
32.24600
32.24700
32.24900
32.24900
32.24800
32.24900
32.24800
32.25300
32.25500
32.25400
32.25500
32.25600
32.25500
32.25600
32.25600
32.25400
32.25500
32.25600
32.25900
32.26100
32.26100
32.26300
32.26400
32.26300
32.26300
32.26300
32.26200
32.26200
32.26200
32.26300
32.26300
32.26100
32.26200
32.26100
32.26200
32.26200
32.26000
32.26000
32.26000
32.26200
32.26200
32.26300
32.26300
32.26500
32.26400
32.26300
32.26600
32.26500
32.26800
32.26700
32.26700
32.26500
32.26700
32.26700
32.26500
32.26600
32.26700
32.26700
32.26500
32.26600
32.26600
32.26500
32.26800
32.26600
32.26800
32.26700
32.26700
32.26500
32.26400
32.26400
32.26300
32.26100
32.26200
32.26100
32.26100
32.26000
32.26400
32.26700
32.26600
32.26600
32.26600
32.26600
32.26500
32.26500
32.26700
32.26600
32.26500
32.26400
32.26100
32.26400
32.26400
32.26300
32.26200
32.25900
32.26000
32.25900
32.25900
32.25700
32.25800
32.25500
32.25400
32.25500
32.25300
32.25200
32.25300
32.25300
32.25100
32.25300
32.25400
32.25500
32.25500
32.25200
32.25200
32.25700
32.25600
32.25700
32.25500
32.25400
32.25500
32.25500
32.25300
32.25200
32.25300
32.24900
32.25000
32.25100
32.25000
32.24700
32.24900
32.25000
32.24900
32.25000
32.24900
32.24900
32.25000
32.25100
32.25300
32.25400
32.25600
32.25500
32.25700
32.25800
32.25700
32.25500
32.25500
32.25600
32.25700
32.25800
32.25700
32.25700
32.25600
32.25600
32.25400
32.25200
32.25200
32.25300
32.25500
32.25500
32.25600
32.25400
32.25500
32.25400
32.25400
32.25600
32.25600
32.25700
32.25700
32.25800
32.26100
32.26200
32.26200
32.26200
32.26300
32.26500
32.26500
32.26500
32.26600
32.26800
32.27200
32.26900
32.26900
32.26800
32.26700
32.26800
32.26900
32.26900
32.26600
32.26700
32.26800
32.26800
32.26800
32.26600
32.26700
32.26600
32.26600
32.26700
32.26800
32.26600
32.26800
32.26500
32.26500
32.26700
32.26500
32.26600
32.26700
32.26800
32.26800
32.26800
32.27000
32.26800
32.26800
32.26800
32.26800
32.26900
32.27100
32.27400
32.27400
32.27200
32.27300
32.27200
32.27100
32.27200
32.27200
32.27200
32.27600
32.27700
32.27500
32.27500
32.27400
32.27500
32.27700
32.27900
32.27800
32.27700
32.27800
32.27800
32.28100
32.28300
32.28300
32.28400
32.28500
32.28500
32.28600
32.28900
32.28700
32.28800
32.29000
32.29000
32.28800
32.28700
32.28800
32.28600
32.28500
32.28500
32.28500
32.28300
32.28100
32.28400
32.28400
32.28500
32.28400
32.28500
32.28600
32.28800
32.28700
32.28700
32.28400
32.28400
32.28500
32.28400
32.28300
32.28400
32.28500
32.28600
32.28900
32.29000
32.29000
32.28700
32.28900
32.29000
32.28900
32.29000
32.29100
32.29100
32.28900
32.29200
32.29500
32.29500
32.29300
32.29100
32.29300
32.29200
32.29200
32.29400
32.29400
32.29400
32.29400
32.29200
32.29200
32.29300
32.29500
32.29700
32.29600
32.29800
32.29800
32.29700
32.29600
32.29600
32.29600
32.29700
32.29700
32.29900
32.29900
32.30200
32.30200
32.30400
32.30400
32.30400
32.30400
32.30500
32.30700
32.30600
32.30800
32.30900
32.31100
32.31200
32.31200
32.31200
32.31200
32.31200
32.31600
32.31900
32.31900
32.32100
32.32000
32.32000
32.32000
32.32000
32.32000
32.32200
32.32300
32.32400
32.32500
32.32600
32.32700
32.32800
32.32900
32.32800
32.32700
32.32700
32.32800
32.33000
32.33000
32.32900
32.33100
32.32800
32.32800
32.32600
32.32800
32.32900
32.33200
32.33100
32.33000
32.33300
32.33000
32.33000
32.32800
32.32900
32.33100
32.33000
32.33000
32.33000
32.33100
32.33200
32.33300
32.33300
32.33200
32.33100
32.33100
32.33100
32.33400
32.33600
32.33500
32.33600
32.33600
32.33500
32.33400
32.33300
32.33300
32.33400
32.33300
32.33300
32.33300
32.33500
32.33600
32.33600
32.33700
32.33700
32.33600
32.33800
32.33600
32.33600
32.33800
32.33800
32.33900
32.34000
32.34200
32.33900
32.34000
32.34100
32.34500
32.34500
32.34300
32.34500
32.34100
32.34300
32.34400
32.34500
32.34600
32.34300
32.34700
32.34900
32.34800
32.35000
32.34900
32.34900
32.34800
32.34700
32.34700
32.34600
32.34600
32.34800
32.34800
32.34800
32.34900
32.35100
32.35200
32.35400
32.35500
32.35400
32.35400
32.35600
32.35600
32.35600
32.35600
32.35800
32.35700
32.35600
32.35500
32.35700
32.35800
32.36000
32.36000
32.35900
32.35800
32.35700
32.35700
32.35800
32.35800
32.35900
32.35800
32.36100
32.36000
32.35900
32.35900
32.35800
32.35900
32.35700
32.35800
32.36100
32.36100
32.36100
32.36000
32.36000
32.35900
32.35900
32.35900
32.36100
32.36100
32.35800
32.35900
32.36100
32.36100
32.36300
32.36400
32.36300
32.36500
32.36600
32.36600
32.36600
32.36900
32.36700
32.36900
32.36900
32.36800
32.36500
32.36600
32.36600
32.36800
32.36800
32.37000
32.37000
32.37000
32.36900
32.37100
32.37200
32.37200
32.37400
32.37300
32.36900
32.37200
32.37300
32.37300
32.37500
32.37400
32.37300
32.37200
32.37500
32.37700
32.37800
32.37900
32.38100
32.38300
32.38200
32.38300
32.38400
32.38400
32.38400
32.38600
32.38800
32.38900
32.38800
32.38900
32.39000
32.38800
32.38900
32.39000
32.39000
32.38900
32.39000
32.39000
32.39200
32.39100
32.39100
32.39000
32.39200
32.39300
32.39400
32.39500
32.39300
32.39300
32.39400
32.39300
32.39300
32.39500
32.39400
32.39300
32.39300
32.39500
32.39800
32.39700
32.39600
32.39300
32.39300
32.39500
32.39600
32.39600
32.39600
32.39800
32.39800
32.39800
32.39700
32.39700
32.39700
32.39900
32.40000
32.39800
32.39900
32.39900
32.39900
32.39800
32.39900
32.39900
32.39900
32.39900
32.40000
32.40300
32.40400
32.40400
32.40200
32.40300
32.40600
32.40800
32.40800
32.40900
32.40700
32.41000
32.40900
32.40900
32.41200
32.41200
32.41300
32.41300
32.41500
32.41500
32.41400
32.41400
32.41500
32.41600
32.41600
32.41600
32.41400
32.41300
32.41300
32.41600
32.41600
32.41600
32.41800
32.41800
32.41800
32.41800
32.41900
32.41900
32.41900
32.41700
32.41700
32.41800
32.41800
32.41900
32.42200
32.42200
32.42000
32.42000
32.41900
32.42100
32.42100
32.42100
32.42100
32.42100
32.42200
32.42500
32.42500
32.42600
32.42500
32.42700
32.42600
32.42600
32.42800
32.42700
32.42800
32.42800
32.42600
32.42800
32.42900
32.42900
32.42900
32.42800
32.42800
32.43000
32.42900
32.43100
32.43100
32.43100
32.43100
32.43300
32.43300
32.43700
32.43800
32.43700
32.43500
32.43700
32.43600
32.43800
32.43700
32.43900
32.43800
32.43700
32.44000
32.44000
32.44100
32.44200
32.44200
32.44400
32.44300
32.44200
32.44200
32.44100
32.44100
32.44000
32.44000
32.44300
32.44400
32.44400
32.44200
32.44300
32.44300
32.44400
32.44300
32.44200
32.44500
32.44300
32.44200
32.43800
32.44200
32.44200
32.44200
32.44300
32.44300
32.44300
32.44400
32.44400
32.44400
32.44300
32.44400
32.44500
32.44500
32.44500
32.44600
32.44600
32.44600
32.44600
32.44500
32.44700
32.44800
32.44700
32.44700
32.44600
32.44600
32.44800
32.44800
32.44600
32.44700
32.44600
32.44700
32.44700
32.44700
32.44500
32.44700
32.44800
32.44900
32.44600
32.44500
32.44600
32.44600
32.44600
32.44600
32.44600
32.44800
32.45100
32.45300
32.45100
32.45100
32.45100
32.45200
32.45600
32.45700
32.45800
32.45900
32.46000
32.45900
32.45700
32.45600
32.45600
32.45900
32.45800
32.45800
32.45900
32.45900
32.45900
32.46000
32.46000
32.45900
32.45900
32.46100
32.46100
32.46400
32.46400
32.46400
32.46400
32.46500
32.46600
32.46700
32.46900
32.47000
32.46900
32.47100
32.47200
32.47300
32.47400
32.47400
32.47300
32.47400
32.47300
32.47400
32.47500
32.47600
32.47600
32.47600
32.47500
32.47500
32.47400
32.47500
32.47500
32.47300
32.47400
32.47500
32.47500
32.47500
32.47100
32.47500
32.47400
32.47200
32.47200
32.47200
32.47300
32.47600
32.47400
32.47400
32.47400
32.47500
32.47500
32.48100
32.48000
32.48000
32.48100
32.48100
32.47900
32.48000
32.47900
32.47900
32.48100
32.48300
32.48100
32.48200
32.48200
32.48100
32.48400
32.48300
32.48400
32.48400
32.48300
32.48300
32.48500
32.48300
32.48400
32.48600
32.48800
32.48800
32.49100
32.48900
32.49200
32.49300
32.49300
32.48900
32.48900
32.49100
32.49100
32.49100
32.49100
32.49200
32.49200
32.49300
32.49300
32.49200
32.49300
32.49500
32.49500
32.49500
32.49500
32.49200
32.49100
32.49000
32.49200
32.49100
32.48900
32.48800
32.48600
32.48800
32.48800
32.48900
32.48800
32.48900
32.48900
32.49000
32.48900
32.49100
32.49000
32.49000
32.48900
32.48700
32.48700
32.48700
32.48500
32.48700
32.48500
32.48500
32.48600
32.48500
32.48500
32.48500
32.48700
32.48500
32.48500
32.48700
32.48500
32.48500
32.48400
32.48200
32.48100
32.48100
32.48400
32.48500
32.48300
32.48100
32.48500
32.48600
32.48500
32.48900
32.48700
32.48700
32.48700
32.48800
32.48800
32.48800
32.48900
32.49100
32.49200
32.49000
32.49300
32.49300
32.49300
32.49400
32.49400
32.49500
32.49600
32.49400
32.49200
32.49000
32.49100
32.49100
32.48900
32.48900
32.49000
32.49000
32.49100
32.49300
32.49300
32.49400
32.49200
32.49300
32.49700
32.49600
32.49600
32.49600
32.49700
32.49800
32.49900
32.50000
32.50100
32.49900
32.49700
32.49800
32.50000
32.50000
32.50000
32.50200
32.50000
32.50000
32.50100
32.50100
32.50200
32.50400
32.50300
32.50100
32.50100
32.50400
32.50400
32.50700
32.50600
32.50400
32.50300
32.50600
32.50500
32.50700
32.50700
32.50600
32.50600
32.50500
32.50500
32.50400
32.50300
32.50400
32.50800
32.50600
32.50800
32.50700
32.50800
32.50800
32.50900
32.51100
32.51100
32.50900
32.50900
32.51000
32.50900
32.50800
32.50800
32.50900
32.51100
32.51200
32.51300
32.51200
32.51000
32.50900
32.50900
32.50800
32.50900
32.51000
32.51000
32.51000
32.51000
32.51100
32.51100
32.51200
32.51100
32.51000
32.51000
32.50900
32.50900
32.50800
32.50800
32.50700
32.51000
32.50800
32.50800
32.50700
32.50700
32.50700
32.50600
32.50500
32.50500
32.50500
32.50500
32.50700
32.50700
32.50900
32.50700
32.50700
32.50600
32.50800
32.50900
32.51000
32.50900
32.50900
32.51100
32.51100
32.51100
32.51000
32.51200
32.51200
32.51100
32.50800
32.50700
32.50800
32.50800
32.50800
32.50800
32.50800
32.51200
32.50900
32.50800
32.50800
32.51000
32.50900
32.50800
32.50900
32.51000
32.50800
32.50900
32.50900
32.50900
32.51000
32.50900
32.50900
32.50600
32.50500
32.50700
32.50800
32.50800
32.51000
32.51000
32.50900
32.50900
32.50800
32.50800
32.50800
32.50800
32.50600
32.50500
32.50800
32.50800
32.50700
32.50600
32.50700
32.50700
32.50300
32.50200
32.50500
32.50300
32.50300
32.50400
32.50500
32.50300
32.50200
32.50300
32.50200
32.50400
32.50400
32.50400
32.50500
32.50600
32.50500
32.50500
32.50600
32.50300
32.50400
32.50300
32.50100
32.50300
32.50100
32.50300
32.50200
32.50000
32.50100
32.50300
32.50400
32.50300
32.50300
32.50400
32.50200
32.50500
32.50700
32.50800
32.51100
32.51000
32.50800
32.50800
32.50700
32.50700
32.50900
32.50900
32.50900
32.50900
32.51000
32.51100
32.50800
32.50900
32.50800
32.51300
32.51300
32.51600
32.51400
32.51300
32.51600
32.51500
32.51400
32.51400
32.51200
32.51400
32.51400
32.51500
32.51400
32.51300
32.51300
32.51400
32.51600
32.51800
32.52000
32.52100
32.52300
32.52200
32.52000
32.52100
32.52000
32.51900
32.51800
32.52100
32.52300
32.52400
32.52300
32.52100
32.52200
32.52200
32.52000
32.52000
32.52000
32.52000
32.51900
32.52100
32.52100
32.52000
32.52000
32.52000
32.51900
32.51900
32.52000
32.52200
32.52100
32.52100
32.52300
32.52300
32.52200
32.52300
32.52300
32.51800
32.52000
32.51900
32.51900
32.52000
32.52000
32.52000
32.51900
32.52000
32.51900
32.52000
32.51800
32.51900
32.52200
32.52000
32.52000
32.52100
32.52400
32.52300
32.52200
32.52200
32.52200
32.52200
32.51900
32.52000
32.52200
32.52200
32.52200
32.52400
32.52500
32.52100
32.52200
32.52600
32.52600
32.52600
32.52600
32.52700
32.52600
32.52700
32.52700
32.52800
32.52900
32.52700
32.52800
32.53000
32.53100
32.53300
32.53600
32.53400
32.53400
32.53600
32.53400
32.53400
32.53400
32.53400
32.53400
32.53900
32.53700
32.53800
32.53900
32.54000
32.54000
32.54200
32.54300
32.54300
32.54400
32.54300
32.54400
32.54700
32.54600
32.54400
32.54600
32.54700
32.54600
32.54500
32.54600
32.54700
32.54900
32.55000
32.55100
32.55300
32.55300
32.55200
32.55200
32.55300
32.55200
32.55500
32.55600
32.55700
32.55700
32.55700
32.55700
32.55900
32.55800
32.55700
32.55800
32.55800
32.55900
32.55900
32.56000
32.55800
32.55600
32.55700
32.55700
32.55700
32.55800
32.55900
32.55700
32.55700
32.56000
32.55900
32.55700
32.56000
32.56000
32.56000
32.56100
32.56300
32.56200
32.56200
32.56200
32.56200
32.56500
32.56300
32.56400
32.56600
32.56600
32.56700
32.56700
32.56400
32.56300
32.56400
32.56300
32.56200
32.56200
32.56200
32.56300
32.56300
32.56300
32.56200
32.56200
32.56500
32.56600
32.56700
32.56700
32.56500
32.56600
32.56700
32.56600
32.56900
32.56700
32.56700
32.56600
32.56800
32.56700
32.56900
32.57100
32.57200
32.57200
32.57100
32.57100
32.57100
32.57000
32.57100
32.57400
32.57500
32.57300
32.57300
32.57400
32.57300
32.57300
32.57400
32.57300
32.57500
32.57600
32.57600
32.57500
32.57500
32.57400
32.57200
32.57300
32.57400
32.57600
32.57600
32.57700
32.57800
32.57900
32.57900
32.57900
32.58100
32.58000
32.58300
32.58200
32.58200
32.58200
32.58200
32.58000
32.57900
32.58100
32.58500
32.58300
32.58200
32.58000
32.58200
32.58100
32.58200
32.58400
32.58400
32.58100
32.58100
32.58200
32.58100
32.58200
32.58300
32.58600
32.58400
32.58500
32.58400
32.58300
32.58500
32.58500
32.58300
32.58200
32.58000
32.58000
32.58000
32.58000
32.58100
32.58100
32.58200
32.58200
32.58100
32.58100
32.58200
32.58200
32.58200
32.58300
32.58300
32.58300
32.58300
32.58200
32.58100
32.58200
32.58300
32.58200
32.58200
32.58000
32.57900
32.58100
32.58400
32.58200
32.58400
32.58300
32.58100
32.58300
32.58400
32.58300
32.58300
32.58600
32.58600
32.58300
32.58300
32.58500
32.58500
32.58600
32.58600
32.58600
32.58600
32.58600
32.58600
32.58600
32.58800
32.58800
32.58800
32.58800
32.58900
32.58800
32.58700
32.58700
32.58600
32.58500
32.58600
32.58500
32.58500
32.58400
32.58400
32.58600
32.58800
32.58700
32.58800
32.58900
32.58900
32.58800
32.59100
32.59000
32.59400
32.59300
32.59400
32.59300
32.59300
32.59100
32.59200
32.58800
32.58900
32.58900
32.59200
32.59400
32.59500
32.59500
32.59600
32.59600
32.59400
32.59600
32.59200
32.59400
32.59400
32.59500
32.59600
32.59600
32.59600
32.59500
32.59300
32.59500
32.59600
32.59600
32.59900
32.59900
32.60000
32.59900
32.59800
32.59800
32.59800
32.59800
32.59700
32.59900
32.59800
32.59800
32.59900
32.59800
32.59900
32.60100
32.60100
32.60100
32.60100
32.60100
32.60000
32.60100
32.60400
32.60500
32.60500
32.60500
32.60500
32.60500
32.60500
32.60600
32.60500
32.60500
32.60600
32.60600
32.60600
32.60600
32.60500
32.60500
32.60600
32.60600
32.60600
32.60500
32.60800
32.60700
32.60800
32.60700
32.60800
32.60500
32.60600
32.60500
32.60500
32.60600
32.60600
32.60600
32.60600
32.60600
32.60600
32.60600
32.60700
32.60600
32.60900
32.61000
32.61000
32.60900
32.60900
32.61000
32.61100
32.61100
32.61300
32.61300
32.61200
32.61200
32.61100
32.61100
32.61100
32.61000
32.61000
32.60900
32.61000
32.61000
32.61200
32.61300
32.61200
32.61100
32.61100
32.61100
32.61300
32.61300
32.61300
32.61300
32.61200
32.61100
32.61100
32.61200
32.61000
32.61100
32.61000
32.61000
32.60900
32.61100
32.61000
32.61100
32.61000
32.61100
32.61000
32.61000
32.61000
32.60800
32.60700
32.60900
32.61100
32.61200
32.61300
32.61200
32.61300
32.61200
32.61200
32.61300
32.61300
32.61300
32.61200
32.61200
32.61200
32.61100
32.61200
32.61300
32.61200
32.61100
32.61200
32.61100
32.61200
32.61200
32.61300
32.61400
32.61300
32.61300
32.61200
32.61100
32.61000
32.61000
32.61000
32.60800
32.60700
32.60700
32.60600
32.60800
32.60700
32.60700
32.60700
32.60700
32.60500
32.60500
32.60600
32.60600
32.60600
32.60600
32.60500
32.60400
32.60300
32.60400
32.60400
32.60400
32.60400
32.60300
32.60400
32.60300
32.60500
32.60700
32.60700
32.60700
32.60700
32.60500
32.60600
32.60700
32.60500
32.60500
32.60400
32.60300
32.60500
32.60400
32.60400
32.60700
32.60800
32.60900
32.60800
32.60700
32.60700
32.60800
32.60800
32.60900
32.61000
32.61200
32.61100
32.61000
32.60900
32.60900
32.60800
32.60800
32.61000
32.60800
32.60700
32.60800
32.60800
32.60700
32.60700
32.60600
32.60700
32.60400
32.60500
32.60500
32.60500
32.60600
32.60700
32.60500
32.60300
32.60100
32.60300
32.60400
32.60200
32.60100
32.60200
32.60300
32.60300
32.60500
32.60300
32.60400
32.60400
32.60200
32.60200
32.60100
32.60100
32.60000
32.60100
32.60200
32.60300
32.60400
32.60400
32.60400
32.60200
32.60100
32.60300
32.60300
32.60400
32.60400
32.60400
32.60200
32.60200
32.60400
32.60300
32.60300
32.60300
32.60200
32.60100
32.60100
32.60100
32.60200
32.60100
32.60300
32.60400
32.60400
32.60400
32.60400
32.60300
32.60300
32.60500
32.60600
32.60300
32.60400
32.60500
32.60500
32.60400
32.60500
32.60500
32.60400
32.60300
32.60400
32.60500
32.60700
32.60500
32.60500
32.60600
32.60500
32.60300
32.60400
32.60500
32.60400
32.60300
32.60200
32.60200
32.60400
32.60300
32.60200
32.60200
32.60100
32.60400
32.60500
32.60600
32.60500
32.60500
32.60500
32.60500
32.60600
32.60500
32.60700
32.60800
32.60900
32.61000
32.61200
32.61100
32.61100
32.61300
32.61100
32.61200
32.61200
32.61000
32.61300
32.61500
32.61500
32.61400
32.61600
32.61600
32.61700
32.61800
32.62100
32.61800
32.61700
32.61800
32.61900
32.62100
32.62000
32.61700
32.62100
32.62000
32.62000
32.62000
32.61800
32.61800
32.61900
32.61800
32.61800
32.62000
32.62000
32.62100
32.62100
32.62300
32.62400
32.62400
32.62300
32.62600
32.62800
32.62700
32.62700
32.62800
32.62800
32.63000
32.63000
32.63000
32.63000
32.63000
32.63100
32.63300
32.63400
32.63300
32.63300
32.63400
32.63400
32.63400
32.63500
32.63400
32.63500
32.63700
32.63600
32.63600
32.63500
32.63300
32.63400
32.63500
32.63600
32.63500
32.63400
32.63400
32.63400
32.63400
32.63400
32.63500
32.63600
32.63600
32.63500
32.63600
32.63800
32.63700
32.63800
32.63900
32.63900
32.63800
32.63700
32.63800
32.64000
32.64100
32.64100
32.63900
32.64100
32.63900
32.63900
32.64100
32.63900
32.64000
32.64000
32.64100
32.64000
32.64300
32.64300
32.64400
32.64500
32.64400
32.64300
32.64200
32.64300
32.64400
32.64500
32.64400
32.64500
32.64500
32.64600
32.64700
32.64800
32.64900
32.64700
32.64800
32.64800
32.64700
32.64700
32.64700
32.64500
32.64500
32.64700
32.64600
32.64600
32.64700
32.64700
32.64700
32.64700
32.65000
32.64800
32.64900
32.64900
32.64900
32.64900
32.65000
32.65000
32.65100
32.65100
32.65100
32.65100
32.65100
32.65000
32.65100
32.65100
32.65300
32.65200
32.65100
32.65100
32.65100
32.65100
32.65300
32.65000
32.65000
32.65100
32.65200
32.65200
32.65100
32.65100
32.65100
32.65100
32.65300
32.65300
32.65400
32.65500
32.65400
32.65500
32.65400
32.65700
32.65600
32.65600
32.65500
32.65500
32.65500
32.65400
32.65400
32.65500
32.65700
32.65600
32.65400
32.65400
32.65400
32.65300
32.65300
32.65400
32.65400
32.65300
32.65400
32.65500
32.65500
32.65700
32.65600
32.65500
32.65600
32.65600
32.65600
32.65400
32.65500
32.65700
32.65600
32.65700
32.65800
32.65700
32.65800
32.65700
32.65800
32.65900
32.65800
32.65700
32.65600
32.65600
32.65700
32.65700
32.65400
32.65600
32.65700
32.65600
32.65400
32.65200
32.65300
32.65300
32.65200
32.65200
32.65300
32.65300
32.65400
32.65400
32.65600
32.65600
32.65600
32.65500
32.65500
32.65500
32.65500
32.65400
32.65500
32.65600
32.65600
32.65600
32.65600
32.65700
32.65700
32.65600
32.65600
32.65700
32.65800
32.65800
32.66000
32.66000
32.65900
32.65800
32.65700
32.65700
32.65700
32.65500
32.65600
32.65900
32.65900
32.65700
32.65700
32.65500
32.65700
32.65800
32.65800
32.65800
32.66100
32.66100
32.66200
32.66400
32.66500
32.66400
32.66600
32.66400
32.66700
32.66800
32.66800
32.66700
32.66600
32.66800
32.66700
32.66900
32.66700
32.66500
32.66400
32.66500
32.66500
32.66600
32.66500
32.66500
32.66700
32.66700
32.66800
32.67100
32.66900
32.66800
32.66600
32.66600
32.66800
32.66900
32.67000
32.67000
32.67000
32.66900
32.67000
32.67200
32.67100
32.67100
32.67100
32.66900
32.67000
32.67100
32.67200
32.67100
32.67200
32.67200
32.67400
32.67500
32.67600
32.67600
32.67800
32.67600
32.67600
32.67700
32.67800
32.67800
32.67900
32.68000
32.68000
32.68100
32.68200
32.68000
32.68000
32.67900
32.68000
32.68100
32.68000
32.68000
32.68000
32.68200
32.68100
32.68000
32.68200
32.68400
32.68300
32.68300
32.68300
32.68300
32.68400
32.68300
32.68400
32.68500
32.68500
32.68400
32.68500
32.68600
32.68600
32.68700
32.68800
32.68800
32.68800
32.68800
32.69000
32.69000
32.69200
32.69200
32.64000
32.64111
32.64222
32.64375
32.58000
32.58333
32.62200
32.62400
32.62600
32.54750
32.53333
32.46000
32.46000
32.46000
32.98000
32.99000
32.99000
32.99000
32.99000
32.99000
32.99000
32.99000
32.99000
33.00000
33.00000
33.00000
33.00000
33.01000
33.01000
33.01000
33.01000
33.01000
33.01000
33.01000
33.02000
33.02000
33.02000
33.02000
33.02000
33.03000
33.03000
