0.00000
0.00000
0.00000
0.00000
0.00000
0.00000
0.00000
0.00000
0.00000
0.00000
0.00000
0.00000
0.00000
0.00000
0.00000
0.00000
1.60000
6.40000
8.30000
15.23300
15.43300
15.49200
15.45900
15.50400
15.48100
15.53900
17.20900
17.22400
17.24200
17.38500
17.41500
17.41500
17.77600
18.99200
19.32800
19.81300
20.26400
21.12800
21.43700
22.50700
22.82100
23.39300
23.68300
23.97400
24.34000
24.61000
25.04300
25.57700
25.78800
25.95300
26.24900
26.63200
26.88500
27.14800
27.25100
27.52400
27.73500
27.96500
28.18700
28.29200
28.46600
28.71500
28.80600
29.11000
29.31200
29.28400
29.42800
29.54000
29.47600
29.74400
29.98200
30.14200
30.12000
30.34300
30.48000
30.62800
30.69600
30.61800
30.62700
30.70900
30.77400
30.95100
31.02300
31.01700
31.33400
31.24400
31.39400
31.44500
31.39900
31.42400
31.58700
31.74100
31.84700
32.05800
32.17000
32.15700
32.28200
32.30700
32.29300
32.50500
32.53600
32.67000
32.71500
32.78100
32.89500
32.95600
33.02500
33.20900
33.23500
33.26500
33.27500
33.50600
33.52100
33.47900
33.56600
33.67200
33.73700
33.75900
33.82100
33.87500
33.88200
33.85300
33.92400
34.06800
34.01600
34.05800
34.11900
34.07600
34.09900
34.17900
34.30500
34.28600
34.35100
34.51800
34.54800
34.61300
34.70100
34.78700
34.81300
34.95700
34.98300
35.06000
35.13500
35.20300
35.27700
35.32200
35.41800
35.43500
35.43300
35.49100
35.43600
35.46500
35.54800
35.70300
35.72500
35.72400
35.75300
35.78500
35.91900
35.93200
36.02100
36.04600
36.02400
36.12700
36.13600
36.15800
36.25800
36.29300
36.27700
36.26200
36.33100
36.39400
36.52900
36.55500
36.59500
36.63800
36.71800
36.84800
37.04900
37.06500
37.10400
37.16800
37.14100
37.18000
37.29200
37.30900
37.39700
37.41500
37.47400
37.49100
37.50200
37.58500
37.69200
37.72400
37.79100
37.82500
37.88600
37.98800
37.98200
38.00100
37.99700
38.08300
38.17300
38.16900
38.19000
38.18600
38.42600
38.49100
38.52700
38.58100
38.53300
38.61600
38.64200
38.67300
38.72300
38.74700
38.87500
38.95700
38.94300
38.98600
39.06500
39.06600
39.18100
39.21300
39.29200
39.40200
39.54100
39.57600
39.56800
39.61300
39.62500
39.71400
39.79700
39.90000
39.88700
39.90000
39.96400
40.01800
40.05100
40.04900
40.10200
40.16700
40.15200
40.17700
40.20400
40.29300
40.29100
40.29400
40.34800
40.33100
40.49400
40.57900
40.64400
40.65800
40.64800
40.70000
40.67500
40.69900
40.75300
40.75500
40.84500
40.89300
40.89700
40.87600
41.01100
41.01900
41.04500
41.12400
41.09400
41.12900
41.14500
41.18800
41.23800
41.21000
41.26100
41.30400
41.34500
41.41700
41.41200
41.48400
41.49300
41.53100
41.51100
41.58400
41.62300
41.62500
41.71300
41.72000
41.76100
41.79100
41.87300
41.93400
41.90600
41.91900
41.91700
41.90000
41.91700
42.01500
42.02100
42.03000
42.11800
42.14500
42.17600
42.25200
42.25000
42.26900
42.27500
42.31600
42.39100
42.39200
42.38500
42.39900
42.42500
42.43800
42.43000
42.46700
42.50800
42.60900
42.60300
42.57900
42.63000
42.62000
42.59600
42.57900
42.64000
42.70700
42.69600
42.74000
42.76500
42.78400
42.78400
42.78600
42.78900
42.92000
42.95500
42.98200
42.97300
42.99500
43.04400
43.06500
43.09400
43.13400
43.13200
43.21100
43.21000
43.23100
43.22300
43.30500
43.34700
43.36400
43.37200
43.37000
43.40400
43.49100
43.53500
43.52400
43.56100
43.60100
43.59900
43.62900
43.65300
43.65200
43.73200
43.79100
43.78600
43.80400
43.80500
43.82200
43.86700
43.89100
43.91300
43.90600
43.91700
43.90700
43.90400
43.98800
43.97400
43.95900
43.98900
44.10700
44.12800
44.14000
44.13800
44.22300
44.35400
44.33500
44.39400
44.41900
44.42400
44.46000
44.49300
44.49300
44.49600
44.51300
44.57500
44.56800
44.60300
44.58700
44.57300
44.57900
44.62500
44.66800
44.68800
44.70800
44.73500
44.74900
44.75900
44.81300
44.86100
44.86400
44.93500
44.95700
44.94300
44.94500
45.02000
45.06500
45.11200
45.15200
45.16400
45.18200
45.21000
45.22100
45.22100
45.24900
45.27100
45.32000
45.37600
45.38300
45.35600
45.43100
45.45800
45.44400
45.43700
45.48700
45.48800
45.50700
45.52200
45.54600
45.59200
45.58100
45.56800
45.56100
45.56500
45.59900
45.66500
45.68100
45.66400
45.68500
45.73200
45.73100
45.71900
45.73100
45.72900
45.72400
45.73200
45.73800
45.77400
45.75700
45.77100
45.80200
45.79200
45.77500
45.80200
45.80000
45.81900
45.84800
45.81200
45.81200
45.84400
45.87200
45.87200
45.86700
45.87800
45.89300
45.86400
45.84800
45.84700
45.86300
45.85700
45.86000
45.85300
45.90500
45.89600
45.88300
45.90400
45.92400
46.01500
46.00400
46.00500
45.96100
45.93300
45.90800
45.91700
45.90200
45.94100
46.00200
46.00300
45.98300
46.03900
46.08400
46.09100
46.11900
46.10300
46.12800
46.14400
46.15000
46.13000
46.15700
46.14600
46.17100
46.18100
46.22100
46.26100
46.23000
46.24300
46.26600
46.28500
46.29100
46.33400
46.33900
46.32200
46.33100
46.38600
46.38000
46.36900
46.42300
46.40700
46.40100
46.40100
46.41900
46.44700
46.47300
46.45600
46.44300
46.45200
46.44300
46.45500
46.48200
46.50700
46.52700
46.55000
46.55400
46.54600
46.55800
46.56000
46.59900
46.64200
46.64500
46.64000
46.66100
46.67000
46.69400
46.65400
46.65700
46.67500
46.69100
46.67200
46.68100
46.71200
46.68100
46.67200
46.67000
46.66700
46.66900
46.72300
46.71800
46.71200
46.70400
46.71400
46.72200
46.76600
46.76100
46.76000
46.75700
46.78500
46.83300
46.85200
46.84100
46.85900
46.90200
46.88600
46.90900
46.92000
46.91400
46.94800
46.93400
46.94400
46.93000
46.91500
46.91600
46.96000
47.00800
46.98800
46.98800
47.00700
47.05900
47.05400
47.04700
47.04100
47.05600
47.07700
47.10000
47.09400
47.09300
47.12400
47.11400
47.10200
47.15300
47.15900
47.14800
47.14900
47.13600
47.12800
47.14600
47.19800
47.19300
47.21400
47.21300
47.20300
47.20900
47.19800
47.22400
47.22400
47.22700
47.24200
47.27700
47.27500
47.27000
47.28800
47.30200
47.34400
47.35300
47.35300
47.38800
47.37800
47.38000
47.36800
47.40900
47.42700
47.41300
47.42100
47.41200
47.44000
47.46200
47.44800
47.46600
47.49000
47.50500
47.50300
47.51800
47.51300
47.51000
47.50200
47.50500
47.52300
47.53600
47.55100
47.53000
47.51500
47.47900
47.47700
47.50300
47.50900
47.53300
47.52600
47.54700
47.53900
47.56100
47.57200
47.54300
47.54500
47.56000
47.53700
47.53500
47.52100
47.55000
47.55600
47.56200
47.55600
47.54800
47.55600
47.58400
47.57900
47.58000
47.56900
47.56900
47.62000
47.62900
47.63900
47.63800
47.62300
47.62600
47.64900
47.64600
47.66300
47.64400
47.64700
47.64700
47.66500
47.69500
47.70800
47.70700
47.72000
47.76500
47.76200
47.77100
47.80200
47.81000
47.83600
47.83200
47.84100
47.85300
47.86800
47.90800
47.90200
47.90500
47.93600
47.94900
47.95600
47.97600
48.01900
48.02300
48.01700
48.01200
48.02100
48.01900
48.04500
48.04800
48.07200
48.06300
48.06000
48.06300
48.08800
48.10000
48.12700
48.15300
48.18800
48.21300
48.19700
48.20600
48.24000
48.23000
48.23200
48.22200
48.22000
48.23900
48.24800
48.24400
48.23600
48.22100
48.21600
48.23600
48.26100
48.27500
48.27900
48.27800
48.29200
48.31000
48.32000
48.30800
48.33000
48.33300
48.32400
48.33800
48.34500
48.34700
48.35000
48.33800
48.32400
48.33900
48.33200
48.34300
48.36400
48.36800
48.37700
48.39400
48.41600
48.39900
48.43200
48.41800
48.43000
48.41100
48.42100
48.42200
48.43500
48.43100
48.42800
48.43400
48.45600
48.45800
48.48100
48.47200
48.46800
48.47500
48.47700
48.47000
48.45600
48.47700
48.46600
48.46300
48.46600
48.45400
48.46300
48.47200
48.46600
48.47200
48.48900
48.49400
48.50100
48.50000
48.50000
48.52500
48.53200
48.53500
48.54300
48.55200
48.54700
48.54700
48.55200
48.57300
48.56500
48.56800
48.60100
48.61100
48.63700
48.63300
48.63900
48.64300
48.65600
48.65500
48.63500
48.64100
48.65100
48.65000
48.64500
48.65400
48.67800
48.68400
48.68800
48.67600
48.67200
48.65100
48.66900
48.68400
48.66800
48.69200
48.68800
48.69800
48.68900
48.70500
48.70800
48.72300
48.70700
48.70300
48.71400
48.72600
48.71300
48.72500
48.74000
48.73900
48.76400
48.77100
48.77500
48.75900
48.77000
48.77300
48.78700
48.80300
48.77800
48.77700
48.76200
48.77700
48.77600
48.78500
48.78300
48.77300
48.80700
48.81700
48.83400
48.82500
48.85400
48.85900
48.85800
48.85500
48.85700
48.86100
48.86100
48.84800
48.84900
48.87900
48.85800
48.86400
48.87100
48.88200
48.90400
48.91900
48.90300
48.89900
48.89200
48.90300
48.93200
48.92200
48.91900
48.93600
48.93600
48.92000
48.93300
48.94600
48.93400
48.92900
48.95700
48.95000
48.97300
48.98200
48.98600
48.97700
48.98900
48.98000
48.99000
49.00800
49.00300
49.02900
49.04000
49.02900
49.02800
49.02500
49.01500
49.00700
49.03400
49.06100
49.04400
49.01900
49.01700
49.02200
49.03300
49.02400
49.04200
49.04400
49.04300
49.05000
49.05800
49.05700
49.04500
49.05200
49.05800
49.05400
49.07000
49.06900
49.06800
49.07700
49.08600
49.10500
49.12000
49.11500
49.11500
49.11600
49.11600
49.11700
49.12300
49.10900
49.11300
49.11500
49.11000
49.09700
49.12400
49.12000
49.11000
49.12100
49.13500
49.15700
49.13800
49.14200
49.15500
49.17000
49.15300
49.15000
49.17000
49.15100
49.14400
49.14200
49.14500
49.15300
49.15300
49.15200
49.14000
49.14800
49.17200
49.19500
49.18600
49.20200
49.19300
49.20800
49.23000
49.22700
49.22900
49.21000
49.22000
49.22900
49.22500
49.22900
49.22600
49.22400
49.24700
49.26200
49.26500
49.27700
49.27900
49.29700
49.26600
49.26600
49.27200
49.27800
49.27800
49.28300
49.28100
49.27900
49.28300
49.28500
49.30000
49.29600
49.30600
49.32100
49.31000
49.28300
49.27200
49.28100
49.27600
49.28000
49.28300
49.29000
49.30100
49.29600
49.30100
49.31700
49.31500
49.32200
49.35000
49.34600
49.34900
49.34500
49.36100
49.36100
49.36400
49.36000
49.37200
49.36600
49.36800
49.35900
49.37700
49.37900
49.36400
49.35300
49.38300
49.38800
49.40000
49.39400
49.40200
49.42100
49.41800
49.41000
49.41000
49.39100
49.39800
49.41500
49.41300
49.41100
49.41600
49.42700
49.44700
49.44700
49.43900
49.43400
49.45000
49.44300
49.45900
49.46100
49.46000
49.46200
49.45700
49.46600
49.48200
49.48300
49.48300
49.48200
49.48100
49.47800
49.47700
49.48200
49.49800
49.48500
49.51600
49.52700
49.53000
49.52300
49.52500
49.52300
49.52200
49.52800
49.53600
49.53200
49.52900
49.53500
49.52600
49.53200
49.53600
49.53600
49.53900
49.52300
49.54000
49.52500
49.53000
49.54000
49.54000
49.53800
49.56500
49.57500
49.56000
49.56100
49.55000
49.56800
49.55400
49.58000
49.57100
49.58300
49.60100
49.58600
49.59700
49.60000
49.59400
49.59400
49.59100
49.56900
49.56000
49.54400
49.55000
49.55400
49.53900
49.54500
49.56000
49.55300
49.55600
49.55200
49.55300
49.54500
49.56000
49.54400
49.53300
49.54300
49.53700
49.53300
49.55200
49.56400
49.56800
49.56900
49.56400
49.57900
49.57600
49.57200
49.57600
49.57700
49.56700
49.57300
49.56200
49.56800
49.57300
49.57400
49.57700
49.58700
49.59500
49.59400
49.61700
49.62500
49.61600
49.62800
49.62200
49.62300
49.61500
49.62200
49.62200
49.62500
49.63700
49.63400
49.63900
49.65900
49.65300
49.64400
49.64400
49.63700
49.64600
49.65000
49.64500
49.65400
49.67100
49.65900
49.65100
49.66700
49.65700
49.66900
49.66200
49.66400
49.67400
49.67700
49.67900
49.69300
49.68300
49.68800
49.68900
49.69600
49.69400
49.70000
49.71400
49.72000
49.70900
49.70300
49.70000
49.72700
49.72700
49.73200
49.73400
49.73900
49.74800
49.74000
49.73600
49.74200
49.73500
49.73700
49.73400
49.73600
49.75100
49.74700
49.75800
49.76500
49.77100
49.79000
49.78300
49.77600
49.78800
49.80600
49.80100
49.79100
49.78500
49.80300
49.81800
49.83700
49.83100
49.84800
49.83800
49.86700
49.85700
49.85800
49.87300
49.87500
49.86600
49.86700
49.85600
49.85400
49.86600
49.88200
49.88500
49.87900
49.91300
49.92400
49.92300
49.90900
49.91900
49.91800
49.91300
49.91900
49.92600
49.93100
49.93200
49.93700
49.93400
49.94300
49.93600
49.93900
49.95200
49.95500
49.95500
49.95900
49.96700
49.96800
49.97400
49.97600
49.98900
49.99000
49.98400
50.02800
50.02500
50.01900
50.02800
50.02600
50.04600
50.04400
50.04100
50.03200
50.06100
50.05900
50.06800
50.06700
50.07500
50.06900
50.08100
50.08300
50.09100
50.08900
50.08900
50.10900
50.10700
50.10900
50.10500
50.11000
50.11800
50.13500
50.13400
50.13300
50.14300
50.14000
50.14200
50.14200
50.14700
50.14600
50.16300
50.16100
50.17500
50.16700
50.15900
50.18000
50.18100
50.18900
50.18900
50.22000
50.21400
50.22200
50.21900
50.21100
50.21500
50.20500
50.20300
50.20600
50.21200
50.20600
50.19900
50.20200
50.20700
50.21900
50.22100
50.22400
50.22000
50.21100
50.21700
50.22700
50.21500
50.21000
50.21600
50.22200
50.21200
50.21800
50.22200
50.24000
50.22800
50.22500
50.23000
50.23900
50.23200
50.22000
50.22600
50.22800
50.23600
50.21800
50.21100
50.21900
50.22000
50.21600
50.22500
50.22200
50.22200
50.21500
50.21800
50.22600
50.22300
50.22300
50.23700
50.23800
50.23000
50.23200
50.23300
50.23600
50.22600
50.22900
50.21800
50.21500
50.23100
50.23000
50.21800
50.21500
50.20800
50.21000
50.20400
50.19900
50.20600
50.19500
50.19800
50.21600
50.21700
50.20600
50.20500
50.21500
50.21100
50.20100
50.19900
50.21300
50.22400
50.22000
50.21500
50.21700
50.21300
50.21700
50.21800
50.23000
50.22000
50.21000
50.22000
50.21100
50.22000
50.22200
50.22600
50.21500
50.20000
50.20200
50.21000
50.21200
50.20900
50.21300
50.20700
50.21800
50.22100
50.22400
50.22600
50.24700
50.24500
50.24600
50.24300
50.24300
50.25100
50.24700
50.23200
50.22700
50.23100
50.23500
50.23900
50.23300
50.23100
50.23800
50.22900
50.22900
50.22900
50.23000
50.23600
50.23200
50.23800
50.25100
50.24600
50.23500
50.23200
50.23000
50.24300
50.24500
50.24900
50.26100
50.24700
50.23900
50.25000
50.25400
50.26700
50.25400
50.25700
50.25400
50.25200
50.24100
50.26100
50.26400
50.27200
50.26800
50.26100
50.26100
50.26100
50.28000
50.28800
50.28000
50.28800
50.28000
50.27900
50.29100
50.30000
50.29200
50.30700
50.30500
50.31700
50.32800
50.32200
50.34000
50.33900
50.33900
50.33600
50.33800
50.34800
50.34300
50.34100
50.33700
50.34100
50.35500
50.35500
50.37500
50.37100
50.38500
50.37900
50.39300
50.38900
50.40000
50.39700
50.40100
50.41600
50.41500
50.40300
50.41100
50.40700
50.40800
50.41400
50.43100
50.43300
50.43200
50.43900
50.44700
50.44700
50.45200
50.46400
50.48000
50.47800
50.47400
50.47900
50.48300
50.49800
50.49500
50.51200
50.51700
50.50500
50.51700
50.52400
50.53300
50.53400
50.53700
50.52800
50.52600
50.53900
50.54800
50.57100
50.57500
50.57200
50.57300
50.56300
50.56100
50.56300
50.57100
50.56700
50.57400
50.57000
50.56700
50.57900
50.59000
50.58400
50.59100
50.60000
50.58900
50.58500
50.58000
50.57900
50.57500
50.58100
50.58000
50.59000
50.59100
50.59000
50.59100
50.59900
50.59500
50.58900
50.58900
50.59500
50.59500
50.59700
50.61300
50.63200
50.62800
50.62900
50.62200
50.61800
50.62200
50.63900
50.63000
50.64800
50.64800
50.65000
50.64700
50.63500
50.64400
50.65900
50.67400
50.67500
50.67400
50.68200
50.68700
50.68500
50.68700
50.68700
50.69400
50.70500
50.69900
50.70400
50.72200
50.73000
50.72900
50.72300
50.73200
50.73100
50.73300
50.73800
50.74100
50.74800
50.75200
50.75300
50.75400
50.76700
50.76200
50.76300
50.76800
50.77600
50.77200
50.77100
50.78400
50.77500
50.77300
50.77900
50.77900
50.78400
50.78700
50.80300
50.79900
50.80400
50.81300
50.83100
50.83300
50.82700
50.82200
50.82600
50.83200
50.84200
50.83900
50.83600
50.82600
50.82100
50.82300
50.82300
50.82200
50.83000
50.82000
50.82000
50.82500
50.82500
50.83000
50.83100
50.83600
50.83200
50.82900
50.83200
50.82900
50.84000
50.84100
50.84400
50.84900
50.84300
50.84500
50.85400
50.84000
50.85200
50.84600
50.84100
50.83300
50.83800
50.84500
50.84900
50.84900
50.84600
50.86200
50.85900
50.86000
50.85800
50.87500
50.87200
50.87600
50.88700
50.89000
50.88600
50.89000
50.89800
50.90800
50.92400
50.93400
50.94000
50.94500
50.94200
50.94400
50.95000
50.95200
50.96400
50.96000
50.95900
50.96300
50.97900
50.98200
50.98600
50.99700
50.99800
51.00000
51.00800
51.00600
51.00700
51.01600
51.02200
51.02900
51.04400
51.04600
51.04900
51.05100
51.04600
51.05300
51.05700
51.06500
51.07200
51.06500
51.07400
51.07200
51.06400
51.06900
51.07000
51.07600
51.07900
51.08100
51.08300
51.07400
51.08300
51.07700
51.09800
51.10800
51.11700
51.11000
51.11300
51.11500
51.11500
51.11800
51.11700
51.13600
51.13600
51.13300
51.12400
51.12200
51.12700
51.13600
51.15500
51.14800
51.14900
51.16200
51.16000
51.16000
51.16000
51.15800
51.16300
51.17900
51.18000
51.18100
51.19100
51.19400
51.19100
51.19600
51.19600
51.20700
51.21100
51.23000
51.23000
51.23200
51.23100
51.23300
51.24000
51.24100
51.24100
51.24600
51.25100
51.25700
51.25700
51.26300
51.26500
51.27400
51.26700
51.26600
51.28700
51.29100
51.29100
51.29300
51.29400
51.31400
51.30600
51.30900
51.30500
51.30500
51.31200
51.32200
51.32700
51.33100
51.33400
51.33200
51.33600
51.34900
51.34100
51.34700
51.34300
51.34500
51.34200
51.34000
51.34200
51.34500
51.35700
51.35800
51.35600
51.35300
51.36100
51.36600
51.37000
51.36300
51.37100
51.37800
51.39300
51.39100
51.38900
51.38700
51.38400
51.39400
51.39600
51.40200
51.39400
51.39600
51.39500
51.38900
51.40100
51.39900
51.40500
51.41400
51.41500
51.40800
51.41000
51.41800
51.41600
51.41000
51.41400
51.41700
51.42600
51.43100
51.42900
51.43200
51.43300
51.43400
51.44400
51.44500
51.44300
51.44200
51.43100
51.43100
51.45000
51.45000
51.45000
51.45800
51.45600
51.46300
51.46600
51.46600
51.46400
51.46200
51.47500
51.48000
51.47600
51.47000
51.46900
51.47900
51.48300
51.48300
51.48600
51.48100
51.48000
51.49200
51.50000
51.50200
51.49900
51.49800
51.50400
51.50400
51.50600
51.50400
51.50900
51.50700
51.50400
51.49600
51.50800
51.50200
51.50600
51.50000
51.50200
51.49800
51.50600
51.50700
51.52200
51.52000
51.52100
51.52600
51.52500
51.52000
51.51800
51.52000
51.51900
51.52300
51.52700
51.52100
51.52300
51.52800
51.52300
51.53200
51.53700
51.53300
51.53800
51.53900
51.54100
51.55300
51.54600
51.55300
51.55100
51.55000
51.55200
51.55500
51.55600
51.55200
51.55500
51.55700
51.57000
51.57300
51.56900
51.57000
51.57500
51.56500
51.56400
51.59200
51.59400
51.59500
51.59500
51.59500
51.60300
51.59700
51.60100
51.60600
51.61400
51.61300
51.61200
51.61400
51.61900
51.62100
51.62500
51.62300
51.62300
51.62300
51.62900
51.64300
51.63400
51.63200
51.63500
51.63300
51.63000
51.64000
51.64500
51.65100
51.65100
51.64300
51.64000
51.64600
51.64700
51.63900
51.64000
51.65000
51.64800
51.64400
51.65400
51.65500
51.66200
51.66500
51.66300
51.67100
51.67100
51.67600
51.66300
51.66300
51.65600
51.65400
51.66300
51.67400
51.67500
51.67700
51.67500
51.67900
51.67600
51.68000
51.67700
51.68100
51.69000
51.69400
51.69800
51.70600
51.71300
51.71300
51.70900
51.70700
51.70600
51.71300
51.72100
51.72000
51.71700
51.70500
51.70600
51.70500
51.72400
51.72400
51.72800
51.72400
51.71700
51.71900
51.71400
51.72000
51.72500
51.71800
51.72000
51.71600
51.71800
51.72300
51.72100
51.73100
51.72900
51.74000
51.73600
51.73100
51.73500
51.73800
51.73700
51.73700
51.73900
51.73200
51.73200
51.74300
51.75900
51.76600
51.76500
51.75800
51.76700
51.76400
51.77300
51.77100
51.78500
51.78700
51.78600
51.79100
51.78700
51.80000
51.80600
51.80800
51.81300
51.80900
51.80600
51.81000
51.82100
51.81400
51.81700
51.81800
51.82700
51.81900
51.83600
51.82800
51.82500
51.83000
51.82900
51.82800
51.83500
51.83600
51.84100
51.84200
51.84500
51.85100
51.85800
51.85000
51.84400
51.84700
51.85100
51.84700
51.87000
51.87100
51.86900
51.86500
51.86800
51.86900
51.86600
51.87000
51.86700
51.86600
51.85900
51.86100
51.85800
51.87100
51.88000
51.88200
51.87800
51.87900
51.88400
51.88400
51.87900
51.87800
51.88000
51.88600
51.89100
51.89200
51.90500
51.90100
51.89800
51.90600
51.91000
51.91300
51.90900
51.91900
51.92300
51.92400
51.92200
51.92300
51.92800
51.92600
51.92900
51.92900
51.92900
51.93000
51.92900
51.93800
51.93400
51.93400
51.93000
51.93300
51.92900
51.92600
51.92700
51.93200
51.94000
51.93700
51.93300
51.93800
51.93200
51.93500
51.93600
51.93900
51.93500
51.93500
51.93500
51.93400
51.92700
51.93100
51.94100
51.94600
51.95000
51.94500
51.94400
51.95000
51.95200
51.94700
51.97000
51.97000
51.96700
51.97400
51.97700
51.97400
51.96900
51.97300
51.97500
51.97500
51.97300
51.97200
51.97400
51.97900
51.98400
51.98500
51.99400
51.99500
51.99100
51.98200
51.98000
51.99100
51.98800
51.98800
51.99700
51.99900
51.99400
51.99700
52.00000
51.99700
51.99800
52.00400
52.01100
52.00600
52.00700
52.01400
52.00600
52.01000
52.01500
52.01400
52.01900
52.01700
52.02000
52.02500
52.02100
52.01500
52.02000
52.01800
52.01200
52.00800
52.01300
52.01100
52.00900
52.01500
52.00600
52.00900
52.00900
52.01900
52.02000
52.01700
52.01200
52.01000
52.01600
52.02100
52.01900
52.01700
52.01700
52.01300
52.00900
52.00500
52.00000
52.01400
52.01500
52.02000
52.02200
52.01600
52.01600
52.02300
52.01900
52.01400
52.01800
52.01400
52.01300
52.01000
52.00900
52.01400
52.01400
52.01300
52.01500
52.01700
52.01600
52.01400
52.01000
52.01700
52.01300
52.01400
52.02100
52.01400
52.01500
52.02200
52.01500
52.01100
52.01600
52.02100
52.02000
52.02100
52.02900
52.02500
52.02100
52.02400
52.02300
52.02000
52.01200
52.01200
52.01100
52.00900
52.01700
52.02000
52.01400
52.01800
52.02000
52.02300
52.02500
52.01900
52.02300
52.02900
52.02500
52.02500
52.02300
52.03200
52.03200
52.03100
52.03300
52.03200
52.03900
52.04100
52.03700
52.03800
52.03400
52.03800
52.04200
52.03900
52.04900
52.04400
52.03600
52.04000
52.04100
52.03500
52.04400
52.03400
52.03800
52.03800
52.03900
52.04000
52.04000
52.03700
52.04200
52.04500
52.05100
52.05500
52.06500
52.06500
52.06500
52.05700
52.06600
52.06400
52.06300
52.06700
52.07100
52.07300
52.07500
52.07400
52.07900
52.07800
52.07900
52.09000
52.08400
52.09000
52.09200
52.09500
52.09500
52.10300
52.10200
52.10200
52.10300
52.10600
52.11200
52.10800
52.10800
52.10900
52.10700
52.10300
52.11000
52.11900
52.12700
52.12100
52.12000
52.12500
52.13300
52.13500
52.13800
52.14300
52.14600
52.14500
52.15000
52.15400
52.15400
52.15600
52.16000
52.15600
52.15600
52.15900
52.16700
52.17100
52.16600
52.16900
52.18500
52.18000
52.18800
52.18900
52.18600
52.20000
52.20000
52.19600
52.19900
52.20100
52.20200
52.20600
52.21900
52.22800
52.22800
52.22600
52.23700
52.23400
52.24400
52.24700
52.24500
52.25000
52.24600
52.24600
52.25200
52.24600
52.24200
52.25100
52.25700
52.26200
52.26200
52.26700
52.26700
52.27600
52.27500
52.27800
52.27400
52.26900
52.26600
52.26700
52.27200
52.28100
52.28400
52.27700
52.28700
52.28600
52.28200
52.28900
52.29100
52.29000
52.29200
52.29000
52.29100
52.28600
52.29000
52.29400
52.30000
52.30400
52.29400
52.29400
52.29500
52.29400
52.29400
52.29200
52.29000
52.28900
52.29400
52.29500
52.30100
52.30600
52.30100
52.30900
52.30700
52.30100
52.30700
52.30800
52.30600
52.30600
52.31300
52.32500
52.33100
52.33100
52.34100
52.33700
52.34000
52.34000
52.34100
52.34100
52.34200
52.34000
52.34000
52.34300
52.34700
52.34600
52.34300
52.34400
52.34600
52.34300
52.33800
52.34200
52.34900
52.34100
52.34100
52.34600
52.34300
52.35300
52.37400
52.37000
52.37100
52.36400
52.37000
52.36600
52.37400
52.36700
52.37200
52.37500
52.37800
52.37600
52.38100
52.37800
52.37800
52.38200
52.38300
52.38300
52.39700
52.39900
52.39800
52.39500
52.38600
52.38400
52.38000
52.38500
52.39600
52.39700
52.39100
52.39000
52.38800
52.39300
52.39900
52.39300
52.38700
52.38100
52.38200
52.38700
52.39400
52.39500
52.39600
52.39500
52.40700
52.40600
52.40600
52.40200
52.40200
52.40300
52.40400
52.39800
52.40900
52.40900
52.40500
52.40200
52.39400
52.39500
52.39900
52.40600
52.40400
52.41200
52.40900
52.40700
52.40900
52.41100
52.40400
52.41200
52.41000
52.41200
52.40800
52.40900
52.40500
52.40200
52.41800
52.41800
52.42500
52.42400
52.41900
52.42400
52.42900
52.42700
52.42400
52.42300
52.41900
52.42300
52.41900
52.41400
52.42600
52.42700
52.42400
52.42000
52.42000
52.42000
52.41500
52.42200
52.41900
52.42600
52.42300
52.43200
52.43000
52.42200
52.42400
52.43100
52.43400
52.43300
52.42300
52.42800
52.43100
52.42600
52.42800
52.43300
52.42900
52.42700
52.43200
52.43000
52.43600
52.44200
52.43400
52.43700
52.44000
52.43400
52.43200
52.44100
52.44900
52.44500
52.44200
52.44700
52.44300
52.44300
52.45000
52.44800
52.44800
52.44900
52.44600
52.44600
52.45400
52.45300
52.45900
52.45700
52.45200
52.46500
52.46000
52.45700
52.45500
52.45300
52.45400
52.45200
52.45500
52.45000
52.44400
52.45000
52.45100
52.44400
52.44600
52.44600
52.44500
52.44300
52.44300
52.44800
52.44800
52.44300
52.44100
52.44900
52.44500
52.45300
52.45000
52.45000
52.45200
52.44300
52.44600
52.46000
52.45600
52.45800
52.45800
52.45800
52.46300
52.46100
52.45800
52.45500
52.45200
52.46900
52.46500
52.46200
52.46600
52.46700
52.46600
52.46500
52.46400
52.46400
52.45700
52.46200
52.46600
52.46800
52.47400
52.47200
52.47600
52.47000
52.47000
52.47300
52.47200
52.47200
52.47000
52.47700
52.47800
52.47900
52.48000
52.48400
52.49000
52.48900
52.49000
52.49400
52.48900
52.48400
52.48700
52.48100
52.48100
52.47800
52.48100
52.48800
52.48800
52.48100
52.49200
52.49100
52.50100
52.50400
52.50400
52.50500
52.50400
52.50500
52.50400
52.50700
52.50200
52.50100
52.49500
52.49500
52.49700
52.49600
52.50000
52.49600
52.49500
52.49900
52.50100
52.49700
52.49400
52.49800
52.49500
52.48900
52.48800
52.49500
52.49600
52.48900
52.49200
52.49600
52.50100
52.49900
52.49300
52.49300
52.50500
52.50300
52.50100
52.50400
52.50200
52.51000
52.51400
52.51200
52.51900
52.51800
52.51700
52.52300
52.52000
52.51800
52.52600
52.52600
52.52800
52.53200
52.53400
52.53700
52.54400
52.54400
52.54300
52.54800
52.54700
52.54400
52.55100
52.54700
52.54900
52.55300
52.54700
52.55200
52.55100
52.54800
52.54700
52.55200
52.55800
52.55500
52.55900
52.56200
52.57200
52.57400
52.57300
52.58000
52.57900
52.58200
52.58000
52.58800
52.59700
52.59800
52.60300
52.60200
52.59900
52.59800
52.59400
52.59700
52.60400
52.60500
52.60500
52.61000
52.61900
52.62000
52.61800
52.62100
52.62800
52.62100
52.62500
52.63200
52.63000
52.63400
52.63700
52.64000
52.64300
52.64000
52.64200
52.63800
52.63500
52.63800
52.64300
52.64600
52.65000
52.65100
52.65400
52.65900
52.65900
52.66200
52.65500
52.66600
52.67100
52.67600
52.67800
52.68300
52.69400
52.69400
52.69100
52.68800
52.67900
52.68700
52.69100
52.69400
52.69700
52.69600
52.69800
52.70300
52.70700
52.71300
52.71700
52.71700
52.72200
52.72400
52.72700
52.72700
52.72700
52.73600
52.73600
52.73500
52.74700
52.74200
52.73700
52.74200
52.74300
52.75400
52.75700
52.75800
52.76300
52.76600
52.76500
52.76900
52.77800
52.78200
52.77900
52.78100
52.78000
52.78700
52.78800
52.79700
52.80000
52.79600
52.79600
52.80400
52.80600
52.80300
52.80500
52.81500
52.81800
52.82100
52.82000
52.82400
52.82300
52.82900
52.82800
52.83300
52.83500
52.83400
52.83600
52.84500
52.84400
52.85600
52.85900
52.85900
52.86100
52.86100
52.86300
52.85700
52.86100
52.86300
52.86200
52.86100
52.86500
52.85800
52.85600
52.86000
52.85700
52.85800
52.86300
52.86400
52.87000
52.86900
52.86800
52.87200
52.87400
52.88000
52.88500
52.88900
52.89200
52.89800
52.90300
52.90200
52.91100
52.91600
52.91700
52.91900
52.92600
52.92600
52.92300
52.92100
52.92500
52.92300
52.93200
52.93100
52.93000
52.93100
52.93000
52.93100
52.94400
52.94100
52.94700
52.95600
52.95600
52.96500
52.97000
52.97000
52.97200
52.98200
52.98600
52.99000
52.99000
52.98600
52.98500
52.99300
52.99700
52.99600
53.00100
52.99500
52.99200
52.99900
53.00700
53.01100
53.01600
53.01300
53.02500
53.03100
53.03000
53.03100
53.03000
53.02800
53.03300
53.03700
53.04500
53.04700
53.04900
53.05400
53.05600
53.05500
53.05900
53.05500
53.06400
53.06000
53.06300
53.06800
53.06600
53.06900
53.06600
53.06800
53.06300
53.06600
53.07000
53.08100
53.08400
53.08500
53.08300
53.08900
53.08300
53.08500
53.09100
53.09700
53.09500
53.10000
53.09900
53.10200
53.10400
53.10300
53.11500
53.12400
53.12000
53.12500
53.13000
53.13600
53.13600
53.14700
53.14500
53.14900
53.15400
53.15100
53.15600
53.16200
53.17600
53.18200
53.18300
53.18000
53.18700
53.19100
53.20300
53.21000
53.21400
53.22000
53.22000
53.22300
53.22300
53.22100
53.22500
53.22400
53.22800
53.22700
53.22700
53.23500
53.23500
53.24700
53.25000
53.25600
53.26500
53.26500
53.27500
53.27800
53.27700
53.27600
53.27900
53.28200
53.28500
53.28900
53.29800
53.30100
53.30200
53.31000
53.30600
53.30900
53.31200
53.31800
53.32600
53.32800
53.33300
53.33700
53.33800
53.34600
53.34700
53.34400
53.34700
53.34900
53.34700
53.34800
53.34900
53.34700
53.35100
53.35500
53.37200
53.37100
53.37600
53.38100
53.38500
53.38800
53.39300
53.39300
53.39200
53.38700
53.40600
53.40500
53.40400
53.40000
53.40700
53.40600
53.41300
53.41100
53.42000
53.42900
53.44000
53.43800
53.44100
53.44100
53.44300
53.44300
53.44700
53.44900
53.45700
53.46100
53.46300
53.45800
53.46100
53.46600
53.47700
53.48400
53.48200
53.48000
53.48600
53.48800
53.49400
53.49600
53.49800
53.49500
53.49900
53.49900
53.50400
53.50800
53.50700
53.51100
53.52700
53.52300
53.52600
53.52900
53.53200
53.53500
53.55000
53.55200
53.55500
53.56000
53.56000
53.56500
53.57200
53.57800
53.57900
53.58300
53.58700
53.59600
53.60000
53.60100
53.60400
53.60800
53.61300
53.62100
53.62300
53.62300
53.62900
53.63700
53.63600
53.63900
53.65300
53.64700
53.64600
53.65200
53.65100
53.65300
53.66100
53.66200
53.66500
53.67000
53.67100
53.67400
53.68300
53.68500
53.69500
53.69600
53.69700
53.70000
53.70600
53.71100
53.71000
53.71900
53.72500
53.74000
53.74100
53.75000
53.75400
53.75700
53.76200
53.77000
53.77000
53.77400
53.78300
53.79100
53.78900
53.79500
53.80600
53.80900
53.81500
53.81600
53.82200
53.83100
53.83800
53.83800
53.84500
53.85400
53.86000
53.86400
53.87000
53.87400
53.87300
53.87300
53.88200
53.89100
53.89000
53.89900
53.90200
53.90900
53.91200
53.91000
53.91100
53.91700
53.92100
53.92800
53.93300
53.93700
53.94100
53.94400
53.94700
53.96300
53.97000
53.97600
53.98100
53.98300
53.99100
54.00300
54.00400
54.01100
54.01500
54.01700
54.02000
54.03000
54.04000
54.04100
54.03500
54.03800
54.05200
54.05900
54.06700
54.07400
54.08100
54.08000
54.07600
54.08200
54.08600
54.09800
54.11500
54.11700
54.12100
54.12400
54.12200
54.12800
54.13700
54.14900
54.15600
54.16600
54.17500
54.18200
54.18300
54.19500
54.20000
54.21300
54.21300
54.22400
54.22500
54.23500
54.23700
54.24600
54.24900
54.25600
54.26200
54.26800
54.27500
54.27900
54.28400
54.28700
54.29100
54.29600
54.30600
54.31600
54.31900
54.31900
54.32400
54.32200
54.34000
54.34400
54.34600
54.35300
54.35400
54.35900
54.37100
54.37800
54.38700
54.40000
54.39900
54.39600
54.39500
54.39800
54.40800
54.41000
54.41400
54.41900
54.42100
54.43500
54.43600
54.44000
54.44700
54.45000
54.45400
54.46000
54.46400
54.46500
54.46300
54.46300
54.47100
54.46900
54.47700
54.48700
54.48800
54.49800
54.50400
54.50800
54.51800
54.52000
54.53000
54.53200
54.53100
54.53900
54.53800
54.54000
54.53800
54.54600
54.55700
54.55500
54.56300
54.57100
54.57200
54.57100
54.57900
54.58600
54.58600
54.58900
54.59100
54.59100
54.59100
54.60300
54.60500
54.60900
54.61200
54.61300
54.62900
54.63700
54.64000
54.64500
54.64600
54.64800
54.65000
54.65800
54.67200
54.67700
54.68000
54.67900
54.67900
54.68300
54.68700
54.69000
54.69900
54.70200
54.71400
54.71600
54.72300
54.71700
54.72600
54.73200
54.73300
54.74100
54.75400
54.76100
54.75800
54.76400
54.76700
54.77500
54.78600
54.79000
54.79500
54.79800
54.80100
54.80400
54.81000
54.81800
54.82200
54.82900
54.83300
54.84100
54.85100
54.85800
54.85500
54.85900
54.86000
54.86700
54.87700
54.87900
54.88500
54.89600
54.90400
54.91000
54.91400
54.91800
54.92500
54.93000
54.93900
54.93900
54.94500
54.95200
54.95400
54.96500
54.97100
54.97900
54.98800
55.00000
55.00200
55.01000
55.01900
55.02200
55.04200
55.04300
55.04300
55.04700
55.05800
55.06200
55.07000
55.07100
55.09000
55.09300
55.10300
55.10700
55.11300
55.12600
55.13000
55.14300
55.15200
55.15500
55.16500
55.17900
55.18200
55.18300
55.19200
55.20100
55.20200
55.21000
55.21600
55.22200
55.23500
55.23700
55.24200
55.24500
55.25700
55.26200
55.26600
55.27200
55.28200
55.28200
55.29700
55.30800
55.31200
55.31700
55.32000
55.33000
55.33600
55.33700
55.34300
55.35100
55.35500
55.36800
55.36900
55.37800
55.38300
55.38800
55.39000
55.39600
55.40300
55.41400
55.41800
55.41800
55.42100
55.42300
55.43400
55.43900
55.44900
55.45100
55.46500
55.47600
55.47700
55.48500
55.48900
55.49400
55.50500
55.50900
55.51000
55.51700
55.52000
55.52500
55.52900
55.53000
55.53700
55.54700
55.55600
55.55400
55.55700
55.56300
55.56600
55.57200
55.57000
55.57300
55.58400
55.59100
55.58900
55.59600
55.59800
55.59800
55.60000
55.60700
55.61200
55.61600
55.62200
55.62800
55.63600
55.63800
55.63700
55.64300
55.65500
55.65800
55.66500
55.66200
55.66100
55.67900
55.68700
55.69000
55.70000
55.70900
55.71100
55.72200
55.72900
55.72900
55.73800
55.74100
55.74300
55.75600
55.76500
55.77100
55.78200
55.78600
55.78700
55.79100
55.80500
55.81300
55.81600
55.82100
55.82700
55.83400
55.83800
55.85100
55.86000
55.86100
55.86000
55.86600
55.87300
55.87500
55.88300
55.89400
55.89100
55.89800
55.90200
55.90200
55.91000
55.90900
55.91800
55.92000
55.93100
55.94100
55.94600
55.95700
55.96400
55.97100
55.97300
55.98500
55.98200
55.98600
55.98500
55.99400
56.00200
56.00000
56.01000
56.02100
56.02300
56.02500
56.02900
56.03400
56.04300
56.04200
56.04800
56.05200
56.06400
56.07000
56.07300
56.07300
56.08200
56.08900
56.08900
56.09300
56.10700
56.10900
56.11800
56.12400
56.12400
56.13100
56.13100
56.13200
56.13800
56.14100
56.15500
56.16100
56.16300
56.16600
56.17200
56.17900
56.17900
56.18400
56.19000
56.19300
56.20600
56.21300
56.22200
56.22900
56.23000
56.23400
56.24200
56.25100
56.25200
56.25500
56.25400
56.25600
56.26000
56.27300
56.27400
56.28200
56.29300
56.28800
56.29500
56.30300
56.30500
56.30600
56.31100
56.30800
56.31300
56.31700
56.33100
56.33800
56.34300
56.35000
56.35000
56.35800
56.36200
56.36100
56.36800
56.37400
56.38300
56.38400
56.38500
56.40000
56.40200
56.40800
56.41000
56.41500
56.41400
56.42300
56.43300
56.43400
56.44100
56.44200
56.44500
56.44700
56.45900
56.45700
56.46800
56.47300
56.48000
56.48400
56.48800
56.49000
56.50100
56.50400
56.50700
56.51400
56.51700
56.52400
56.52400
56.53900
56.54400
56.54600
56.56100
56.56400
56.56800
56.57200
56.57500
56.58300
56.58500
56.58900
56.59300
56.59600
56.60800
56.61100
56.62100
56.62700
56.63600
56.64200
56.64300
56.64500
56.65500
56.65200
56.66000
56.66700
56.66800
56.67500
56.69300
56.69900
56.70800
56.71700
56.71700
56.72200
56.73000
56.73500
56.73200
56.74100
56.74600
56.75400
56.75600
56.76400
56.76800
56.78700
56.78600
56.79300
56.80100
56.81300
56.81500
56.82700
56.83000
56.83300
56.83500
56.84300
56.85400
56.86000
56.87100
56.87800
56.87900
56.88600
56.88900
56.89700
56.90000
56.90900
56.91100
56.91800
56.92200
56.93000
56.93100
56.93600
56.94100
56.95300
56.95900
56.97200
56.97200
56.97500
56.97800
56.98300
56.98900
56.99500
57.00200
57.00700
57.01200
57.02700
57.03800
57.04300
57.04400
57.04800
57.05000
57.06300
57.07000
57.07800
57.08300
57.08900
57.09900
57.10800
57.11400
57.11000
57.11300
57.12400
57.13000
57.13100
57.13400
57.14400
57.15000
57.15900
57.16300
57.17000
57.18000
57.18600
57.18700
57.19300
57.20400
57.21000
57.21400
57.21900
57.22100
57.22100
57.23500
57.24600
57.25600
57.25800
57.26400
57.26100
57.26600
57.27400
57.28100
57.28500
57.28900
57.30100
57.30300
57.30500
57.30900
57.32500
57.33000
57.33700
57.33700
57.34300
57.35000
57.36000
57.36800
57.37400
57.37600
57.38400
57.38400
57.38500
57.39400
57.40100
57.40900
57.41800
57.42500
57.42700
57.43300
57.43900
57.43900
57.44800
57.44900
57.44900
57.45800
57.46300
57.46800
57.47200
57.47200
57.48000
57.49000
57.49200
57.49400
57.49500
57.50600
57.50700
57.51500
57.51800
57.52300
57.53500
57.54000
57.54600
57.56000
57.56600
57.56500
57.56800
57.57900
57.58100
57.58700
57.58500
57.59200
57.59500
57.60500
57.60800
57.61400
57.62200
57.62300
57.63100
57.63700
57.64100
57.64600
57.64700
57.65000
57.65300
57.65600
57.66300
57.66800
57.67400
57.67900
57.68000
57.68900
57.68400
57.69300
57.69900
57.69900
57.70100
57.70100
57.71000
57.71600
57.72000
57.71600
57.72400
57.72900
57.74100
57.74100
57.74900
57.75200
57.75400
57.75900
57.76100
57.76300
57.76600
57.76900
57.77400
57.77100
57.77200
57.77700
57.77600
57.78000
57.78800
57.79500
57.80100
57.80300
57.81100
57.81700
57.82100
57.82600
57.82800
57.82600
57.83000
57.83600
57.83500
57.84500
57.85100
57.85600
57.85600
57.86200
57.86900
57.88100
57.89000
57.89800
57.89900
57.90200
57.90700
57.90800
57.91300
57.92400
57.92600
57.93300
57.93300
57.93600
57.94100
57.94600
57.95200
57.95100
57.95100
57.95300
57.95400
57.96000
57.96600
57.97000
57.96900
57.96900
57.97500
57.97700
57.98800
57.99200
57.99300
58.00700
58.01300
58.01900
58.02700
58.02900
58.03300
58.03800
58.04100
58.04100
58.04900
58.05700
58.05700
58.06100
58.06000
58.06500
58.07400
58.08100
58.08500
58.09000
58.09800
58.10500
58.10800
58.10700
58.11100
58.11200
58.11800
58.11800
58.12100
58.12000
58.12400
58.12700
58.13200
58.13200
58.14000
58.14600
58.15100
58.15800
58.16600
58.16600
58.16800
58.17100
58.17400
58.18300
58.18500
58.19100
58.19300
58.20000
58.21900
58.21900
58.22600
58.23200
58.23900
58.24700
58.24900
58.26100
58.26400
58.26600
58.27000
58.27600
58.27900
58.28300
58.28100
58.29300
58.29500
58.30500
58.30200
58.31000
58.32100
58.33200
58.34000
58.34600
58.35600
58.35900
58.36300
58.36900
58.37100
58.38000
58.38600
58.39200
58.39700
58.40300
58.40800
58.41500
58.41800
58.42300
58.43000
58.43800
58.44000
58.44800
58.45200
58.45400
58.46000
58.47100
58.48000
58.48000
58.47900
58.48500
58.49000
58.49100
58.49800
58.49900
58.50900
58.51900
58.52300
58.52400
58.52200
58.52600
58.53200
58.54000
58.54100
58.54900
58.55200
58.55800
58.56200
58.56500
58.56700
58.56800
58.57200
58.57600
58.58200
58.58600
58.59400
58.59700
58.59900
58.60600
58.60900
58.61200
58.62100
58.62600
58.63100
58.63600
58.64200
58.64700
58.64800
58.65600
58.66300
58.66600
58.67400
58.67600
58.68300
58.68200
58.68300
58.68800
58.68500
58.68600
58.69400
58.69500
58.69900
58.70300
58.70400
58.70700
58.70900
58.71100
58.72100
58.73000
58.73100
58.73500
58.73600
58.74000
58.74300
58.74500
58.75100
58.76000
58.76100
58.76700
58.76900
58.77700
58.78100
58.78700
58.79100
58.79600
58.80100
58.81000
58.81200
58.81700
58.81900
58.81600
58.82300
58.82200
58.82500
58.82800
58.83700
58.83800
58.84200
58.84600
58.85200
58.85700
58.86000
58.86300
58.86600
58.86500
58.86500
58.87000
58.87700
58.87900
58.87700
58.88200
58.88200
58.88900
58.89000
58.89900
58.90000
58.90900
58.91400
58.91700
58.92200
58.92400
58.93100
58.93600
58.93800
58.94500
58.94300
58.94000
58.94500
58.94600
58.95100
58.95200
58.95200
58.96100
58.96500
58.96800
58.97000
58.97000
58.97700
58.98400
58.99000
58.99000
58.98800
58.99100
58.99300
59.00400
59.00700
59.01400
59.01500
59.01600
59.02000
59.02000
59.02000
59.02400
59.03400
59.03800
59.04100
59.04600
59.04800
59.05800
59.06400
59.06300
59.06000
59.06100
59.06600
59.06600
59.07100
59.07300
59.07900
59.07800
59.08100
59.08200
59.08700
59.09300
59.09900
59.10000
59.10400
59.11000
59.10900
59.11500
59.12100
59.12300
59.12500
59.13100
59.13300
59.13200
59.13100
59.13200
59.13600
59.13800
59.14700
59.15300
59.15700
59.16000
59.16100
59.16100
59.16300
59.17100
59.17900
59.18100
59.18000
59.18000
59.18300
59.19100
59.19300
59.20000
59.20600
59.21100
59.21200
59.21800
59.22400
59.22600
59.22900
59.22900
59.23100
59.23400
59.23600
59.24700
59.25200
59.25100
59.25700
59.26400
59.27500
59.27500
59.28800
59.29200
59.29800
59.29500
59.29600
59.30300
59.31300
59.31400
59.31900
59.32700
59.33500
59.34500
59.34800
59.34800
59.35300
59.35700
59.36500
59.36300
59.36400
59.36300
59.37200
59.37700
59.38200
59.38600
59.39000
59.39200
59.39500
59.39500
59.40600
59.41000
59.41100
59.41200
59.41800
59.42400
59.43200
59.43400
59.44300
59.44500
59.44700
59.44800
59.45300
59.46600
59.46800
59.47800
59.47900
59.48600
59.48600
59.49300
59.50100
59.50600
59.51100
59.51300
59.51600
59.52500
59.54000
59.54200
59.54500
59.55500
59.56200
59.56500
59.57200
59.57700
59.58400
59.59300
59.60000
59.60500
59.61300
59.60800
59.60600
59.61800
59.62500
59.63400
59.63900
59.64400
59.65200
59.66000
59.66200
59.66300
59.66500
59.67500
59.68200
59.68600
59.69100
59.69600
59.70100
59.70800
59.70900
59.71300
59.71700
59.71900
59.72300
59.72400
59.73400
59.73800
59.73900
59.73800
59.74700
59.75500
59.75900
59.77200
59.76900
59.77200
59.77600
59.77900
59.78400
59.79200
59.80100
59.80800
59.81400
59.82300
59.82200
59.82300
59.82400
59.83300
59.83800
59.84400
59.85000
59.85800
59.87300
59.87400
59.87900
59.88100
59.88600
59.88900
59.89300
59.89800
59.90900
59.91300
59.91300
59.91400
59.92100
59.92800
59.92900
59.93300
59.94700
59.95200
59.96100
59.96800
59.97100
59.98100
59.98000
59.98500
59.98900
59.99000
59.99200
59.99000
59.99800
60.00700
60.00900
60.01500
60.02300
60.03000
60.03000
60.03500
60.04300
60.04800
60.05400
60.05800
60.06000
60.06600
60.07600
60.08300
60.08500
60.09100
60.09400
60.10000
60.10300
60.10400
60.10900
60.11400
60.12100
60.12700
60.13200
60.13800
60.14300
60.14900
60.15200
60.15100
60.15000
60.15600
60.16100
60.16800
60.17300
60.16900
60.17400
60.18500
60.18700
60.19000
60.18800
60.19200
60.20100
60.20800
60.21000
60.21600
60.22300
60.22500
60.22700
60.23400
60.23800
60.23900
60.24600
60.24800
60.25400
60.26000
60.26500
60.26700
60.26700
60.26900
60.27700
60.27700
60.28500
60.29600
60.30200
60.30700
60.31000
60.31600
60.32100
60.32600
60.33300
60.33600
60.33900
60.34400
60.34000
60.34100
60.34500
60.35000
60.35500
60.36100
60.36400
60.36700
60.37400
60.37600
60.38400
60.38600
60.38900
60.39100
60.39600
60.39800
60.40400
60.41200
60.41400
60.41600
60.42100
60.42700
60.43500
60.43400
60.44000
60.44300
60.44500
60.44600
60.44800
60.45000
60.45300
60.45700
60.45700
60.46700
60.47100
60.47700
60.47500
60.48000
60.48300
60.48700
60.49200
60.49200
60.49400
60.50300
60.51000
60.50900
60.51500
60.52700
60.52600
60.52700
60.53100
60.52800
60.53500
60.53400
60.53600
60.54300
60.55100
60.55600
60.55700
60.55800
60.56400
60.56700
60.57100
60.57500
60.57500
60.57700
60.57700
60.58000
60.58100
60.58800
60.58800
60.59200
60.59100
60.59600
60.59900
60.60100
60.61300
60.61400
60.61700
60.62600
60.63000
60.62800
60.64000
60.63800
60.63900
60.64300
60.64400
60.64500
60.64400
60.64900
60.65200
60.65300
60.65800
60.65900
60.66700
60.66800
60.67200
60.67900
60.67600
60.67900
60.67800
60.68500
60.68400
60.68800
60.69500
60.69900
60.69900
60.70400
60.70500
60.71000
60.71600
60.71300
60.71200
60.71200
60.71900
60.72000
60.71900
60.73000
60.73300
60.73800
60.73800
60.73900
60.73800
60.73800
60.74200
60.74500
60.74700
60.74600
60.75100
60.75900
60.76500
60.77200
60.77000
60.77300
60.77200
60.77600
60.77800
60.78200
60.78100
60.79100
60.79200
60.80000
60.80600
60.80500
60.81200
60.81600
60.82500
60.82900
60.83000
60.84000
60.84100
60.84100
60.84200
60.84200
60.84400
60.85100
60.85600
60.85700
60.86400
60.86600
60.87000
60.87600
60.87800
60.88000
60.88200
60.88700
60.89300
60.89800
60.89800
60.90200
60.90400
60.90600
60.91400
60.91200
60.91300
60.91600
60.92300
60.92400
60.93100
60.93600
60.94400
60.94500
60.94400
60.94300
60.94700
60.95200
60.95800
60.96100
60.96000
60.96300
60.96800
60.96900
60.97400
60.97600
60.97900
60.98200
60.98600
60.98800
60.98900
60.98700
60.98900
60.99300
60.99800
60.99500
61.00000
61.00800
61.01500
61.01500
61.02100
61.02300
61.03000
61.03500
61.03800
61.04400
61.04700
61.05000
61.05400
61.05500
61.05600
61.06100
61.07000
61.07000
61.07400
61.07600
61.08400
61.08900
61.09200
61.09500
61.09800
61.10700
61.11000
61.11200
61.11800
61.12300
61.12800
61.12800
61.13200
61.13400
61.14200
61.14700
61.14500
61.14800
61.15000
61.15600
61.15800
61.16100
61.16700
61.17300
61.17700
61.17900
61.18000
61.19300
61.19600
61.19600
61.19900
61.20100
61.20400
61.20800
61.20900
61.21300
61.21700
61.22200
61.22400
61.23100
61.23400
61.23700
61.24100
61.24600
61.25100
61.25000
61.25300
61.26100
61.26000
61.26600
61.27200
61.27400
61.28000
61.28000
61.28200
61.28700
61.29300
61.29800
61.30200
61.30100
61.30500
61.30200
61.30900
61.31000
61.31000
61.31300
61.31800
61.32600
61.32600
61.32200
61.32500
61.32700
61.32800
61.33400
61.34000
61.34000
61.34500
61.35100
61.35500
61.35500
61.36100
61.36500
61.36300
61.36900
61.37200
61.37900
61.38400
61.38700
61.38800
61.39600
61.39800
61.40200
61.40600
61.41300
61.41700
61.41700
61.42200
61.42600
61.42700
61.43500
61.43600
61.44600
61.44600
61.45200
61.45200
61.45400
61.45900
61.46000
61.46200
61.46300
61.46900
61.47800
61.48200
61.48200
61.48300
61.48200
61.48900
61.49000
61.49300
61.49500
61.49500
61.49700
61.50700
61.50700
61.50900
61.51600
61.51600
61.51500
61.52000
61.52700
61.53000
61.53200
61.53400
61.53500
61.53500
61.53900
61.54100
61.54400
61.54600
61.54600
61.55100
61.55300
61.55500
61.56400
61.56400
61.56800
61.57200
61.57700
61.57600
61.57800
61.58000
61.58700
61.58600
61.58800
61.59700
61.59700
61.59800
61.60200
61.60400
61.60900
61.61500
61.61800
61.61900
61.62400
61.62400
61.62600
61.63500
61.63600
61.64000
61.64700
61.65100
61.65600
61.66100
61.66500
61.66700
61.66800
61.66800
61.67800
61.68200
61.68000
61.68300
61.68400
61.68800
61.69000
61.69200
61.70000
61.70700
61.70600
61.71000
61.71100
61.71100
61.72000
61.72100
61.71900
61.72500
61.72500
61.73100
61.72900
61.73200
61.73500
61.73700
61.74100
61.74700
61.75200
61.75600
61.75700
61.76200
61.76900
61.77400
61.77300
61.77600
61.78000
61.78500
61.79400
61.80100
61.80000
61.80200
61.80800
61.81200
61.81400
61.81400
61.81800
61.82000
61.82100
61.82600
61.83000
61.83700
61.84100
61.84400
61.84400
61.84900
61.85000
61.85200
61.86400
61.87200
61.87100
61.87900
61.87700
61.87800
61.88900
61.89200
61.89700
61.90200
61.90500
61.90600
61.91500
61.91700
61.91700
61.91700
61.92000
61.92300
61.92200
61.92200
61.92900
61.93400
61.93400
61.94000
61.94700
61.95000
61.95500
61.95700
61.95900
61.96500
61.96500
61.97200
61.97000
61.98100
61.97700
61.98000
61.98500
61.98300
61.98600
61.99000
61.99200
61.99700
62.00400
62.00500
62.00500
62.00300
62.00700
62.01000
62.01300
62.01300
62.01900
62.02300
62.02500
62.02900
62.02800
62.03200
62.03400
62.03600
62.03500
62.03500
62.03900
62.03900
62.04100
62.04700
62.04800
62.05400
62.05700
62.05900
62.06200
62.06300
62.07000
62.07600
62.07800
62.08000
62.08200
62.08500
62.08500
62.08800
62.09900
62.10000
62.09900
62.10700
62.11000
62.11100
62.11600
62.11800
62.12100
62.12700
62.13000
62.13500
62.13400
62.14000
62.14400
62.14700
62.14600
62.14600
62.15300
62.15800
62.16200
62.16600
62.16500
62.16700
62.17300
62.17600
62.17700
62.17800
62.18200
62.18400
62.18600
62.18500
62.18700
62.19500
62.19800
62.20100
62.20400
62.20600
62.20900
62.20800
62.21000
62.21000
62.21600
62.22000
62.22400
62.22800
62.23300
62.23500
62.23400
62.23700
62.24100
62.24600
62.24800
62.25500
62.25600
62.25600
62.25900
62.26300
62.26100
62.26200
62.26600
62.27100
62.27200
62.27500
62.28300
62.28700
62.29700
62.29600
62.29700
62.30100
62.29900
62.30200
62.30600
62.30600
62.30800
62.31200
62.31400
62.31700
62.32000
62.32500
62.32700
62.32800
62.33500
62.34100
62.34600
62.34700
62.35400
62.35700
62.36100
62.36700
62.37000
62.37300
62.37600
62.37800
62.37800
62.38400
62.39000
62.39300
62.39800
62.40300
62.40700
62.41300
62.41400
62.42000
62.42400
62.42700
62.43500
62.43600
62.44000
62.44600
62.45300
62.45400
62.46000
62.46600
62.46200
62.46400
62.46500
62.46900
62.47100
62.47900
62.47900
62.48400
62.48600
62.49600
62.50000
62.50800
62.51000
62.51300
62.52000
62.52400
62.52600
62.52900
62.53000
62.53100
62.53800
62.53900
62.54500
62.55000
62.55500
62.55500
62.56100
62.56800
62.57000
62.57300
62.57400
62.57500
62.58000
62.58000
62.58500
62.58700
62.58900
62.59300
62.59100
62.59200
62.59400
62.59800
62.60000
62.60400
62.60000
62.60500
62.60700
62.60700
62.61000
62.61400
62.61400
62.62000
62.62500
62.62900
62.63300
62.63200
62.63300
62.63900
62.64200
62.64100
62.64400
62.64600
62.64800
62.65600
62.65400
62.65600
62.66000
62.66400
62.66900
62.67200
62.67600
62.67500
62.68100
62.68100
62.68500
62.68400
62.68800
62.69300
62.69400
62.70200
62.70300
62.70300
62.70900
62.71300
62.71500
62.71500
62.71700
62.72000
62.72500
62.72600
62.72600
62.73000
62.73400
62.73300
62.73100
62.73700
62.73900
62.74400
62.75000
62.75400
62.75800
62.75800
62.76300
62.77200
62.77400
62.77000
62.76900
62.77500
62.77700
62.78200
62.78600
62.78800
62.78700
62.79200
62.79700
62.80400
62.80400
62.80800
62.81300
62.81400
62.81500
62.81600
62.81800
62.82100
62.82400
62.82600
62.83300
62.83700
62.83400
62.84100
62.83900
62.84200
62.84600
62.85000
62.85400
62.85700
62.85800
62.86100
62.86400
62.86700
62.86900
62.86600
62.86600
62.87300
62.87700
62.87900
62.88200
62.88800
62.89100
62.89400
62.89400
62.89300
62.89800
62.90000
62.90600
62.90900
62.90800
62.90800
62.90900
62.91700
62.92200
62.92200
62.92400
62.92600
62.92700
62.92700
62.92700
62.93200
62.93900
62.93800
62.93600
62.93900
62.93600
62.93700
62.94000
62.93800
62.94100
62.94400
62.94300
62.94400
62.94800
62.95100
62.95600
62.95400
62.95700
62.95700
62.95800
62.95800
62.96800
62.97000
62.97200
62.97200
62.97300
62.97400
62.97800
62.98000
62.97900
62.98100
62.98800
62.98700
62.99000
62.99300
62.99800
62.99700
63.00300
63.00200
63.00700
63.00800
63.00900
63.01200
63.01400
63.02100
63.02000
63.01700
63.02100
63.02400
63.02600
63.02500
63.02700
63.03100
63.03500
63.03700
63.04000
63.04400
63.04500
63.04900
63.05300
63.05300
63.06000
63.06400
63.06300
63.06700
63.06700
63.07000
63.07200
63.07800
63.08400
63.08700
63.08900
63.09300
63.10100
63.10400
63.11300
63.11400
63.11600
63.11800
63.12600
63.13000
63.13100
63.13400
63.13400
63.13700
63.14600
63.15100
63.15200
63.15900
63.16600
63.16900
63.17600
63.17800
63.18100
63.18700
63.18800
63.19000
63.19600
63.20200
63.20700
63.21300
63.21600
63.21800
63.22300
63.22800
63.23600
63.23700
63.24100
63.24700
63.25400
63.25900
63.26500
63.26800
63.27400
63.27900
63.28000
63.28900
63.29400
63.29900
63.30600
63.31200
63.31800
63.32000
63.32400
63.33000
63.33100
63.34000
63.34300
63.34700
63.35500
63.35700
63.36000
63.36200
63.36600
63.37400
63.37800
63.38300
63.38500
63.39500
63.39700
63.40500
63.40900
63.41400
63.41600
63.42100
63.42500
63.43000
63.43700
63.43700
63.44200
63.44600
63.45000
63.45400
63.45700
63.46300
63.46500
63.47300
63.47600
63.48200
63.48200
63.48600
63.49000
63.49300
63.49400
63.49900
63.50400
63.50900
63.51300
63.51500
63.51500
63.52200
63.52300
63.52900
63.53000
63.53500
63.53500
63.53600
63.53700
63.53800
63.54400
63.54400
63.55200
63.55300
63.55500
63.55800
63.55900
63.56000
63.56400
63.56500
63.56800
63.56800
63.57000
63.57200
63.57800
63.57900
63.58400
63.58600
63.58800
63.59200
63.59200
63.59600
63.60000
63.60100
63.60200
63.60400
63.60500
63.60600
63.60900
63.61100
63.61500
63.61600
63.61700
63.61700
63.61700
63.61700
63.61800
63.61800
63.62000
63.62100
63.62300
63.62500
63.62500
63.62600
63.63000
63.63100
63.63600
63.63700
63.63900
63.64100
63.64200
63.64100
63.64200
63.64100
63.64200
63.64300
63.64500
63.64700
63.64800
63.64800
63.64800
63.65000
63.65300
63.65300
63.65600
63.65700
63.65900
63.66000
63.66000
63.66100
63.66200
63.66100
63.66000
63.66400
63.66400
63.66700
63.66700
63.67000
63.67300
63.67500
63.67400
63.67500
63.67600
63.67800
63.67800
63.68000
63.68100
63.68300
63.68200
63.68200
63.68200
63.68200
63.68600
63.68600
63.69000
63.69200
63.68800
63.68500
63.68800
63.68800
63.68900
63.69000
63.69100
63.69100
63.69100
63.69000
63.69000
63.69100
63.69200
63.69200
63.69200
63.69200
63.69200
63.69100
63.69100
63.69300
63.69600
63.69700
63.70000
63.69900
63.69800
63.69900
63.69700
63.70000
63.70000
63.70300
63.70100
63.69800
63.69900
63.69900
63.69800
63.69800
63.69800
63.69900
63.70100
63.70000
63.70400
63.70400
63.70400
63.70300
63.70500
63.70600
63.70600
63.70500
63.70500
63.70400
63.70600
63.70700
63.70600
63.70600
63.70800
63.70800
63.70800
63.71000
63.71200
63.71000
63.70900
63.71000
63.71300
63.71200
63.71400
63.71500
63.71500
63.71700
63.71900
63.71800
63.72000
63.72100
63.72100
63.72100
63.72200
63.72400
63.72500
63.72500
63.72600
63.72700
63.73000
63.73100
63.73100
63.73200
63.73200
63.73500
63.73600
63.73600
63.73700
63.73500
63.73700
63.73900
63.74200
63.74400
63.74400
63.74300
63.74400
63.74300
63.74400
63.74500
63.74700
63.74700
63.74700
63.74800
63.74900
63.75100
63.75300
63.75300
63.75400
63.75600
63.75700
63.75700
63.76100
63.76200
63.76100
63.76000
63.76000
63.76100
63.76200
63.76300
63.76500
63.76500
63.76800
63.76800
63.76900
63.76700
63.76600
63.76600
63.76800
63.77000
63.77200
63.77300
63.77200
63.77600
63.77600
63.77300
63.77500
63.77700
63.77800
63.78100
63.78400
63.78300
63.78400
63.78400
63.78500
63.78500
63.78800
63.79000
63.79100
63.79100
63.79100
63.79100
63.79100
63.79000
63.79500
63.79400
63.79700
63.79700
63.79700
63.79800
63.79800
63.79900
63.79800
63.80000
63.80200
63.80500
63.80400
63.80400
63.80400
63.80400
63.80500
63.80500
63.80700
63.80700
63.80800
63.80900
63.81000
63.81000
63.81100
63.80900
63.80800
63.81200
63.81500
63.81500
63.81500
63.81500
63.81500
63.81500
63.81500
63.81500
63.81700
63.81900
63.81900
63.81700
63.82100
63.82100
63.82000
63.82100
63.82300
63.82400
63.82500
63.82400
63.82300
63.82400
63.82500
63.82600
63.82700
63.82500
63.82800
63.82900
63.82900
63.83000
63.83100
63.83100
63.83200
63.83300
63.83300
63.83300
63.83400
63.83500
63.83500
63.83600
63.83600
63.83600
63.83700
63.83700
63.83900
63.83800
63.84100
63.84500
63.84400
63.84400
63.84400
63.84500
63.84500
63.84400
63.84500
63.84600
63.84600
63.84800
63.85000
63.85000
63.85200
63.85200
63.85200
63.85400
63.85400
63.85600
63.85600
63.85700
63.85600
63.85800
63.86000
63.86000
63.86000
63.86000
63.86300
63.86500
63.86500
63.86700
63.86800
63.86900
63.86900
63.86900
63.87200
63.87300
63.87500
63.87500
63.87500
63.87600
63.87600
63.87900
63.88000
63.88100
63.88100
63.88100
63.88200
63.88400
63.88500
63.88500
63.88600
63.88700
63.88900
63.89200
63.89300
63.89300
63.89300
63.89600
63.89700
63.89800
63.89900
63.89900
63.90000
63.90000
63.90000
63.90100
63.90400
63.90400
63.90600
63.90800
63.90800
63.91200
63.91300
63.91300
63.91400
63.91500
63.91600
63.91800
63.92000
63.92100
63.92300
63.92300
63.92400
63.92700
63.92800
63.92900
63.93100
63.93100
63.93300
63.93600
63.93600
63.93700
63.94000
63.94000
63.94100
63.94300
63.94500
63.94600
63.94600
63.94800
63.94900
63.95000
63.95400
63.95400
63.95500
63.95600
63.95800
63.95900
63.96000
63.96000
63.96000
63.96100
63.96100
63.96200
63.96500
63.96700
63.96900
63.96900
63.97000
63.97100
63.97400
63.97600
63.97700
63.97700
63.97700
63.97800
63.98100
63.98200
63.98400
63.98500
63.98600
63.98700
63.98800
63.99000
63.99100
63.99300
63.99400
63.99500
63.99600
63.99800
63.99900
64.00200
64.00300
64.00300
64.00300
64.00400
64.00600
64.00800
64.01000
64.01100
64.01300
64.01400
64.01500
64.01500
64.01700
64.01800
64.01800
64.01800
64.01800
64.02000
64.02300
64.02400
64.02600
64.02900
64.03100
64.03100
64.03200
64.03400
64.03500
64.03500
64.03500
64.04000
64.04000
64.04100
64.04200
64.04500
64.04600
64.04600
64.04600
64.04700
64.04800
64.05100
64.05200
64.05200
64.05300
64.05400
64.05400
64.05800
64.05800
64.06000
64.06100
64.06200
64.06400
64.06400
64.06500
64.06500
64.06800
64.07000
64.07000
64.07200
64.07300
64.07600
64.07700
64.07900
64.08000
64.08100
64.08300
64.08300
64.08400
64.08500
64.08500
64.08600
64.08700
64.08800
64.08900
64.09100
64.09300
64.09500
64.09600
64.09600
64.09700
64.10000
64.10300
64.10400
64.10400
64.10600
64.10700
64.10800
64.10900
64.10900
64.11000
64.11000
64.11000
64.11100
64.11200
64.11400
64.11600
64.11800
64.11800
64.11900
64.12200
64.12400
64.12500
64.12600
64.12900
64.13000
64.13000
64.13200
64.13200
64.13200
64.13300
64.13300
64.13400
64.13400
64.13500
64.13700
64.13800
64.13900
64.14000
64.14100
64.14100
64.14100
64.14300
64.14600
64.14600
64.14800
64.14800
64.15000
64.15100
64.15200
64.15400
64.15400
64.15500
64.15700
64.15800
64.15800
64.16200
64.16300
64.16400
64.16400
64.16500
64.16700
64.16800
64.16800
64.16800
64.17000
64.17300
64.17400
64.17400
64.17500
64.17700
64.17700
64.17700
64.17900
64.18100
64.18200
64.18500
64.18500
64.18700
64.18700
64.18800
64.18900
64.19000
64.19100
64.19300
64.19400
64.19600
64.19700
64.19800
64.20000
64.20000
64.20100
64.20200
64.20200
64.20300
64.20500
64.20600
64.20700
64.20800
64.20900
64.21100
64.21300
64.21400
64.21700
64.21700
64.21800
64.21800
64.21900
64.22100
64.22300
64.22500
64.22500
64.22600
64.22700
64.22900
64.23000
64.23100
64.23100
64.23100
64.23300
64.23400
64.23600
64.23700
64.23700
64.23900
64.24000
64.24000
64.24500
64.24700
64.24700
64.24800
64.24800
64.25000
64.25100
64.25100
64.25200
64.25200
64.25400
64.25500
64.25500
64.25800
64.25900
64.25900
64.26100
64.26200
64.26400
64.26500
64.26700
64.26800
64.27000
64.27300
64.27300
64.27400
64.27400
64.27400
64.27500
64.27900
64.27900
64.27900
64.27900
64.27900
64.28100
64.28300
64.28600
64.28800
64.28800
64.28900
64.28900
64.29200
64.29300
64.29300
64.29400
64.29400
64.29600
64.29600
64.30000
64.30100
64.30300
64.30300
64.30400
64.30400
64.30500
64.30900
64.30900
64.31000
64.31000
64.31000
64.31100
64.31200
64.31500
64.31600
64.31800
64.31900
64.32000
64.32100
64.32100
64.32100
64.32300
64.32300
64.32900
64.32900
64.33000
64.33100
64.33100
64.33200
64.33300
64.33400
64.33400
64.33500
64.33500
64.33700
64.33800
64.33900
64.34200
64.34300
64.34400
64.34400
64.34800
64.34800
64.35000
64.35100
64.35100
64.35100
64.35200
64.35300
64.35300
64.35500
64.35600
64.35600
64.35700
64.36100
64.36200
64.36300
64.36300
64.36400
64.36600
64.36700
64.36900
64.37000
64.37100
64.37200
64.37200
64.37300
64.37300
64.37500
64.37600
64.37800
64.37900
64.38000
64.38200
64.38400
64.38400
64.38400
64.38600
64.38700
64.38700
64.38800
64.38800
64.39000
64.39100
64.39300
64.39400
64.39700
64.39700
64.39700
64.39800
64.39900
64.40100
64.40300
64.40400
64.40500
64.40500
64.40600
64.40800
64.40900
64.41300
64.41300
64.41400
64.41400
64.41500
64.41600
64.41700
64.41900
64.41900
64.42000
64.42300
64.42400
64.42400
64.42500
64.42500
64.42600
64.42900
64.43000
64.43200
64.43300
64.43400
64.43500
64.43600
64.43700
64.43900
64.43900
64.44000
64.44200
64.44400
64.44400
64.44500
64.44600
64.44700
64.44700
64.44900
64.45000
64.45100
64.45200
64.45500
64.45800
64.45800
64.45800
64.46000
64.46000
64.46100
64.46200
64.46400
64.46400
64.46500
64.46500
64.46600
64.47000
64.47100
64.47200
64.47300
64.47300
64.47500
64.47600
64.47700
64.47800
64.47800
64.47800
64.47900
64.48200
64.48400
64.48600
64.48800
64.48800
64.49000
64.49200
64.49200
64.49300
64.49400
64.49500
64.49600
64.49800
64.49800
64.49800
64.50000
64.50000
64.50100
64.50200
64.50200
64.50500
64.50700
64.50800
64.50900
64.50900
64.51100
64.51500
64.51500
64.51600
64.51700
64.51800
64.51800
64.51800
64.52100
64.52100
64.52400
64.52400
64.52600
64.52700
64.52700
64.52800
64.52900
64.52900
64.53000
64.53300
64.53300
64.53500
64.53700
64.54000
64.54000
64.54100
64.54300
64.54300
64.54500
64.54600
64.54600
64.54800
64.54900
64.55100
64.55100
64.55100
64.55300
64.55500
64.55500
64.55600
64.55900
64.56000
64.56100
64.56200
64.56200
64.56400
64.56400
64.56600
64.56800
64.57000
64.57100
64.57100
64.57300
64.57300
64.57300
64.57400
64.57400
64.57600
64.57700
64.57800
64.57900
64.58100
64.58200
64.58300
64.58600
64.58700
64.58800
64.58800
64.58900
64.59000
64.59100
64.59200
64.59200
64.59400
64.59500
64.59600
64.60000
64.60100
64.60300
64.60400
64.60600
64.60600
64.60600
64.60600
64.60700
64.61000
64.61100
64.61100
64.61100
64.61200
64.61300
64.61300
64.61700
64.61800
64.61900
64.62000
64.62000
64.62200
64.62200
64.62300
64.62300
64.62600
64.62700
64.62700
64.62800
64.62900
64.63000
64.63100
64.63200
64.63300
64.63400
64.63500
64.63700
64.63900
64.63900
64.64000
64.64100
64.64300
64.64500
64.64500
64.64500
64.64600
64.64900
64.64900
64.64900
64.65100
64.65100
64.65300
64.65500
64.65700
64.65700
64.65800
64.65900
64.66100
64.66300
64.66400
64.66500
64.66600
64.66600
64.66900
64.67000
64.67000
64.67000
64.67200
64.67200
64.67400
64.67600
64.67600
64.67800
64.67900
64.67900
64.67900
64.68100
64.68100
64.68400
64.68500
64.68600
64.68700
64.68600
64.68600
64.68700
64.68900
64.68800
64.69000
64.69100
64.69200
64.69200
64.69300
64.69400
64.69500
64.69600
64.69600
64.69600
64.69700
64.69900
64.70100
64.70000
64.70100
64.70200
64.70300
64.70400
64.70500
64.70600
64.70600
64.70800
64.71000
64.71000
64.71100
64.71100
64.71000
64.71200
64.71200
64.71300
64.71500
64.71600
64.71600
64.71700
64.71700
64.71800
64.72200
64.72200
64.72200
64.72300
64.72500
64.72500
64.72700
64.72900
64.73000
64.73000
64.73100
64.73300
64.73300
64.73300
64.73300
64.73400
64.73800
64.73700
64.73700
64.73700
64.73800
64.73800
64.74000
64.74300
64.74400
64.74400
64.74500
64.74600
64.74800
64.74900
64.75200
64.75300
64.75100
64.75300
64.75300
64.75400
64.75500
64.75600
64.75700
64.75700
64.75700
64.75600
64.75600
64.75700
64.75900
64.76200
64.76400
64.76400
64.76400
64.76400
64.76600
64.76600
64.76800
64.76900
64.76800
64.76800
64.76800
64.77100
64.77200
64.77300
64.77300
64.77500
64.77600
64.77700
64.78100
64.78100
64.78000
64.78000
64.78300
64.78600
64.78600
64.78600
64.78700
64.78800
64.78800
64.78800
64.78800
64.79000
64.78900
64.78900
64.79200
64.79200
64.79300
64.79400
64.79500
64.79500
64.79700
64.79800
64.79900
64.80100
64.80000
64.80000
64.80100
64.80400
64.80500
64.80500
64.80500
64.80600
64.80800
64.81100
64.81100
64.81100
64.81100
64.81100
64.81200
64.81300
64.81500
64.81500
64.81600
64.81600
64.81600
64.81800
64.81900
64.82000
64.82000
64.82100
64.82100
64.82400
64.82500
64.82700
64.82600
64.82600
64.82600
64.82800
64.83000
64.83200
64.83200
64.83200
64.83300
64.83500
64.83600
64.83600
64.83700
64.83800
64.83900
64.83900
64.84000
64.84000
64.84100
64.84100
64.84200
64.84400
64.84600
64.84700
64.84700
64.84900
64.84900
64.84900
64.85000
64.85100
64.85100
64.85200
64.85200
64.85400
64.85400
64.85500
64.85600
64.85600
64.85800
64.85900
64.86000
64.86100
64.86300
64.86400
64.86400
64.86500
64.86500
64.86700
64.86900
64.86900
64.86900
64.87000
64.87000
64.87200
64.87300
64.87400
64.87600
64.87600
64.87600
64.87600
64.87700
64.87800
64.88000
64.88100
64.88300
64.88400
64.88400
64.88500
64.88500
64.88700
64.88800
64.88800
64.89000
64.89000
64.89100
64.89200
64.89300
64.89300
64.89400
64.89700
64.89700
64.89700
64.89800
64.89900
64.89900
64.89900
64.90000
64.90000
64.90300
64.90400
64.90600
64.90700
64.90600
64.90600
64.90700
64.90800
64.90900
64.90900
64.91000
64.91200
64.91200
64.91300
64.91300
64.91400
64.91600
64.91700
64.91800
64.91900
64.92000
64.92000
64.92000
64.92200
64.92200
64.92400
64.92500
64.92500
64.92600
64.92600
64.92800
64.93000
64.93000
64.93000
64.93100
64.93200
64.93300
64.93500
64.93600
64.93800
64.93900
64.94200
64.94400
64.94300
64.94400
64.94300
64.94300
64.94300
64.94400
64.94600
64.94500
64.94600
64.94700
64.94700
64.95100
64.95200
64.95200
64.95200
64.95400
64.95500
64.95600
64.95800
64.95900
64.96000
64.95900
64.96100
64.96200
64.96200
64.96400
64.96400
64.96500
64.96700
64.96800
64.97000
64.97000
64.97100
64.97100
64.97100
64.97200
64.97400
64.97500
64.97500
64.97800
64.97800
64.98100
64.98200
64.98200
64.98300
64.98400
64.98500
64.98500
65.19444
65.19667
65.19889
65.19889
65.20111
65.20222
65.20444
65.20444
65.20556
65.20889
65.21000
65.21000
65.21000
65.21222
65.21222
65.21222
65.21222
65.21667
65.21889
65.21889
65.22111
65.22111
65.22222
65.22222
65.22333
65.22444
65.22667
65.22778
65.22889
65.22889
65.23000
65.23222
65.23222
65.23444
65.23444
65.23778
65.23889
65.24000
65.24111
65.24222
65.24222
65.24778
65.24778
65.24778
65.24778
65.25000
65.25111
65.25111
65.25222
65.25444
64.58250
63.96286
63.96429
63.96571
63.96714
63.96857
63.96857
63.97000
63.97143
63.97286
63.97429
63.97571
63.97714
63.97857
63.97857
63.98000
63.98000
63.98143
63.98286
63.98286
63.98286
63.98286
63.98429
63.98571
63.98857
63.98857
63.99286
63.99429
63.99571
63.99714
63.99714
64.00000
64.00143
64.00429
64.00429
64.00429
64.00571
64.00571
64.00857
64.01000
64.01143
64.01286
64.01286
64.01429
64.01429
64.01429
64.01571
64.01714
64.01714
64.01857
64.01857
64.02143
64.02429
64.02429
64.02714
64.02714
64.02714
64.02857
64.03000
64.03429
64.03714
64.03714
64.03714
64.03714
64.03714
64.03714
64.03714
64.03857
64.03857
64.04000
64.04286
64.04714
64.04714
64.04857
64.04857
64.04857
64.05000
64.05000
64.05143
64.05286
64.05429
64.05429
64.05714
64.06000
64.06000
64.06000
64.06143
64.06286
64.06714
64.06857
64.06857
64.06857
64.06857
64.07000
64.07000
64.07000
64.07000
64.07143
64.07286
64.07429
64.07714
64.07857
64.07857
64.08000
64.08286
64.08286
64.08286
64.08286
64.08571
64.08714
64.08857
64.08857
64.09143
64.09143
64.09286
64.09429
64.09429
64.09714
64.09714
64.09857
64.09857
64.09857
64.09857
64.10143
64.10571
64.10571
64.10714
64.10714
64.11000
64.11000
63.34167
63.34333
63.34333
63.34500
63.34833
63.35167
63.35167
63.35167
63.35167
63.35333
63.35333
63.35500
63.35667
63.35833
63.35833
63.36167
63.36333
63.36333
63.36333
63.36333
63.36667
63.37333
63.37333
63.37500
63.37500
63.37500
63.37500
63.37500
63.37500
63.37667
63.37833
63.37833
63.37833
63.38167
63.38500
63.38500
63.38667
63.38833
63.39000
63.39000
63.39167
63.39167
63.39167
63.39167
63.39333
63.39500
63.39667
63.40000
63.40333
63.40333
63.40333
63.40667
63.40667
63.40833
63.40833
63.41000
63.41000
63.41167
63.41333
63.41500
63.41667
63.41833
63.42000
63.42167
63.42167
63.42167
63.42167
63.42167
63.42167
63.42500
63.42667
63.42833
63.42833
63.43167
63.43167
63.43167
63.43333
63.43500
63.44000
63.44000
63.44000
63.44000
63.44000
63.44500
63.44500
63.44500
63.44500
63.44500
63.44667
63.44833
63.44833
63.45167
63.45167
63.45333
63.45500
63.46000
63.46333
63.46333
63.46333
63.46333
63.46333
63.46333
63.46500
63.46500
63.46667
63.47000
63.47167
63.47167
63.47333
63.47333
63.47500
63.47667
63.47833
63.48000
63.48333
63.48500
63.48500
63.48500
63.48500
63.48667
63.48667
63.48667
63.48833
63.48833
63.48833
63.49000
63.49500
63.49500
63.49500
63.49833
63.49833
63.50000
63.50167
63.50333
63.50500
63.50500
63.50500
63.50500
63.50500
63.50667
63.50833
63.51000
63.51000
63.51000
63.51000
63.51000
63.51000
63.51167
63.51333
63.51667
63.52000
63.52167
63.52167
63.52333
63.52333
63.52667
63.52667
63.52667
63.52833
63.52833
63.53000
63.53000
63.53000
63.53333
63.53500
63.53500
63.53667
63.54000
63.54000
63.54000
63.54000
63.54167
63.54333
63.54333
63.54333
63.54333
63.54500
63.54667
63.54667
63.54833
63.54833
63.54833
63.55167
63.55333
63.55500
63.55500
63.55500
63.55500
63.55667
63.55833
63.56000
63.56167
63.56167
63.56167
63.56500
63.56500
63.56667
63.56667
63.56833
63.57167
63.57167
63.25600
63.25600
63.25600
63.25600
63.25600
63.25800
63.26000
63.26200
63.26200
63.26200
63.26200
63.26200
63.26400
62.00750
62.00750
62.01250
62.01250
62.01250
62.01500
62.01500
62.01500
62.01750
62.01750
62.01750
62.01750
62.01750
62.02000
62.02000
62.02000
62.02250
62.02750
62.02750
62.02750
62.03000
62.03000
62.03000
62.03500
62.03500
62.03500
62.03500
62.03500
62.03750
62.04000
62.04000
62.04250
62.04250
62.04250
62.04250
62.04750
62.04750
62.05000
62.05000
62.05250
62.05500
62.05500
62.05500
62.05500
62.05750
62.05750
62.05750
62.05750
62.05750
62.06000
62.06000
62.06000
62.06250
62.06500
62.06750
62.06750
62.06750
62.06750
62.07000
62.07250
62.07500
62.07500
62.07750
62.08000
62.08250
62.08250
62.08250
62.08250
62.08500
62.08500
62.08500
62.08750
62.09250
62.09250
62.09250
62.09250
62.10000
62.10000
62.10000
62.10000
62.10250
62.10250
62.10250
62.10500
62.10750
62.11250
62.11250
62.11250
62.11500
62.11500
62.11750
62.11750
62.11750
62.12000
62.12500
62.12500
62.12500
62.12500
62.12500
62.12750
62.12750
62.12750
62.13250
62.13500
62.13500
62.13500
62.13750
62.13750
62.13750
62.14000
62.14000
62.14000
62.14250
62.14250
62.14250
62.14750
62.14750
62.15000
62.15250
62.15250
62.15500
62.15750
62.16250
62.16250
62.16250
62.16250
62.16250
62.16250
62.16250
62.16250
62.16250
62.16500
62.16500
62.17000
62.17250
62.17500
62.17750
62.17750
62.18000
62.18250
62.18250
62.18500
62.18500
62.18750
62.19000
62.19250
62.19250
62.19250
62.19500
62.19500
62.19750
62.20000
62.20000
62.20000
62.20000
62.20000
62.20250
62.20750
62.21000
62.21000
62.21250
62.21250
61.61667
61.61667
61.61667
61.61667
61.62333
61.62667
61.63000
61.63000
61.63000
61.63000
61.63000
61.63000
61.63667
61.63667
61.63667
61.64000
61.64000
61.64333
61.64667
61.64667
61.64667
61.64667
61.64667
61.64667
61.64667
61.65000
61.65333
61.65333
61.65667
61.65667
62.59000
62.59500
62.59500
62.59500
62.59500
62.59500
62.59500
62.59500
62.59500
62.60000
62.60000
62.60000
62.60500
62.60500
62.60500
62.60500
62.61000
62.61000
62.61000
62.61000
62.61000
62.61000
62.61000
62.61000
62.61000
62.61500
62.61500
62.62000
62.62000
62.62000
62.62000
62.62500
62.62500
62.62500
62.62500
62.63000
62.63000
62.63000
62.63000
62.63000
62.63500
62.63500
62.63500
62.63500
62.63500
62.63500
62.63500
62.63500
62.64000
62.64000
62.64000
62.64500
62.64500
62.64500
62.64500
62.64500
62.64500
62.65000
62.65000
62.65000
62.65000
62.65500
62.66000
62.66500
62.66500
62.66500
62.66500
62.66500
62.66500
62.66500
62.67000
62.67000
62.67000
62.67000
62.67000
62.67000
62.67000
62.67000
62.67000
62.67500
62.68000
62.68000
62.68000
62.68500
62.69000
62.69000
62.69000
62.69000
62.69000
62.69000
62.69000
62.69000
62.69000
62.69000
62.69500
62.69500
62.69500
62.70000
62.70000
62.70000
62.70500
62.70500
62.70500
62.70500
62.70500
62.71000
62.71000
62.71000
62.71000
62.71500
62.71500
62.71500
62.71500
62.71500
62.71500
62.71500
62.71500
62.71500
62.72000
62.72000
62.72500
62.73000
62.73000
62.73000
62.73000
62.73000
62.73000
62.73500
62.73500
62.73500
62.74000
62.74000
62.74000
62.74000
62.74000
62.74500
62.74500
62.74500
62.74500
62.74500
62.74500
62.74500
62.75000
62.75000
62.75000
62.75000
62.75500
62.75500
62.76500
62.76500
56.82000
56.82000
56.82000
56.82000
56.82000
56.82000
56.82000
56.83000
56.83000
