0.00000
0.00000
0.00000
0.00000
0.00000
0.00000
0.00000
0.00000
0.00000
0.00000
0.00000
0.00000
0.00000
0.00000
0.00000
0.00000
0.00000
0.00000
3.40000
8.80000
10.25000
10.35000
13.53300
13.53300
13.56600
13.49100
13.52600
15.32600
15.34100
15.39100
15.54100
15.54100
15.90800
15.74100
16.07400
20.37200
21.85700
21.72800
21.68800
21.71500
22.27000
22.80500
23.33300
23.36300
23.74400
24.15800
25.17400
25.47100
25.25200
25.53400
26.06000
26.42000
26.34400
26.73800
27.27100
27.52300
27.64700
27.98900
28.23300
28.49800
28.83000
28.88900
28.68400
28.67100
28.62900
28.75500
28.90800
29.22200
29.31500
29.47300
29.67000
29.52100
29.49100
29.60400
29.66200
29.77400
29.74800
29.72000
29.76400
29.95400
30.07200
30.08400
30.06200
30.03100
30.21700
30.13900
30.01400
30.05600
30.08000
30.04100
29.99600
29.97700
30.07200
30.16900
30.22300
30.21200
30.32500
30.42700
30.54100
30.65600
30.64400
30.65200
30.74400
30.80500
30.82400
30.88900
30.91400
30.95700
30.97000
30.96900
30.94400
30.91600
30.96400
30.96300
31.00000
31.01600
31.04500
31.09600
31.21500
31.17200
31.13400
31.09100
31.07500
31.07300
31.11700
31.11600
31.16700
31.21900
31.27300
31.27000
31.30700
31.35300
31.44900
31.42700
31.46700
31.40400
31.43700
31.46700
31.49200
31.53600
31.56400
31.57500
31.66700
31.66400
31.62700
31.61200
31.62600
31.65900
31.71800
31.73000
31.71100
31.78500
31.83600
31.82400
31.79900
31.80800
31.78800
31.78200
31.80500
31.82100
31.79700
31.77700
31.73200
31.70600
31.71700
31.76200
31.72100
31.66800
31.61900
31.59800
31.63200
31.66100
31.73500
31.72500
31.73300
31.76700
31.71700
31.71400
31.73300
31.66300
31.67600
31.70800
31.69700
31.73800
31.75800
31.77000
31.77000
31.73900
31.74100
31.75400
31.74600
31.71800
31.76000
31.77400
31.75300
31.76900
31.78300
31.76800
31.77100
31.76800
31.79400
31.83800
31.80400
31.81200
31.81600
31.83000
31.83900
31.79700
31.81800
31.81800
31.82900
31.85100
31.85900
31.86200
31.90600
31.93500
31.91200
31.90300
31.91300
31.87600
31.87700
31.86900
31.85800
31.86600
31.86600
31.84100
31.84100
31.85300
31.81000
31.82800
31.81800
31.83700
31.85100
31.86200
31.86000
31.87300
31.87800
31.87900
31.87400
31.87600
31.88200
31.87700
31.87400
31.87200
31.85600
31.86700
31.85100
31.84700
31.84000
31.80800
31.80900
31.82300
31.82400
31.80900
31.81200
31.80600
31.81200
31.81700
31.81000
31.80300
31.83400
31.83400
31.81800
31.79300
31.77100
31.76700
31.72700
31.71000
31.71200
31.72100
31.69400
31.69100
31.69300
31.67700
31.68200
31.70400
31.72400
31.73200
31.75800
31.75100
31.77300
31.77800
31.76200
31.77100
31.74900
31.77000
31.78000
31.78000
31.76500
31.75600
31.74600
31.74400
31.74800
31.73400
31.71300
31.71800
31.72700
31.72100
31.68900
31.72900
31.72800
31.76400
31.76500
31.76800
31.76700
31.77200
31.77800
31.77600
31.75600
31.73100
31.74900
31.73800
31.69400
31.70800
31.71500
31.74100
31.74600
31.76600
31.76100
31.77800
31.76100
31.76900
31.77100
31.76200
31.77200
31.77600
31.75900
31.76900
31.77100
31.76800
31.76800
31.77900
31.76600
31.74200
31.74000
31.74100
31.76200
31.75800
31.77100
31.78500
31.79500
31.81500
31.80600
31.82200
31.83200
31.80200
31.82200
31.82600
31.84800
31.89200
31.89000
31.88400
31.90300
31.89800
31.88700
31.91400
31.91600
31.90200
31.91100
31.91900
31.94600
31.93800
31.94600
31.94500
31.93600
31.94500
31.92800
31.91300
31.92600
31.94300
31.94000
31.94900
31.92900
31.91900
31.94000
31.93000
31.94300
31.94400
31.93600
31.93600
31.93600
31.93600
31.91500
31.93200
31.93900
31.92700
31.92700
31.92700
31.91700
31.91000
31.93100
31.92400
31.94100
31.93000
31.92000
31.91400
31.92700
31.90600
31.90200
31.89100
31.90600
31.90600
31.91500
31.92900
31.93000
31.93300
31.94200
31.95200
31.93200
31.91900
31.92200
31.92100
31.91100
31.89900
31.90500
31.89400
31.89200
31.89500
31.90300
31.90300
31.90100
31.89500
31.91100
31.90400
31.89500
31.91100
31.89000
31.88600
31.90400
31.90200
31.91400
31.92500
31.92300
31.92100
31.92300
31.95300
31.96200
31.96500
31.96300
31.99000
32.01100
32.00900
31.99600
31.99500
31.99000
31.99100
31.99100
31.99700
31.99800
32.02000
32.02300
32.01600
32.04000
32.03400
32.02600
32.02500
32.01900
32.01700
32.04100
32.03200
32.03400
32.03500
32.03200
32.04800
32.03600
32.03800
32.03700
32.05000
32.04300
32.04400
32.03800
32.03600
32.02300
32.03700
32.01800
32.01800
32.02400
32.02100
32.02700
32.02400
32.02500
32.01300
32.02100
32.02000
32.01700
32.01500
32.02000
32.02000
32.02900
32.02800
32.02400
32.03700
32.03400
32.02300
32.04100
32.04100
32.02500
32.04000
32.06100
32.05500
32.05100
32.04600
32.03500
32.06700
32.07400
32.07900
32.08400
32.08300
32.10500
32.09800
32.09700
32.10200
32.10800
32.10500
32.11700
32.13500
32.14200
32.15200
32.15700
32.15700
32.16400
32.17200
32.17400
32.17900
32.18700
32.18400
32.19300
32.19800
32.19900
32.19400
32.19400
32.18500
32.20300
32.20600
32.19700
32.20700
32.20900
32.20400
32.20600
32.22600
32.21500
32.20900
32.22200
32.23000
32.23400
32.23000
32.22700
32.22900
32.21900
32.21200
32.21800
32.22500
32.22000
32.22800
32.23000
32.22000
32.22200
32.21900
32.21400
32.20800
32.21000
32.20500
32.20900
32.20700
32.19800
32.19100
32.18500
32.18500
32.18100
32.18400
32.17200
32.17100
32.17700
32.18900
32.18500
32.18200
32.18900
32.19200
32.19600
32.21300
32.21000
32.21000
32.21600
32.21400
32.21700
32.21600
32.22200
32.20900
32.20700
32.20200
32.20200
32.20100
32.19600
32.19300
32.18300
32.18000
32.18100
32.18100
32.17700
32.17900
32.17200
32.16000
32.16700
32.17400
32.17700
32.19500
32.18900
32.18900
32.18300
32.19300
32.18200
32.17400
32.17700
32.17300
32.17100
32.18000
32.16700
32.16400
32.16800
32.16700
32.17000
32.16200
32.15500
32.15900
32.16100
32.16000
32.16300
32.17300
32.16900
32.17600
32.17400
32.17000
32.18300
32.18400
32.19200
32.20100
32.21100
32.20700
32.20900
32.20100
32.19200
32.17500
32.17000
32.16600
32.17400
32.18100
32.17700
32.18600
32.18900
32.18300
32.19000
32.20000
32.19400
32.19100
32.20200
32.20600
32.21100
32.21100
32.21400
32.21400
32.21900
32.22500
32.21700
32.23100
32.23600
32.23600
32.24400
32.24200
32.24200
32.23800
32.23300
32.23000
32.23200
32.23000
32.23300
32.23800
32.25100
32.24800
32.25100
32.25100
32.24800
32.25000
32.25600
32.26500
32.26900
32.27200
32.27200
32.28000
32.28600
32.28500
32.28400
32.28000
32.27900
32.28500
32.29100
32.29300
32.28500
32.28700
32.29300
32.29800
32.29500
32.29400
32.30000
32.29900
32.29700
32.29400
32.29200
32.29800
32.29300
32.29500
32.30500
32.31700
32.32000
32.32700
32.32000
32.31300
32.31600
32.31300
32.31100
32.30400
32.31400
32.32100
32.32300
32.33300
32.33100
32.32300
32.32500
32.31700
32.32100
32.32500
32.32100
32.32000
32.31300
32.30600
32.29900
32.31100
32.31500
32.31600
32.31100
32.31500
32.31200
32.30800
32.30600
32.30300
32.30500
32.30700
32.30600
32.29700
32.30100
32.29600
32.29700
32.29700
32.30700
32.30000
32.29900
32.29800
32.29200
32.29400
32.29500
32.28700
32.28000
32.28300
32.29200
32.29300
32.29400
32.28900
32.28800
32.28600
32.28100
32.27200
32.28700
32.29700
32.30500
32.30300
32.29800
32.29900
32.29900
32.30000
32.30200
32.29700
32.29700
32.29400
32.29600
32.30300
32.30700
32.30100
32.31000
32.31500
32.32200
32.31000
32.31900
32.31800
32.31900
32.31800
32.32000
32.32300
32.32300
32.33500
32.33600
32.33700
32.34200
32.34300
32.34400
32.34300
32.34500
32.34900
32.34600
32.34900
32.34800
32.34400
32.34000
32.34500
32.35000
32.34800
32.35500
32.35400
32.35400
32.35600
32.35700
32.34900
32.34700
32.34600
32.34900
32.34700
32.36300
32.35900
32.35600
32.35000
32.36100
32.36100
32.36200
32.36800
32.37200
32.37700
32.37300
32.36700
32.37400
32.37300
32.37600
32.37600
32.37900
32.37400
32.37600
32.37300
32.38300
32.38000
32.37800
32.37500
32.37500
32.37600
32.37300
32.37700
32.37800
32.37200
32.37700
32.39200
32.39400
32.39100
32.38600
32.38700
32.38600
32.38600
32.40200
32.40300
32.40700
32.41000
32.41400
32.40800
32.41200
32.41700
32.41700
32.42100
32.42600
32.42500
32.41800
32.41400
32.41600
32.42800
32.42500
32.42800
32.43700
32.43500
32.43600
32.43100
32.42600
32.42200
32.42000
32.41500
32.41200
32.41300
32.40800
32.39800
32.39700
32.39900
32.39200
32.39000
32.39700
32.39800
32.40100
32.39700
32.40700
32.40700
32.40300
32.39200
32.39400
32.39600
32.39700
32.40600
32.40500
32.39800
32.40000
32.39900
32.40300
32.41100
32.42100
32.40700
32.40600
32.40500
32.39100
32.39500
32.40100
32.40100
32.40700
32.40700
32.40800
32.41600
32.42300
32.42200
32.41900
32.42100
32.42000
32.43000
32.43400
32.43600
32.44100
32.44800
32.44900
32.45100
32.45400
32.45500
32.45500
32.45600
32.45700
32.45800
32.45800
32.46000
32.45200
32.45300
32.45600
32.46300
32.46300
32.47200
32.46900
32.47600
32.48400
32.49300
32.49400
32.48800
32.49700
32.51800
32.51900
32.51600
32.52700
32.52800
32.53100
32.53400
32.52800
32.54100
32.54400
32.53900
32.53700
32.54100
32.53500
32.54600
32.54100
32.53900
32.53100
32.53500
32.54000
32.53500
32.53700
32.54000
32.53600
32.54500
32.54500
32.54500
32.54800
32.53900
32.54200
32.54100
32.54300
32.54200
32.54300
32.54400
32.54700
32.54700
32.54200
32.54300
32.53900
32.53700
32.54100
32.54600
32.55000
32.55200
32.55300
32.55400
32.55700
32.55500
32.55400
32.55800
32.55000
32.54600
32.54600
32.54100
32.54400
32.54200
32.54300
32.54200
32.54000
32.53900
32.53600
32.54100
32.54600
32.55000
32.54700
32.54900
32.56000
32.56200
32.55800
32.55800
32.55500
32.55600
32.55500
32.56100
32.56300
32.56600
32.56200
32.55800
32.55600
32.55500
32.55300
32.55200
32.54700
32.54900
32.55700
32.55700
32.56000
32.56300
32.56000
32.55400
32.55700
32.55600
32.56300
32.55900
32.56100
32.56100
32.57000
32.57200
32.57100
32.57800
32.59100
32.58900
32.59000
32.59600
32.60600
32.60600
32.61100
32.60900
32.61400
32.62200
32.62800
32.62600
32.63300
32.63600
32.63500
32.63700
32.64000
32.64600
32.64300
32.64100
32.63800
32.63600
32.64000
32.64400
32.64300
32.64300
32.64000
32.63300
32.62700
32.62800
32.62200
32.62700
32.63700
32.64000
32.64400
32.64200
32.64000
32.63800
32.63400
32.63400
32.63600
32.64100
32.64100
32.65500
32.65500
32.65300
32.65600
32.65300
32.65300
32.65500
32.65500
32.65400
32.65600
32.65700
32.65500
32.67300
32.67300
32.67200
32.66900
32.66800
32.66100
32.65500
32.65200
32.65400
32.65400
32.66100
32.65900
32.66200
32.66400
32.67200
32.67700
32.68000
32.68700
32.69200
32.69900
32.70100
32.70600
32.71400
32.71500
32.71700
32.71800
32.71700
32.72100
32.72400
32.72300
32.72500
32.73700
32.73700
32.73700
32.72800
32.73000
32.72600
32.72700
32.72600
32.72500
32.72500
32.72500
32.72700
32.72900
32.72700
32.72800
32.72900
32.73000
32.72900
32.73100
32.73000
32.73200
32.73000
32.73200
32.72800
32.72800
32.72200
32.72100
32.71900
32.71900
32.71900
32.71100
32.71000
32.71600
32.71800
32.71400
32.70700
32.70300
32.70800
32.70700
32.70800
32.70300
32.70400
32.70700
32.70800
32.71400
32.71100
32.70800
32.70200
32.70500
32.70400
32.70300
32.70200
32.70200
32.70400
32.70800
32.70600
32.71000
32.71200
32.71000
32.70900
32.70700
32.70600
32.71200
32.71100
32.71900
32.72100
32.72700
32.72400
32.72600
32.72300
32.72000
32.73000
32.73000
32.73300
32.73500
32.73200
32.73600
32.74200
32.74300
32.74000
32.74300
32.74500
32.74500
32.74200
32.74000
32.74700
32.74900
32.75400
32.75800
32.75700
32.75400
32.76200
32.76000
32.75600
32.75800
32.75400
32.75300
32.75400
32.75700
32.75800
32.75200
32.75900
32.75400
32.75100
32.74800
32.75300
32.74800
32.75500
32.75600
32.74800
32.75000
32.75100
32.74600
32.74500
32.74700
32.74400
32.75000
32.75000
32.75100
32.75000
32.75300
32.75700
32.75800
32.75200
32.74800
32.74700
32.74300
32.74900
32.74900
32.75600
32.75900
32.75600
32.75500
32.75400
32.75700
32.75400
32.75900
32.75500
32.75100
32.74900
32.75000
32.75200
32.74900
32.75100
32.75400
32.75200
32.75700
32.75700
32.75700
32.75500
32.75600
32.74700
32.74800
32.75100
32.75100
32.75100
32.75000
32.75200
32.75300
32.75100
32.74900
32.75000
32.75100
32.74900
32.75000
32.75500
32.75100
32.75700
32.76000
32.76300
32.76100
32.76100
32.76700
32.77000
32.76300
32.75600
32.75700
32.75800
32.75100
32.75500
32.75300
32.75100
32.75400
32.75300
32.75800
32.75200
32.75100
32.75400
32.75400
32.75100
32.75300
32.75200
32.75500
32.75200
32.74700
32.75200
32.75200
32.75100
32.75000
32.74900
32.74700
32.74900
32.75300
32.75300
32.75300
32.75100
32.74800
32.75200
32.75900
32.75800
32.75700
32.75900
32.75900
32.75700
32.75800
32.75800
32.76100
32.76000
32.76300
32.76500
32.76600
32.76300
32.76800
32.77000
32.76900
32.77200
32.77600
32.77300
32.77200
32.77600
32.77700
32.78000
32.77600
32.78200
32.77800
32.77900
32.77800
32.77400
32.77300
32.76800
32.77500
32.77700
32.77700
32.77100
32.77600
32.77800
32.78300
32.78400
32.77800
32.78300
32.78900
32.78500
32.78400
32.78400
32.78200
32.78500
32.78500
32.78300
32.78500
32.78300
32.78100
32.78200
32.78700
32.78400
32.78100
32.78000
32.78300
32.78100
32.77700
32.77500
32.77600
32.77800
32.77600
32.78000
32.78200
32.78600
32.78700
32.79000
32.78600
32.78600
32.78800
32.78600
32.78900
32.79000
32.79300
32.79500
32.79300
32.79200
32.79400
32.79100
32.78800
32.78900
32.79000
32.78900
32.78700
32.78800
32.78600
32.78300
32.78200
32.78300
32.77800
32.78100
32.77900
32.77900
32.78200
32.78500
32.78300
32.77800
32.78000
32.78200
32.78300
32.78200
32.78200
32.78300
32.78300
32.78000
32.77100
32.77500
32.77700
32.76800
32.77000
32.77200
32.76500
32.76700
32.76700
32.77300
32.77300
32.77400
32.77100
32.76900
32.76200
32.76700
32.76100
32.75500
32.76100
32.75800
32.75700
32.75800
32.75800
32.75300
32.75500
32.75300
32.75400
32.75200
32.75100
32.74600
32.74700
32.74500
32.74300
32.73900
32.73700
32.73900
32.73800
32.73900
32.74400
32.74400
32.74500
32.74400
32.73800
32.73700
32.73500
32.73600
32.73800
32.73100
32.73000
32.73000
32.72800
32.72500
32.72900
32.73100
32.73000
32.73100
32.72800
32.72800
32.72900
32.72800
32.72800
32.72900
32.72800
32.72500
32.73500
32.74000
32.74200
32.74200
32.73800
32.73800
32.73900
32.73900
32.74200
32.74100
32.74000
32.74400
32.74000
32.74000
32.73500
32.73400
32.72500
32.72600
32.72400
32.72100
32.72200
32.72300
32.72200
32.71800
32.72000
32.72200
32.72200
32.71900
32.71700
32.72000
32.71700
32.71500
32.71400
32.71100
32.71100
32.71100
32.71200
32.71100
32.71300
32.71200
32.71300
32.71000
32.71000
32.71000
32.71100
32.71100
32.71000
32.71200
32.71500
32.71100
32.71000
32.70800
32.70600
32.70600
32.70700
32.70600
32.70700
32.70800
32.70700
32.70700
32.70700
32.70700
32.70900
32.70300
32.70000
32.70000
32.70200
32.69800
32.69700
32.69900
32.70200
32.70200
32.70300
32.70300
32.70400
32.70600
32.70100
32.70100
32.70300
32.69900
32.69800
32.69900
32.69700
32.69500
32.69100
32.69200
32.69500
32.69600
32.69300
32.69100
32.69100
32.69600
32.69600
32.69800
32.69700
32.69200
32.69100
32.69300
32.69100
32.68600
32.68900
32.68900
32.68800
32.69100
32.69200
32.69400
32.69100
32.68800
32.68700
32.69100
32.69200
32.69300
32.68900
32.69000
32.69000
32.69100
32.68800
32.69100
32.69000
32.69100
32.69100
32.68600
32.68900
32.68900
32.68800
32.68800
32.68900
32.69300
32.69300
32.69500
32.69300
32.69200
32.69100
32.69500
32.69300
32.69000
32.69000
32.68900
32.69000
32.68600
32.68200
32.67800
32.67400
32.67600
32.67700
32.67200
32.66800
32.66700
32.67200
32.66300
32.66500
32.66500
32.65800
32.65800
32.66000
32.66300
32.66400
32.66500
32.66400
32.65800
32.65500
32.65600
32.65900
32.65800
32.65700
32.65700
32.66200
32.66000
32.66200
32.66200
32.66100
32.66000
32.66300
32.65500
32.65500
32.65400
32.65300
32.65200
32.65000
32.65200
32.65400
32.65100
32.65400
32.65600
32.65700
32.65800
32.65300
32.65200
32.65400
32.65600
32.65500
32.65300
32.65600
32.65600
32.65600
32.65600
32.65900
32.65800
32.65700
32.66000
32.66300
32.65800
32.65700
32.65800
32.65900
32.66000
32.65900
32.65300
32.65400
32.65200
32.65300
32.65100
32.65000
32.65300
32.64900
32.64700
32.64600
32.64400
32.64100
32.64000
32.63700
32.63200
32.63300
32.63300
32.62700
32.62600
32.62800
32.62900
32.63100
32.63000
32.63000
32.62900
32.62900
32.63200
32.63100
32.63000
32.62700
32.62800
32.62400
32.62000
32.61900
32.61800
32.61500
32.61300
32.61500
32.61500
32.61600
32.61600
32.61800
32.61600
32.61500
32.61100
32.61100
32.61600
32.61600
32.61800
32.61600
32.61300
32.61500
32.61400
32.61300
32.61300
32.61200
32.61000
32.61000
32.61200
32.61300
32.61200
32.61400
32.61400
32.61800
32.61700
32.61900
32.62100
32.61900
32.61900
32.62100
32.61600
32.61400
32.61200
32.61400
32.61400
32.61400
32.61300
32.60900
32.60900
32.60800
32.61100
32.60600
32.60700
32.60600
32.60800
32.60800
32.61100
32.61600
32.61600
32.61700
32.61500
32.61700
32.61700
32.61800
32.61600
32.61800
32.61900
32.61900
32.62100
32.62200
32.62100
32.62000
32.62100
32.62200
32.61900
32.61800
32.61900
32.61800
32.61800
32.61800
32.61500
32.61700
32.61800
32.61700
32.61900
32.62000
32.61600
32.61400
32.61600
32.61500
32.61600
32.61500
32.61700
32.61700
32.61400
32.61900
32.61800
32.61600
32.61600
32.61600
32.61700
32.61800
32.62200
32.62200
32.62200
32.62200
32.61900
32.62000
32.62300
32.62000
32.62000
32.61900
32.62200
32.62100
32.62000
32.61800
32.61600
32.61600
32.61800
32.61800
32.62500
32.62200
32.62100
32.61900
32.61500
32.61500
32.61900
32.62000
32.62500
32.62000
32.62200
32.62300
32.62100
32.62000
32.62200
32.62700
32.62500
32.62500
32.62300
32.62200
32.62200
32.62100
32.62300
32.62100
32.62500
32.62600
32.62600
32.62800
32.62800
32.63300
32.63500
32.63500
32.63300
32.63400
32.62800
32.63000
32.63400
32.63800
32.63800
32.63900
32.64200
32.63900
32.63900
32.64000
32.63700
32.63900
32.64100
32.64300
32.63500
32.63700
32.63700
32.63900
32.63700
32.63700
32.63800
32.63800
32.64300
32.64500
32.64700
32.64700
32.64900
32.64700
32.64500
32.64200
32.64100
32.64300
32.63700
32.63800
32.64200
32.64500
32.65000
32.65000
32.65000
32.65100
32.65300
32.65500
32.65500
32.65500
32.65800
32.65200
32.65300
32.65200
32.65800
32.65800
32.65700
32.65900
32.66000
32.65600
32.65600
32.65900
32.66000
32.66400
32.66000
32.65800
32.65700
32.65600
32.65600
32.65700
32.65600
32.65600
32.65900
32.65800
32.65900
32.65900
32.65600
32.65400
32.65400
32.65500
32.65300
32.65400
32.65400
32.65100
32.64900
32.64900
32.64900
32.64800
32.64300
32.64300
32.64500
32.64400
32.64300
32.64500
32.64100
32.64100
32.64100
32.63900
32.63900
32.63700
32.63700
32.63600
32.63600
32.63000
32.62600
32.62600
32.62400
32.62200
32.62200
32.62100
32.62200
32.62400
32.62200
32.62000
32.61900
32.62100
32.61800
32.61500
32.61300
32.61300
32.61100
32.61300
32.61300
32.61500
32.62000
32.61800
32.61900
32.62200
32.62200
32.62400
32.62100
32.62100
32.61800
32.61600
32.61600
32.61800
32.61500
32.61400
32.61400
32.61600
32.61500
32.61700
32.61600
32.61600
32.61500
32.61600
32.61600
32.61900
32.61900
32.62000
32.61900
32.61400
32.61500
32.61400
32.61600
32.61700
32.61900
32.61900
32.61800
32.61600
32.61600
32.61400
32.61700
32.61800
32.61800
32.61700
32.61700
32.61500
32.61400
32.61700
32.61300
32.60900
32.60700
32.60600
32.60500
32.60800
32.60800
32.60500
32.60400
32.60500
32.60400
32.61200
32.61100
32.61200
32.61000
32.60900
32.60900
32.61100
32.60300
32.60300
32.60100
32.60200
32.59800
32.60200
32.59800
32.59300
32.59100
32.59200
32.59100
32.59200
32.59100
32.59000
32.59100
32.59100
32.59000
32.58900
32.58900
32.58900
32.58400
32.58400
32.58300
32.58400
32.58200
32.58300
32.58000
32.57600
32.57800
32.58100
32.58000
32.57800
32.57500
32.57300
32.57600
32.57800
32.57900
32.57900
32.57800
32.57900
32.58100
32.58100
32.58300
32.58100
32.58000
32.58000
32.58200
32.58300
32.58100
32.58100
32.57700
32.57700
32.58100
32.58300
32.58000
32.57800
32.57400
32.57200
32.57000
32.56900
32.57000
32.56900
32.56400
32.56300
32.56100
32.56600
32.56600
32.56700
32.56700
32.56800
32.56900
32.57200
32.57100
32.56900
32.56800
32.56800
32.56800
32.56700
32.56800
32.56500
32.56200
32.56200
32.56100
32.56100
32.55900
32.55900
32.55900
32.56100
32.56200
32.56300
32.56500
32.56500
32.56600
32.56900
32.57000
32.57000
32.56500
32.56300
32.56200
32.56100
32.55900
32.55600
32.55800
32.55600
32.55600
32.55500
32.55500
32.55400
32.55500
32.55400
32.55400
32.55800
32.55700
32.55800
32.55100
32.55200
32.55300
32.55500
32.55100
32.55100
32.55200
32.55300
32.55500
32.55500
32.55700
32.55800
32.55700
32.55800
32.55800
32.55600
32.55700
32.55600
32.55600
32.55300
32.55200
32.55400
32.55100
32.55400
32.55600
32.55400
32.55600
32.55400
32.55300
32.55400
32.55600
32.55600
32.55300
32.55200
32.55200
32.55000
32.55200
32.54900
32.54900
32.54800
32.54800
32.55000
32.55000
32.54900
32.54900
32.55000
32.54900
32.54900
32.54900
32.55000
32.54800
32.55100
32.55000
32.55200
32.55300
32.54800
32.54500
32.54400
32.54400
32.54300
32.54400
32.54100
32.53800
32.53800
32.53700
32.53600
32.54000
32.54000
32.54000
32.54400
32.54200
32.54100
32.54700
32.54300
32.54400
32.54500
32.54500
32.54500
32.54200
32.54300
32.54300
32.54500
32.54600
32.54600
32.54500
32.54800
32.54700
32.54900
32.55000
32.54900
32.54800
32.54900
32.55200
32.55200
32.55200
32.55400
32.55400
32.55600
32.55700
32.55900
32.56000
32.56100
32.56500
32.56600
32.56500
32.56600
32.56500
32.56600
32.56300
32.56300
32.56500
32.56300
32.56600
32.56600
32.56600
32.56400
32.56500
32.56500
32.56700
32.57000
32.57300
32.56900
32.57100
32.57600
32.57500
32.57900
32.57800
32.57900
32.57800
32.58000
32.58100
32.58000
32.58000
32.57700
32.57900
32.58200
32.58000
32.57800
32.57600
32.57600
32.57600
32.57700
32.58000
32.58100
32.57900
32.58000
32.57900
32.58000
32.58000
32.58200
32.58700
32.58700
32.58600
32.58300
32.58300
32.58400
32.58700
32.58600
32.58300
32.58600
32.58700
32.59000
32.58900
32.59100
32.59100
32.59000
32.59000
32.59200
32.59100
32.59000
32.59100
32.59200
32.58900
32.59200
32.59000
32.58900
32.58900
32.59000
32.58900
32.59200
32.59100
32.59100
32.59000
32.59000
32.59100
32.59100
32.58700
32.58600
32.58900
32.59000
32.59100
32.59300
32.59300
32.59200
32.59400
32.59200
32.58700
32.58800
32.58900
32.58700
32.58400
32.58600
32.58600
32.58700
32.58900
32.58900
32.59100
32.59100
32.59300
32.59500
32.59600
32.59700
32.59500
32.59100
32.59400
32.59400
32.59500
32.59800
32.59900
32.60000
32.60100
32.59900
32.59900
32.59900
32.59900
32.59600
32.59800
32.59600
32.59500
32.59200
32.59400
32.59400
32.59700
32.59800
32.59700
32.59400
32.59500
32.59900
32.59900
32.59900
32.60000
32.60100
32.60400
32.60300
32.60300
32.60500
32.60700
32.60800
32.61000
32.61200
32.61300
32.61200
32.61700
32.61600
32.61600
32.61400
32.61400
32.61300
32.61500
32.61600
32.61400
32.61300
32.61200
32.61100
32.61000
32.60800
32.61100
32.61400
32.61300
32.61300
32.61200
32.61100
32.61300
32.61400
32.61100
32.61100
32.61100
32.61100
32.61300
32.61200
32.61000
32.60900
32.61100
32.61200
32.61000
32.60800
32.60800
32.60700
32.60900
32.60800
32.60800
32.61100
32.61200
32.61200
32.61400
32.61300
32.61200
32.61100
32.60800
32.60900
32.61000
32.61100
32.61000
32.61200
32.60800
32.60800
32.60600
32.60200
32.60300
32.60800
32.60800
32.61100
32.61200
32.61200
32.61400
32.61300
32.61400
32.61700
32.61500
32.61800
32.61700
32.61900
32.61600
32.61500
32.61500
32.61300
32.61200
32.61300
32.61600
32.61500
32.61700
32.61700
32.61700
32.61600
32.61800
32.61600
32.61600
32.61400
32.61400
32.61400
32.61500
32.61700
32.61700
32.61900
32.61800
32.61900
32.61700
32.61700
32.61900
32.61900
32.61700
32.61500
32.61600
32.61500
32.61500
32.61500
32.61500
32.61600
32.61600
32.61100
32.61500
32.61900
32.61900
32.61700
32.61900
32.62100
32.62000
32.61800
32.61800
32.61800
32.61800
32.61700
32.61600
32.61400
32.61700
32.62000
32.62100
32.61900
32.61900
32.61900
32.62000
32.62300
32.62300
32.62200
32.62200
32.62100
32.62500
32.62300
32.62600
32.62300
32.62400
32.62200
32.62200
32.62300
32.62600
32.62800
32.62500
32.62500
32.62800
32.62700
32.62500
32.62700
32.62900
32.62800
32.63000
32.63000
32.62900
32.62900
32.62800
32.62700
32.62800
32.62800
32.63000
32.62900
32.62900
32.62900
32.63000
32.62900
32.62900
32.62900
32.63100
32.63100
32.63100
32.63300
32.63000
32.63400
32.63400
32.63500
32.63500
32.63500
32.63300
32.63500
32.63700
32.64000
32.64300
32.64500
32.64500
32.64500
32.64300
32.64400
32.64600
32.64300
32.64600
32.64800
32.64800
32.64800
32.65000
32.65000
32.65100
32.64800
32.64900
32.65100
32.65100
32.65100
32.65100
32.65300
32.65300
32.65500
32.65300
32.65400
32.65500
32.65500
32.65700
32.66000
32.66100
32.66100
32.66100
32.65800
32.65900
32.66100
32.66200
32.66300
32.66200
32.66100
32.65900
32.66000
32.66000
32.66000
32.66300
32.66000
32.66000
32.66000
32.65900
32.65900
32.65600
32.65500
32.65700
32.65700
32.65900
32.65800
32.65800
32.65600
32.65600
32.65700
32.65900
32.65600
32.65400
32.65600
32.65600
32.65800
32.66100
32.66100
32.66000
32.65900
32.65800
32.65700
32.65800
32.65600
32.65600
32.65700
32.65700
32.65700
32.65700
32.65700
32.65500
32.65300
32.65400
32.65400
32.65400
32.65100
32.64900
32.65200
32.65200
32.65200
32.65200
32.65200
32.65400
32.65200
32.64900
32.64800
32.64500
32.64500
32.64500
32.64300
32.64400
32.64300
32.64200
32.64200
32.64100
32.64100
32.63900
32.63600
32.63500
32.63400
32.63400
32.63500
32.63400
32.63500
32.63400
32.63200
32.63200
32.63100
32.63100
32.63000
32.63100
32.63000
32.63100
32.63100
32.62900
32.62800
32.62700
32.62800
32.63000
32.62900
32.63000
32.62900
32.63100
32.63000
32.63000
32.63000
32.62800
32.63200
32.63000
32.62900
32.62900
32.63000
32.63000
32.62700
32.62900
32.62900
32.62700
32.62800
32.62900
32.62800
32.62600
32.62500
32.62800
32.62800
32.63000
32.63200
32.63300
32.63300
32.63500
32.63300
32.63000
32.63400
32.63400
32.63300
32.63100
32.63000
32.63000
32.63000
32.63000
32.63200
32.63400
32.63300
32.63200
32.63100
32.63100
32.63200
32.63300
32.63200
32.62900
32.63000
32.63100
32.63100
32.62800
32.62900
32.63000
32.63000
32.62900
32.62700
32.62700
32.62700
32.62800
32.63100
32.62800
32.62700
32.62800
32.62700
32.62400
32.62700
32.62500
32.62200
32.62200
32.62100
32.61900
32.61800
32.61800
32.61900
32.61700
32.61700
32.62100
32.62000
32.62000
32.61800
32.61500
32.61400
32.61300
32.61300
32.61300
32.61300
32.61100
32.61200
32.61300
32.61300
32.61300
32.61500
32.61300
32.61400
32.61500
32.61100
32.61300
32.61100
32.60800
32.61000
32.61000
32.61200
32.61200
32.61200
32.61000
32.61300
32.61500
32.61400
32.61400
32.61500
32.61500
32.61500
32.61300
32.61300
32.61300
32.61400
32.61500
32.61600
32.61900
32.61700
32.61700
32.61700
32.61800
32.61900
32.62100
32.62000
32.62000
32.61900
32.61800
32.61900
32.61900
32.61800
32.61600
32.61500
32.61600
32.62000
32.62200
32.62300
32.62100
32.62000
32.62000
32.61900
32.61900
32.62100
32.62400
32.62300
32.62100
32.62100
32.62100
32.62000
32.62200
32.62200
32.62100
32.61900
32.62000
32.61800
32.61600
32.61100
32.61200
32.61100
32.61100
32.61200
32.61300
32.61100
32.61300
32.61200
32.61000
32.61200
32.61200
32.61300
32.61400
32.61200
32.61300
32.61100
32.60900
32.61000
32.61300
32.61300
32.61500
32.61300
32.61300
32.61200
32.61100
32.60600
32.60600
32.60500
32.60600
32.60500
32.60400
32.60500
32.60500
32.60400
32.60300
32.60500
32.60400
32.60300
32.60300
32.60200
32.60100
32.60100
32.60300
32.60300
32.60300
32.60200
32.60100
32.60100
32.60300
32.60300
32.60300
32.60300
32.60400
32.60100
32.59900
32.60000
32.60000
32.59900
32.59900
32.59900
32.59800
32.59900
32.59500
32.59600
32.59400
32.59500
32.59600
32.59600
32.59700
32.59600
32.59500
32.59600
32.59400
32.59400
32.59500
32.59400
32.59300
32.59500
32.59500
32.59500
32.59400
32.59300
32.59300
32.59400
32.59300
32.59600
32.59600
32.59700
32.59500
32.59400
32.59600
32.59600
32.59300
32.59300
32.59400
32.59300
32.59300
32.59400
32.59500
32.59500
32.59500
32.59200
32.59200
32.59200
32.58800
32.59000
32.59000
32.58700
32.58700
32.58700
32.58400
32.58100
32.58100
32.58000
32.58000
32.58300
32.58400
32.58400
32.58300
32.58300
32.58300
32.58300
32.58200
32.58000
32.57700
32.57700
32.57800
32.58200
32.58200
32.57900
32.57900
32.58200
32.58400
32.58400
32.58300
32.58200
32.58200
32.57900
32.58100
32.58200
32.58400
32.58200
32.58400
32.58200
32.58500
32.58700
32.58600
32.58700
32.58600
32.58800
32.58700
32.58600
32.58700
32.58700
32.58800
32.58900
32.58900
32.58600
32.58900
32.58900
32.58600
32.59000
32.58800
32.58900
32.59300
32.59400
32.59500
32.59800
32.59900
32.60000
32.60300
32.60300
32.60100
32.60200
32.60400
32.60400
32.60700
32.60800
32.60600
32.61000
32.61300
32.61500
32.61100
32.61200
32.61200
32.61200
32.61100
32.61300
32.61300
32.61300
32.61400
32.61400
32.61800
32.61500
32.61700
32.61900
32.61500
32.61700
32.61800
32.61900
32.61900
32.61600
32.61600
32.61700
32.62000
32.62200
32.62100
32.62000
32.61900
32.62200
32.62100
32.62200
32.62400
32.62400
32.62200
32.62100
32.62200
32.62000
32.62100
32.61800
32.62000
32.61900
32.62300
32.62100
32.62000
32.62500
32.62300
32.62200
32.62300
32.62400
32.62700
32.62500
32.62600
32.62700
32.62700
32.62700
32.62600
32.62900
32.62700
32.62500
32.62600
32.62800
32.62500
32.62600
32.62600
32.62600
32.62700
32.62600
32.63000
32.63000
32.63200
32.63200
32.63300
32.63200
32.63100
32.63400
32.63400
32.63700
32.63800
32.63800
32.63700
32.63900
32.64200
32.63800
32.63800
32.63600
32.63700
32.63800
32.63600
32.64000
32.63900
32.63900
32.64000
32.64200
32.63700
32.63600
32.63800
32.63800
32.64000
32.64000
32.64100
32.64300
32.64100
32.64000
32.64000
32.63900
32.64300
32.64600
32.64500
32.64600
32.64600
32.64400
32.64600
32.64700
32.64500
32.64500
32.64800
32.64900
32.64900
32.64900
32.64800
32.64800
32.64800
32.64800
32.64700
32.64800
32.65000
32.64900
32.65100
32.65400
32.65800
32.65600
32.65400
32.65000
32.65400
32.65400
32.65600
32.65800
32.66000
32.65600
32.65700
32.65700
32.65800
32.65700
32.65800
32.65900
32.66000
32.66000
32.66200
32.66100
32.66000
32.66400
32.66700
32.66600
32.66500
32.66600
32.66600
32.66600
32.66600
32.66800
32.66600
32.66700
32.66600
32.66500
32.66600
32.66800
32.66900
32.66900
32.66700
32.66800
32.66700
32.66700
32.66800
32.66700
32.66800
32.66700
32.66700
32.66600
32.66400
32.66300
32.66200
32.66100
32.66300
32.66600
32.66500
32.66600
32.66600
32.66600
32.66500
32.66500
32.66700
32.66800
32.66700
32.66600
32.66300
32.66500
32.66200
32.66000
32.66200
32.65900
32.65900
32.65900
32.65700
32.65800
32.65700
32.65700
32.65800
32.65800
32.65700
32.65500
32.65100
32.65300
32.65200
32.65100
32.65300
32.65300
32.65400
32.65100
32.65100
32.65100
32.65100
32.64900
32.64700
32.65200
32.65200
32.65200
32.65100
32.64800
32.64800
32.64900
32.64700
32.64700
32.64700
32.64700
32.64900
32.64900
32.65000
32.65000
32.65000
32.65000
32.65400
32.65300
32.65200
32.64900
32.64900
32.64900
32.65200
32.65500
32.65400
32.65300
32.65400
32.65200
32.65100
32.65200
32.65000
32.65100
32.65500
32.65200
32.65200
32.65100
32.65100
32.65000
32.64800
32.64700
32.65000
32.64700
32.64500
32.64900
32.65000
32.65000
32.65200
32.65200
32.65300
32.65300
32.65300
32.65100
32.65200
32.65300
32.65400
32.65500
32.65800
32.66000
32.66000
32.66100
32.66200
32.66000
32.66100
32.65800
32.65600
32.65600
32.65500
32.65400
32.65600
32.65600
32.65700
32.65900
32.65800
32.65800
32.65900
32.65600
32.65800
32.65900
32.65700
32.65700
32.65600
32.65400
32.65600
32.65500
32.65500
32.65700
32.65600
32.65800
32.65900
32.66000
32.65800
32.65500
32.65500
32.65400
32.65400
32.65300
32.65100
32.65300
32.65400
32.65400
32.65500
32.65500
32.65500
32.65500
32.65600
32.65600
32.65500
32.65400
32.65300
32.65400
32.66000
32.65900
32.65800
32.66000
32.66200
32.66200
32.66600
32.66600
32.66800
32.66800
32.67000
32.66900
32.66800
32.66800
32.67000
32.66900
32.66800
32.66600
32.66500
32.66600
32.66500
32.66400
32.66500
32.66300
32.66300
32.66600
32.66600
32.66400
32.66300
32.66400
32.66500
32.66400
32.66300
32.66200
32.66400
32.66500
32.66300
32.66300
32.66400
32.66400
32.66500
32.66500
32.66700
32.66700
32.66800
32.66700
32.66800
32.67200
32.67100
32.67200
32.67100
32.67600
32.67700
32.67700
32.67700
32.67500
32.67500
32.67700
32.67500
32.67600
32.67900
32.67800
32.67800
32.67800
32.67900
32.68300
32.68200
32.68300
32.68500
32.68500
32.68500
32.68500
32.68500
32.68600
32.68800
32.69100
32.68900
32.68600
32.68800
32.69100
32.69000
32.69300
32.69500
32.69400
32.69300
32.69600
32.69600
32.69900
32.69900
32.69900
32.70000
32.69800
32.70000
32.70300
32.70400
32.70600
32.70500
32.70700
32.70900
32.71000
32.71300
32.71300
32.71300
32.71300
32.71500
32.71400
32.71600
32.71400
32.71600
32.71700
32.72000
32.71800
32.71800
32.71900
32.71800
32.71900
32.71800
32.71700
32.71500
32.71400
32.71500
32.71500
32.71400
32.71600
32.71300
32.71200
32.71500
32.71700
32.71600
32.71700
32.71600
32.71400
32.71400
32.71600
32.71700
32.72000
32.72000
32.72000
32.72000
32.72100
32.72100
32.72400
32.72200
32.72200
32.72400
32.72400
32.72800
32.72500
32.72500
32.72400
32.72500
32.72400
32.72500
32.72600
32.72600
32.72700
32.72800
32.72500
32.72500
32.73000
32.73000
32.73200
32.73100
32.73400
32.73400
32.73700
32.73700
32.73800
32.73700
32.73800
32.73900
32.74400
32.74400
32.74500
32.74500
32.74600
32.74600
32.74800
32.74800
32.75100
32.75100
32.75000
32.75100
32.75200
32.75100
32.75200
32.75300
32.75200
32.75400
32.75200
32.75300
32.75500
32.75300
32.75400
32.75300
32.75300
32.75300
32.75500
32.75900
32.76000
32.75900
32.76100
32.76100
32.76000
32.75900
32.75800
32.76000
32.75800
32.76100
32.76100
32.76000
32.76000
32.76200
32.76100
32.75800
32.75800
32.76000
32.76300
32.76200
32.76300
32.76100
32.76000
32.76300
32.76400
32.76400
32.76300
32.76200
32.76200
32.76300
32.76300
32.76000
32.76100
32.76000
32.75900
32.76000
32.75900
32.75900
32.75900
32.75700
32.75800
32.75700
32.75600
32.75600
32.75600
32.75500
32.75600
32.75600
32.75800
32.75900
32.75800
32.75800
32.76100
32.76300
32.76100
32.76100
32.76400
32.76300
32.76400
32.76500
32.76400
32.76500
32.76200
32.76300
32.76300
32.76400
32.76300
32.76800
32.76700
32.76500
32.76600
32.76600
32.76600
32.76700
32.77000
32.76900
32.76800
32.77100
32.77300
32.77200
32.77200
32.77400
32.77800
32.77700
32.77900
32.78100
32.78200
32.78400
32.78400
32.78400
32.78800
32.78900
32.79300
32.79300
32.79400
32.79600
32.79900
32.79900
32.80000
32.79900
32.79800
32.79900
32.80100
32.79800
32.79900
32.80200
32.80200
32.80100
32.80200
32.80000
32.80000
32.80100
32.80100
32.80100
32.80300
32.80300
32.80200
32.80500
32.80600
32.80600
32.80700
32.80800
32.81100
32.80800
32.80900
32.80700
32.81000
32.81000
32.80700
32.81000
32.80800
32.80800
32.80800
32.80700
32.80700
32.80800
32.80900
32.80900
32.81300
32.81400
32.81500
32.81700
32.81600
32.81600
32.81800
32.81800
32.81900
32.82000
32.81800
32.81700
32.82000
32.81800
32.81900
32.81800
32.82000
32.82100
32.82300
32.82400
32.82200
32.82200
32.82200
32.82300
32.82300
32.82400
32.82700
32.82700
32.82500
32.82700
32.82600
32.82700
32.82800
32.82900
32.82900
32.83000
32.83200
32.83300
32.83400
32.83400
32.83300
32.83300
32.83400
32.83300
32.83200
32.83500
32.83700
32.83500
32.83600
32.83900
32.84000
32.83900
32.83700
32.84000
32.84000
32.83900
32.83800
32.83800
32.83900
32.84100
32.84100
32.84100
32.84100
32.84100
32.84000
32.84000
32.84100
32.84100
32.84100
32.84100
32.84100
32.84300
32.84600
32.84500
32.84500
32.84400
32.84400
32.84500
32.84700
32.84700
32.84600
32.84700
32.84900
32.85100
32.85100
32.84800
32.84800
32.84800
32.84800
32.84800
32.85100
32.85300
32.85300
32.85200
32.85200
32.85200
32.85300
32.85300
32.85100
32.85400
32.85500
32.85500
32.85500
32.85600
32.85400
32.85200
32.85200
32.85100
32.85200
32.85400
32.85500
32.85500
32.85700
32.85500
32.85400
32.85400
32.85600
32.85500
32.85600
32.85500
32.85600
32.85700
32.85700
32.85700
32.85800
32.86100
32.86200
32.86000
32.86200
32.85900
32.85900
32.85900
32.85900
32.85900
32.86000
32.86000
32.85800
32.85800
32.85900
32.86100
32.86100
32.86000
32.86100
32.85900
32.85800
32.85800
32.86000
32.86100
32.86200
32.86400
32.86200
32.86200
32.86100
32.86300
32.86300
32.86200
32.86300
32.86400
32.86300
32.86500
32.86300
32.86400
32.86300
32.86600
32.86700
32.86800
32.86800
32.86900
32.87100
32.87100
32.87000
32.87100
32.87100
32.86900
32.86900
32.87000
32.87200
32.87300
32.87300
32.87500
32.87500
32.87500
32.87900
32.87900
32.88000
32.88000
32.88100
32.88200
32.88200
32.88200
32.88100
32.88000
32.88100
32.88000
32.88100
32.88200
32.88200
32.88300
32.88300
32.88200
32.88400
32.88500
32.88500
32.88500
32.88600
32.88700
32.88700
32.88900
32.89000
32.89100
32.89000
32.89200
32.89400
32.89500
32.89600
32.89700
32.89800
32.89700
32.89700
32.89800
32.90000
32.89800
32.89700
32.89700
32.89800
32.89800
32.90000
32.89900
32.90000
32.90100
32.90100
32.90000
32.90100
32.89900
32.90000
32.90100
32.90100
32.90100
32.90300
32.90300
32.90400
32.90400
32.90500
32.90400
32.90300
32.90500
32.90600
32.90500
32.90400
32.90500
32.91000
32.91100
32.91200
32.91100
32.91200
32.91200
32.91500
32.91400
32.91300
32.91500
32.91700
32.91700
32.91700
32.91700
32.91500
32.91800
32.91700
32.91600
32.91700
32.91700
32.91700
32.91900
32.92000
32.92100
32.92000
32.92400
32.92400
32.92800
32.92800
32.92800
32.92900
32.93200
32.93200
32.92900
32.92900
32.93100
32.93100
32.93300
32.93200
32.93200
32.93700
32.93800
32.93500
32.93600
32.93700
32.93600
32.93600
32.93400
32.93500
32.93700
32.93600
32.93900
32.93900
32.93800
32.93600
32.93900
32.93800
32.93800
32.93900
32.94100
32.93900
32.93900
32.93900
32.93900
32.93800
32.93800
32.93800
32.93900
32.93900
32.93900
32.93900
32.93800
32.93800
32.93600
32.93500
32.93400
32.93500
32.93500
32.93500
32.93700
32.93700
32.93700
32.93500
32.93600
32.93500
32.93600
32.93500
32.93400
32.93400
32.93400
32.93600
32.93500
32.93500
32.93700
32.93900
32.93900
32.93700
32.93700
32.93700
32.93900
32.93800
32.93700
32.93600
32.93700
32.93800
32.93800
32.93800
32.93800
32.93800
32.94000
32.94100
32.94200
32.94200
32.94200
32.94100
32.94200
32.94000
32.93900
32.93800
32.93700
32.93700
32.93900
32.93800
32.93800
32.93800
32.93800
32.94100
32.94000
32.94000
32.93900
32.93800
32.94000
32.94000
32.94100
32.94100
32.94100
32.93800
32.93700
32.93800
32.93800
32.93900
32.93900
32.94100
32.94400
32.94400
32.94400
32.94700
32.94700
32.94900
32.94900
32.94900
32.94900
32.94800
32.94900
32.95100
32.95100
32.95100
32.95300
32.95300
32.95400
32.95500
32.95500
32.95700
32.95800
32.95600
32.95800
32.95900
32.96000
32.96300
32.96200
32.96200
32.96100
32.96200
32.96400
32.96300
32.96400
32.96300
32.96500
32.96300
32.96200
32.96300
32.96300
32.96400
32.96500
32.96400
32.96200
32.96300
32.96300
32.96100
32.96000
32.96000
32.95900
32.95900
32.96100
32.96200
32.96400
32.96500
32.96300
32.96300
32.96400
32.96400
32.96300
32.96100
32.96300
32.96100
32.96300
32.96200
32.96200
32.96200
32.96200
32.96100
32.96000
32.95800
32.95700
32.95900
32.95900
32.95900
32.95900
32.96000
32.95900
32.95700
32.95700
32.95800
32.95700
32.95700
32.95600
32.95700
32.95600
32.95900
32.95900
32.96000
32.96100
32.96100
32.96300
32.96400
32.96500
32.96700
32.96700
32.96800
32.96900
32.96700
32.96800
32.96900
32.96800
32.96700
32.96700
32.96700
32.96800
32.96600
32.97000
32.97000
32.97100
32.97100
32.97200
32.97200
32.97400
32.97600
32.97700
32.97600
32.97600
32.97700
32.97600
32.97700
32.97800
32.97800
32.97600
32.97700
32.97800
32.98100
32.98000
32.97900
32.98100
32.98400
32.98300
32.98400
32.98500
32.98500
32.98500
32.98500
32.98500
32.98700
32.98700
32.98800
32.98600
32.98600
32.98700
32.98800
32.98600
32.98500
32.98500
32.98500
32.98500
32.98800
32.98800
32.98900
32.98800
32.98700
32.99100
32.99100
32.99000
32.99000
32.99000
32.99100
32.99100
32.99000
32.99300
32.99300
32.99300
32.99200
32.99300
32.99500
32.99500
32.99300
32.99100
32.99200
32.99100
32.99300
32.99200
32.99700
32.99900
33.00100
33.00200
33.00300
33.00400
33.00100
33.00100
33.00500
33.00500
33.00400
33.00500
33.00300
33.00200
33.00100
33.00200
33.00200
33.00300
33.00400
33.00400
33.00500
33.00600
33.00600
33.00900
33.01000
33.00900
33.01200
33.01400
33.01300
33.01300
33.01300
33.01500
33.01300
33.01300
33.01500
33.01200
33.01400
33.01800
33.01700
33.01900
33.02000
33.01800
33.01900
33.02000
33.02300
33.02400
33.02200
33.02400
33.02200
33.02300
33.02100
33.02000
33.01900
33.02200
33.02000
33.01900
33.02100
33.02000
33.01900
33.01800
33.01800
33.01500
33.01800
33.01900
33.02000
33.02000
33.01700
33.01600
33.01600
33.01400
33.01500
33.01500
33.01500
33.01700
33.01500
33.01300
33.01500
33.01400
33.01500
33.01600
33.01600
33.01600
33.01500
33.01500
33.01600
33.01700
33.01500
33.01500
33.01800
33.01900
33.02000
33.01800
33.01900
33.01700
33.01800
33.01600
33.01700
33.01700
33.01800
33.01800
33.01700
33.01700
33.01900
33.02100
33.02100
33.01900
33.01900
33.02100
33.02000
33.01900
33.02000
33.01900
33.01800
33.01900
33.02000
33.02100
33.02300
33.02300
33.02100
33.02000
33.02000
33.02000
33.02300
33.02900
33.02900
33.03000
33.03000
33.03000
33.03200
33.03000
33.03200
33.03400
33.03300
33.03300
33.03400
33.03900
33.03900
33.04000
33.04200
33.04300
33.04200
33.04100
33.04100
33.04200
33.04600
33.04400
33.04300
33.04300
33.04300
33.04200
33.04200
33.04200
33.04400
33.04600
33.04500
33.04600
33.04800
33.04800
33.04700
33.04800
33.04600
33.04900
33.05200
33.05100
33.05200
33.05100
33.05000
33.05200
33.05300
33.05300
33.05400
33.05400
33.05100
33.05400
33.05600
33.05600
33.05800
33.05800
33.05700
33.05900
33.05900
33.05900
33.05800
33.05700
33.05800
33.05700
33.05400
33.05600
33.05700
33.05600
33.05500
33.05600
33.05800
33.05500
33.05500
33.05600
33.05500
33.05500
33.05700
33.05700
33.05300
33.05400
33.05300
33.05200
33.05300
33.05200
33.05200
33.05100
33.04900
33.04900
33.04700
33.04800
33.04900
33.04900
33.04900
33.04600
33.04400
33.04600
33.04600
33.04500
33.04600
33.04600
33.04600
33.04500
33.04700
33.04400
33.04500
33.04300
33.04400
33.04500
33.04600
33.04400
33.04300
33.04300
33.04300
33.04300
33.04200
33.04300
33.04500
33.04400
33.04500
33.04400
33.04200
33.04200
33.04500
33.04500
33.04500
33.04500
33.04600
33.04600
33.05000
33.05000
33.04800
33.04900
33.04800
33.05100
33.05200
33.05200
33.05300
33.05300
33.05400
33.05300
33.05400
33.05300
33.05300
33.05400
33.05600
33.05500
33.05800
33.05900
33.05800
33.05700
33.05600
33.05500
33.05600
33.05500
33.05400
33.05400
33.05700
33.05700
33.05600
33.05700
33.05800
33.05800
33.05700
33.05900
33.05800
33.05900
33.05900
33.05700
33.05600
33.05700
33.05800
33.05800
33.05800
33.05600
33.05500
33.05600
33.05600
33.05700
33.05600
33.05500
33.05300
33.05400
33.05300
33.05200
33.05400
33.05500
33.05500
33.05300
33.05300
33.05300
33.05100
33.05000
33.05100
33.05200
33.05200
33.04900
33.05000
33.05100
33.05100
33.04900
33.04800
33.04900
33.05000
33.05000
33.05000
33.05000
33.05100
33.05100
33.05000
33.05000
33.04900
33.05100
33.04800
33.04900
33.04900
33.04800
33.04800
33.04800
33.04900
33.04800
33.04900
33.04700
33.04700
33.04700
33.04700
33.04700
33.04600
33.04600
33.04600
33.04400
33.04700
33.04600
33.04700
33.04500
33.04600
33.04600
33.04400
33.04700
33.04900
33.05000
33.04900
33.04800
33.04900
33.04900
33.04900
33.04900
33.04900
33.04900
33.04900
33.04800
33.04900
33.05000
33.04700
33.04600
33.04600
33.04500
33.04500
33.04500
33.04600
33.04600
33.04600
33.04600
33.04600
33.04400
33.04500
33.04300
33.04200
33.04400
33.04400
33.04300
33.04300
33.04200
33.04100
33.04400
33.04600
33.04600
33.04400
33.04400
33.04500
33.04500
33.04600
33.04500
33.04400
33.04400
33.04200
33.04100
33.04200
33.04400
33.04400
33.04200
33.04300
33.04500
33.04500
33.04400
33.04300
33.04400
33.04500
33.04300
33.04400
33.04400
33.04800
33.04700
33.04500
33.04500
33.04600
33.04500
33.04700
33.05000
33.04900
33.04900
33.04900
33.04900
33.05000
33.05000
33.04800
33.04700
33.04800
33.04600
33.04900
33.04900
33.04900
33.04900
33.04900
33.05100
33.04800
33.04900
33.04900
33.04800
33.05000
33.04900
33.05000
33.05000
33.04900
33.04900
33.05100
33.05200
33.05300
33.05300
33.05400
33.05400
33.05400
33.05400
33.05400
33.05400
33.05500
33.05500
33.05700
33.06000
33.06000
33.06300
33.06400
33.06400
33.06500
33.06900
33.06600
33.06600
33.06800
33.06500
33.06600
33.06700
33.06700
33.06800
33.06700
33.06700
33.06800
33.07000
33.07200
33.07100
33.07100
33.07200
33.07200
33.07300
33.07200
33.07300
33.07300
33.07500
33.07700
33.07700
33.07800
33.07700
33.07900
33.08100
33.08100
33.08400
33.08300
33.08300
33.08300
33.08300
33.08300
33.08300
33.08500
33.08600
33.08800
33.08800
33.08700
33.09000
33.08900
33.09000
33.08700
33.08800
33.08600
33.08900
33.09000
33.09000
33.09000
33.08800
33.08800
33.08800
33.08700
33.08700
33.09000
33.09000
33.08800
33.08900
33.08800
33.08700
33.08900
33.08800
33.08800
33.08400
33.08400
33.08700
33.08800
33.08700
33.08500
33.08400
33.08400
33.08300
33.08400
33.08600
33.08600
33.08600
33.08600
33.08600
33.08600
33.08600
33.08500
33.08600
33.08600
33.08500
33.08700
33.08600
33.08500
33.08600
33.08700
33.08500
33.08500
33.08600
33.08600
33.08700
33.08600
33.08600
33.08700
33.08600
33.08700
33.08700
33.08500
33.08600
33.08700
33.08800
33.09000
33.09100
33.09000
33.09100
33.09300
33.09200
33.09200
33.09300
33.09300
33.09200
33.09100
33.09100
33.09100
33.09100
33.09100
33.09100
33.08900
33.08900
33.08800
33.08800
33.08900
33.08800
33.08800
33.08800
33.08600
33.08500
33.08700
33.08500
33.08500
33.08600
33.08500
33.08500
33.08600
33.08500
33.08500
33.08400
33.08300
33.08400
33.08600
33.08500
33.08400
33.08400
33.08500
33.08500
33.08400
33.08200
33.08300
33.08500
33.08500
33.08400
33.08100
33.08100
33.08200
33.08200
33.08300
33.08200
33.08100
33.08100
33.08100
33.08100
33.08000
33.08000
33.08000
33.08200
33.08200
33.08100
33.08300
33.08200
33.08200
33.07900
33.08100
33.07900
33.07900
33.07900
33.08100
33.08000
33.07900
33.07900
33.08000
33.08200
33.08400
33.08400
33.08400
33.08400
33.08400
33.08300
33.08200
33.08000
33.08200
33.08100
33.08300
33.08300
33.08300
33.08300
33.08300
33.08400
33.08200
33.08400
33.08300
33.08300
33.08100
33.08100
33.08200
33.08100
33.08000
33.08000
33.08100
33.07900
33.08000
33.08000
33.08100
33.08100
33.08000
33.08100
33.08200
33.08300
33.08400
33.08400
33.08300
33.08100
33.08200
33.08500
33.08500
33.08500
33.08500
33.08600
33.08700
33.08500
33.08500
33.08300
33.08400
33.08600
33.08700
33.08800
33.08700
33.08700
33.08800
33.08900
33.09100
33.08800
33.09000
33.09100
33.09000
33.08800
33.08800
33.09100
33.09100
33.09100
33.09000
33.09200
33.09500
33.09400
33.09500
33.09500
33.09500
33.09500
33.09600
33.09500
33.09400
33.09300
33.09500
33.09500
33.09600
33.09600
33.09800
33.10000
33.10000
33.10100
33.10300
33.10200
33.10200
33.10200
33.10300
33.10500
33.10500
33.10600
33.10600
33.10600
33.10400
33.10400
33.10400
33.10600
33.10700
33.10800
33.10900
33.10800
33.11000
33.11000
33.11100
33.11000
33.11000
33.10900
33.11100
33.11000
33.11000
33.11000
33.11000
33.11000
33.11100
33.11200
33.11100
33.11200
33.11100
33.11200
33.11100
33.11100
33.11100
33.11000
33.11100
33.11100
33.11200
33.11100
33.11300
33.11200
33.11300
33.11400
33.11400
33.11600
33.11300
33.11400
33.11400
33.11500
33.11500
33.11400
33.11400
33.11400
33.11600
33.11700
33.11800
33.11800
33.11800
33.11800
33.11700
33.11600
33.11900
33.12000
33.12100
33.12100
33.12200
33.12200
33.12400
33.12100
33.12100
33.12100
33.12300
33.12300
33.12300
33.12300
33.12300
33.12400
33.12400
33.12600
33.12500
33.12600
33.12400
33.12500
33.12900
33.12900
33.12900
33.13000
33.13100
33.13000
33.13000
33.13100
33.13100
33.13000
33.13000
33.13000
33.13200
33.13300
33.13500
33.13300
33.13300
33.13300
33.13300
33.13400
33.13400
33.13400
33.13400
33.13300
33.13300
33.13200
33.13300
33.13400
33.13400
33.13200
33.13400
33.13500
33.13400
33.13300
33.13200
33.13300
33.13200
33.13700
33.13700
33.13800
33.13900
33.13800
33.13700
33.13900
33.13900
33.13900
33.14200
33.14200
33.14300
33.14100
33.14100
33.14000
33.14300
33.14100
33.14100
33.14100
33.14000
33.13800
33.13700
33.14000
33.14100
33.14300
33.14300
33.14300
33.14200
33.14200
33.14300
33.14400
33.14500
33.14000
33.14200
33.14400
33.14600
33.14700
33.14700
33.14800
33.14800
33.14600
33.14600
33.14400
33.14300
33.14600
33.14600
33.14700
33.14900
33.14900
33.14900
33.14900
33.14700
33.14800
33.14700
33.14700
33.14700
33.14600
33.14500
33.14600
33.14500
33.14500
33.14600
33.14700
33.14800
33.14800
33.14800
33.14900
33.14900
33.15000
33.14900
33.14900
33.14900
33.15100
33.15100
33.15000
33.15100
33.15200
33.15300
33.15300
33.15300
33.15500
33.15600
33.15600
33.15600
33.15800
33.15800
33.15500
33.15400
33.15500
33.15400
33.15400
33.15300
33.15100
33.15100
33.15300
33.15300
33.15300
33.15700
33.15700
33.15700
33.15800
33.15800
33.16000
33.15900
33.15900
33.16300
33.16300
33.16200
33.16300
33.16300
33.16300
33.16100
33.16300
33.16400
33.16400
33.16200
33.16300
33.16400
33.16500
33.16400
33.16500
33.16400
33.16700
33.16700
33.16600
33.16500
33.16500
33.16600
33.16600
33.16700
33.16700
33.16800
33.16800
33.16700
33.16700
33.16600
33.16800
33.16900
33.17000
33.16900
33.16700
33.16500
33.16600
33.16600
33.16600
33.16500
33.16700
33.16600
33.16900
33.16900
33.16700
33.16700
33.16900
33.17200
33.17100
33.17100
33.17100
33.17200
33.17200
33.17400
33.17400
33.17300
33.17500
33.17600
33.17600
33.17500
33.17500
33.17500
33.17400
33.17300
33.17400
33.17300
33.17500
33.17500
33.17200
33.17500
33.17400
33.17600
33.17500
33.17600
33.17600
33.17600
33.17600
33.17700
33.17700
33.17600
33.17600
33.17700
33.17800
33.17800
33.17800
33.17900
33.18000
33.18200
33.18300
33.18200
33.18200
33.18400
33.18700
33.18700
33.14889
33.15111
33.15222
33.11875
33.11875
32.99000
32.99000
32.97167
32.85600
32.88000
32.64000
32.74500
32.75000
32.75000
33.18000
33.18000
33.19000
33.19000
33.19000
33.19000
33.19000
33.20000
33.20000
33.20000
33.20000
33.20000
33.20000
33.20000
33.20000
33.20000
33.21000
33.21000
33.21000
33.21000
33.23000
33.23000
33.23000
33.23000
33.23000
33.23000
33.24000
33.24000
33.24000
33.24000
33.24000
33.24000
33.25000
33.25000
