0.00000
0.00000
0.00000
0.00000
0.00000
0.00000
0.00000
0.00000
0.00000
0.00000
0.00000
0.00000
0.00000
0.00000
0.00000
0.00000
1.60000
6.40000
8.30000
15.23300
15.43300
15.49200
15.45900
15.50400
15.48100
15.98900
17.59200
17.63200
17.68100
17.77800
17.78800
18.02900
18.47100
18.71100
19.25600
19.49500
20.43700
21.80500
21.85200
22.04700
22.28900
22.94000
24.06200
24.04400
24.38300
24.87000
25.15700
25.31200
25.92800
26.27800
26.71400
26.94000
26.81100
27.05200
27.35200
27.68800
27.79800
28.06300
28.44800
28.38600
28.50600
28.88500
28.99100
29.29000
29.47100
29.45500
29.45000
29.57900
29.73500
29.93000
30.33600
30.54000
30.64100
30.79300
30.87100
31.03900
31.27000
31.30700
31.42100
31.44100
31.56000
31.66500
31.87200
31.98900
32.02100
32.11500
32.13900
32.20200
32.28600
32.36500
32.62600
32.63100
32.65900
32.68300
32.76200
32.92600
33.08000
33.26000
33.26200
33.47400
33.61700
33.63800
33.69400
33.74800
33.92800
33.90700
34.00600
34.10300
34.27800
34.36600
34.51200
34.64500
34.73900
34.76300
34.91600
35.07100
35.06100
35.02100
35.06700
35.13600
35.17200
35.19100
35.37800
35.44700
35.49100
35.55000
35.63300
35.75000
35.74200
35.76900
35.86600
35.91800
35.93700
36.02800
36.09800
36.20300
36.28900
36.31100
36.36500
36.50300
36.50800
36.48000
36.56300
36.74800
36.84600
36.86400
36.99300
37.03100
37.11800
37.10500
37.08600
37.14100
37.24700
37.29400
37.26200
37.31300
37.27000
37.41000
37.54600
37.57600
37.62100
37.73300
37.75300
37.83000
37.88900
37.96200
38.03200
38.07100
38.15200
38.25600
38.29000
38.36900
38.42400
38.38500
38.52400
38.57900
38.62300
38.66500
38.68300
38.76900
38.83500
38.86400
38.87500
38.91700
38.98400
39.04000
39.06300
39.06800
39.11000
39.21600
39.31100
39.35600
39.51700
39.56700
39.63900
39.65000
39.74600
39.76600
39.82200
39.84200
39.85900
39.93500
39.99900
40.04600
40.05400
40.20700
40.24500
40.24500
40.36500
40.43800
40.49700
40.50500
40.58600
40.62000
40.68400
40.79600
40.76400
40.81100
40.87100
40.88800
40.92500
40.99500
41.08400
41.15900
41.19900
41.20600
41.23200
41.29300
41.39100
41.42800
41.46500
41.59900
41.66600
41.64500
41.64600
41.73900
41.77600
41.90000
41.95800
41.98400
42.03500
42.09200
42.16700
42.22200
42.22500
42.23900
42.24600
42.27400
42.33000
42.43100
42.47300
42.51100
42.50200
42.64300
42.66200
42.68200
42.75700
42.75100
42.82700
42.94100
43.03300
43.11300
43.11100
43.12600
43.15000
43.21300
43.27200
43.32400
43.37600
43.37900
43.36300
43.34900
43.36900
43.37700
43.40200
43.43900
43.49400
43.49100
43.61500
43.60700
43.68200
43.75400
43.76600
43.81700
43.84300
43.87300
43.88000
43.90500
43.93700
44.01400
44.04400
44.06800
44.07500
44.07100
44.12100
44.11400
44.15500
44.19000
44.18300
44.24400
44.26500
44.25400
44.27600
44.35700
44.40600
44.40200
44.46100
44.50900
44.57100
44.58700
44.67000
44.71100
44.71700
44.71400
44.76500
44.78500
44.79700
44.80300
44.85900
44.89600
44.95600
44.98300
45.03600
45.06600
45.01600
45.03800
45.04000
45.09600
45.16000
45.16600
45.16100
45.16600
45.24800
45.27400
45.32200
45.35400
45.32000
45.39800
45.40800
45.42600
45.46800
45.54900
45.54500
45.55600
45.59300
45.67800
45.69500
45.84700
45.86900
45.92600
45.98900
46.05100
46.08700
46.15800
46.19600
46.17700
46.20400
46.20800
46.21500
46.28700
46.34200
46.36100
46.40800
46.40500
46.40500
46.45000
46.55300
46.59300
46.67700
46.66300
46.64600
46.67000
46.73000
46.71200
46.70400
46.74400
46.74900
46.78300
46.81600
46.82300
46.87200
46.97400
47.00300
47.00900
46.98200
47.01000
47.06100
47.08400
47.18800
47.18300
47.19600
47.23500
47.29200
47.35100
47.39800
47.41200
47.43800
47.51100
47.62400
47.63400
47.63000
47.64000
47.65000
47.70200
47.69700
47.82600
47.85300
47.87100
47.92600
48.03200
48.08100
48.14000
48.13300
48.19100
48.22700
48.31100
48.33400
48.36200
48.39400
48.41100
48.42500
48.47300
48.49300
48.51100
48.57200
48.59400
48.68000
48.67900
48.71300
48.75800
48.78500
48.78700
48.83800
48.86700
48.91000
48.96600
48.98500
48.98900
49.07100
49.08300
49.13600
49.15000
49.14400
49.23200
49.28400
49.30100
49.30400
49.31400
49.33300
49.37500
49.38600
49.42600
49.47800
49.53500
49.57300
49.59000
49.66400
49.70700
49.71000
49.70700
49.80000
49.80400
49.83200
49.88100
49.87700
49.96800
49.98700
50.00500
50.07000
50.05500
50.10600
50.12600
50.17200
50.19000
50.18700
50.20400
50.23300
50.23700
50.29500
50.29500
50.34200
50.38000
50.38700
50.41900
50.43400
50.47200
50.49700
50.53600
50.54300
50.64600
50.67400
50.66900
50.70800
50.68600
50.67400
50.74000
50.76100
50.77400
50.77100
50.78000
50.83300
50.90500
50.93800
50.93800
50.94400
51.00300
51.01900
51.07300
51.06700
51.06800
51.08100
51.12100
51.14700
51.18500
51.20000
51.23100
51.23000
51.22200
51.26700
51.32300
51.36500
51.40200
51.45900
51.45900
51.46800
51.47900
51.49000
51.49900
51.50200
51.53000
51.57500
51.59600
51.62000
51.62000
51.66300
51.70800
51.71800
51.72300
51.74900
51.77900
51.86200
51.83800
51.88600
51.93600
51.94400
51.94400
51.95200
51.96900
51.95400
51.99800
52.01400
52.03700
52.05600
52.08800
52.10400
52.10100
52.15800
52.15700
52.16900
52.19800
52.20900
52.21600
52.21700
52.22500
52.26200
52.28600
52.29800
52.32800
52.36800
52.37400
52.38200
52.41700
52.42700
52.42600
52.41800
52.43800
52.42500
52.44300
52.47800
52.49000
52.49900
52.52400
52.55800
52.56800
52.57700
52.57400
52.60100
52.61100
52.61800
52.63900
52.65400
52.67500
52.66000
52.67500
52.70800
52.75000
52.74800
52.76300
52.77700
52.77100
52.79100
52.80800
52.83400
52.86200
52.88600
52.86800
52.87100
52.86600
52.88200
52.88900
52.91900
52.93500
52.95000
52.97400
52.99100
53.00700
53.02900
53.06900
53.05600
53.08100
53.09700
53.10500
53.13200
53.15300
53.16700
53.19100
53.21400
53.22000
53.22900
53.26600
53.24400
53.25100
53.26100
53.23300
53.22200
53.27500
53.28000
53.29900
53.30100
53.29000
53.27000
53.29800
53.29200
53.30400
53.31500
53.31500
53.30600
53.30300
53.32300
53.32600
53.34100
53.34800
53.40400
53.41800
53.41900
53.44400
53.45800
53.46500
53.45800
53.45200
53.44400
53.41200
53.43400
53.45700
53.46200
53.42900
53.42300
53.44000
53.45200
53.45800
53.47800
53.49400
53.49300
53.48700
53.49800
53.50900
53.52500
53.51700
53.49500
53.50200
53.50500
53.50300
53.50900
53.52900
53.53600
53.57200
53.56700
53.61900
53.60800
53.61800
53.62100
53.61500
53.64700
53.68200
53.70000
53.74100
53.73800
53.74000
53.73800
53.75400
53.77000
53.77300
53.79300
53.82100
53.85000
53.85700
53.87300
53.93800
53.96000
53.95100
53.93400
53.95300
53.96300
53.97900
53.99800
53.98200
54.04500
54.05800
54.05000
54.05800
54.08100
54.07200
54.10100
54.09100
54.07900
54.13500
54.16500
54.15800
54.18400
54.22600
54.23000
54.25100
54.26600
54.27800
54.31500
54.30100
54.32300
54.37200
54.41800
54.39100
54.41800
54.43400
54.44800
54.44400
54.43200
54.44200
54.46200
54.46100
54.45100
54.42400
54.47000
54.48200
54.49400
54.52400
54.52400
54.51700
54.55400
54.55900
54.57500
54.56800
54.58600
54.62200
54.61300
54.61200
54.62000
54.63000
54.62300
54.61000
54.59200
54.58800
54.61600
54.63200
54.66700
54.68900
54.69900
54.71000
54.73600
54.71500
54.74100
54.74600
54.74100
54.76200
54.79200
54.82200
54.81800
54.84000
54.83700
54.82700
54.85900
54.84900
54.87300
54.90800
54.89800
54.91100
54.91000
54.91000
54.92600
54.99200
55.02600
55.04800
55.02800
55.01800
55.02000
55.03100
55.05600
55.03800
55.09300
55.11900
55.12700
55.15100
55.15000
55.17500
55.19300
55.22000
55.21100
55.22900
55.24300
55.23300
55.26700
55.29900
55.29400
55.31000
55.35200
55.35700
55.40200
55.42300
55.42500
55.42300
55.42900
55.48000
55.48900
55.49100
55.52900
55.54600
55.55100
55.55200
55.56800
55.57800
55.60400
55.61900
55.66600
55.67100
55.66500
55.68200
55.67700
55.67500
55.72600
55.74000
55.73800
55.73800
55.75000
55.75200
55.75700
55.75600
55.75500
55.81400
55.81100
55.83400
55.82500
55.85300
55.89600
55.90200
55.92600
55.95900
55.95800
55.98200
56.01200
56.00800
56.02000
56.02300
56.03000
56.03600
56.04500
56.06300
56.07200
56.06700
56.09900
56.09100
56.10200
56.11900
56.12900
56.13600
56.16000
56.17100
56.18400
56.19100
56.17600
56.17400
56.16900
56.21100
56.21700
56.22500
56.23300
56.24400
56.25700
56.25600
56.27300
56.28400
56.28500
56.32500
56.33600
56.33800
56.32800
56.33200
56.32900
56.33300
56.33400
56.35200
56.36000
56.37800
56.36200
56.37100
56.39100
56.40400
56.40200
56.41200
56.41900
56.40400
56.41700
56.42900
56.44400
56.44800
56.46100
56.44800
56.47600
56.48500
56.49900
56.51000
56.54000
56.52300
56.52900
56.54400
56.54900
56.52500
56.54200
56.54700
56.55400
56.55900
56.55400
56.56700
56.58300
56.58300
56.57500
56.59100
56.59900
56.59800
56.59800
56.61100
56.62300
56.63500
56.64800
56.66600
56.69000
56.66500
56.67700
56.68700
56.69400
56.69700
56.70600
56.72000
56.73700
56.74800
56.74900
56.75000
56.73600
56.76100
56.79600
56.78800
56.78800
56.80900
56.79900
56.81100
56.80700
56.81500
56.81500
56.80800
56.79800
56.81100
56.82800
56.82700
56.83400
56.83100
56.86300
56.86400
56.87700
56.87800
56.87900
56.89100
56.90400
56.89600
56.88400
56.89400
56.91400
56.91200
56.91700
56.92200
56.92800
56.93200
56.94200
56.96100
56.99400
56.99200
56.99700
57.01900
57.01400
57.01800
57.00900
57.02800
57.03100
57.03900
57.04900
57.05700
57.06900
57.09300
57.09900
57.09700
57.08600
57.09200
57.08200
57.07700
57.08200
57.07800
57.10100
57.10400
57.12900
57.13500
57.12900
57.13300
57.12800
57.14200
57.14600
57.15500
57.14700
57.15700
57.15300
57.15800
57.18100
57.18700
57.22400
57.22300
57.21500
57.21800
57.21200
57.23700
57.23100
57.22700
57.23100
57.23100
57.25100
57.24500
57.23300
57.23600
57.24900
57.26200
57.28500
57.31000
57.31200
57.32700
57.34700
57.39900
57.39600
57.39400
57.39100
57.39300
57.39800
57.40700
57.40500
57.43300
57.44100
57.44600
57.44600
57.45500
57.46100
57.46400
57.46400
57.49300
57.49800
57.51000
57.49700
57.49700
57.50800
57.51100
57.53100
57.53300
57.53200
57.54200
57.55500
57.56200
57.55700
57.55900
57.55600
57.55600
57.56300
57.56800
57.58000
57.58800
57.59700
57.59700
57.59700
57.59900
57.62600
57.62900
57.64000
57.63200
57.64700
57.65400
57.65600
57.65900
57.66400
57.66900
57.67500
57.67200
57.66800
57.66400
57.66000
57.67400
57.66900
57.67700
57.68700
57.67400
57.69200
57.70600
57.70700
57.70400
57.73100
57.73800
57.74200
57.73700
57.73700
57.72900
57.73400
57.75400
57.74100
57.74500
57.75500
57.76500
57.76000
57.76100
57.76000
57.76100
57.75600
57.74000
57.76500
57.76800
57.78100
57.77700
57.78100
57.77400
57.78600
57.76500
57.76900
57.75600
57.76200
57.78500
57.78500
57.78800
57.78800
57.79000
57.79600
57.79500
57.79500
57.79900
57.81300
57.79900
57.80900
57.80100
57.80500
57.82400
57.83700
57.85800
57.85500
57.85600
57.87800
57.88600
57.89000
57.87900
57.86700
57.86800
57.85400
57.84800
57.85800
57.87500
57.87300
57.87300
57.87300
57.88900
57.88300
57.89400
57.89200
57.88700
57.89300
57.91200
57.90700
57.91100
57.91000
57.91200
57.90500
57.89900
57.89700
57.90800
57.91800
57.93500
57.94900
57.95100
57.97700
57.97000
57.96000
57.97200
57.97100
57.97700
57.98200
57.99600
57.99100
57.98800
57.99900
57.98800
57.99100
57.99300
57.99700
57.99700
57.99800
57.99900
57.98400
57.98700
57.98600
57.99100
57.98300
57.99500
57.99300
58.00300
58.00600
58.01800
58.01300
58.01300
58.01300
58.01400
58.01300
58.02500
58.02800
58.01900
58.03100
58.03400
58.03600
58.03800
58.03800
58.04200
58.05000
58.04100
58.05200
58.05100
58.05700
58.06100
58.07400
58.09300
58.08400
58.09100
58.09100
58.08300
58.07900
58.09900
58.11100
58.11300
58.11200
58.12100
58.11300
58.10700
58.11800
58.12300
58.13600
58.13000
58.12600
58.13700
58.14400
58.14400
58.13700
58.13600
58.15500
58.15300
58.17100
58.18400
58.18700
58.19100
58.19700
58.20200
58.19600
58.19200
58.19800
58.20000
58.20000
58.22900
58.24000
58.24500
58.25000
58.26900
58.27700
58.28700
58.29900
58.29900
58.29300
58.29300
58.29400
58.30700
58.31300
58.32300
58.33700
58.34000
58.34600
58.34700
58.35300
58.35000
58.35300
58.37100
58.37400
58.39100
58.41300
58.40800
58.39700
58.40700
58.42000
58.42400
58.42500
58.42300
58.44000
58.44100
58.43400
58.45400
58.45100
58.46100
58.46800
58.48400
58.47200
58.46400
58.46500
58.46500
58.46700
58.48300
58.48200
58.49500
58.50100
58.50600
58.49600
58.50300
58.51400
58.50500
58.50000
58.52500
58.51600
58.51600
58.52300
58.52300
58.52700
58.52500
58.52600
58.54600
58.55800
58.57400
58.57600
58.58700
58.57900
58.58100
58.60200
58.61900
58.62500
58.62800
58.61800
58.61000
58.63300
58.63600
58.63300
58.64100
58.65400
58.64600
58.63600
58.62900
58.63400
58.62400
58.62100
58.64400
58.63500
58.64000
58.63700
58.64900
58.65700
58.68300
58.68200
58.68300
58.69500
58.68600
58.68800
58.69200
58.70700
58.70500
58.72100
58.72100
58.72200
58.71500
58.74900
58.74700
58.74800
58.75300
58.74200
58.74600
58.76500
58.76200
58.78000
58.77900
58.78000
58.79000
58.80500
58.80200
58.81300
58.82100
58.82500
58.84300
58.85500
58.85800
58.86200
58.87600
58.88500
58.88500
58.89300
58.89400
58.89900
58.91700
58.90700
58.90500
58.91200
58.90800
58.91000
58.92300
58.92900
58.93900
58.94300
58.95200
58.96600
58.96200
58.96600
58.97200
58.98800
58.98200
58.98600
58.98900
58.98200
58.98400
58.99300
58.99700
58.99300
59.00700
59.01200
59.03000
59.03900
59.04000
59.04400
59.05000
59.05200
59.04600
59.06000
59.07200
59.07400
59.08300
59.08000
59.08400
59.09500
59.09500
59.08600
59.08900
59.09100
59.09800
59.11100
59.13600
59.15100
59.15800
59.16500
59.16800
59.16200
59.15000
59.16800
59.18000
59.19300
59.19400
59.19400
59.20500
59.20400
59.21400
59.22300
59.21600
59.22000
59.23800
59.24000
59.24600
59.24600
59.24400
59.25800
59.26200
59.26700
59.26600
59.26300
59.27200
59.28600
59.29500
59.31600
59.33400
59.34200
59.34200
59.34100
59.35000
59.35100
59.35700
59.35500
59.36300
59.37600
59.38700
59.38900
59.39000
59.38700
59.40500
59.40400
59.40700
59.41500
59.42200
59.42100
59.42600
59.44500
59.44700
59.44400
59.44500
59.44600
59.45300
59.47500
59.47400
59.47800
59.48000
59.48600
59.47800
59.48000
59.48800
59.50400
59.52400
59.51900
59.53300
59.53400
59.54600
59.55300
59.56700
59.58100
59.58700
59.59900
59.60000
59.60700
59.60600
59.61500
59.61900
59.62000
59.63600
59.62900
59.64300
59.65400
59.66300
59.67700
59.68500
59.69900
59.71500
59.71900
59.72900
59.73100
59.72900
59.72800
59.73800
59.74100
59.75200
59.75200
59.75100
59.75500
59.74800
59.75400
59.75800
59.76700
59.77000
59.76700
59.77200
59.78100
59.77600
59.76900
59.77900
59.79400
59.79700
59.80000
59.80800
59.81000
59.81900
59.82000
59.81800
59.83400
59.83900
59.83900
59.84800
59.85400
59.85400
59.84900
59.86100
59.85900
59.86800
59.86600
59.88200
59.88900
59.89500
59.89400
59.90700
59.90100
59.90000
59.90200
59.91400
59.92000
59.92100
59.93000
59.93000
59.93900
59.94500
59.95200
59.96300
59.98400
59.97600
59.97300
59.98600
59.99900
59.99800
60.00800
60.01000
60.01800
60.03100
60.02300
60.03400
60.05300
60.06700
60.07200
60.07300
60.08200
60.08500
60.10600
60.12500
60.11900
60.11900
60.13500
60.13700
60.14800
60.15600
60.16900
60.17900
60.19000
60.20100
60.21300
60.21600
60.22200
60.22000
60.22000
60.22600
60.23500
60.24800
60.25500
60.25400
60.25600
60.26800
60.27400
60.27100
60.27800
60.28400
60.28800
60.29500
60.30800
60.31200
60.31700
60.31800
60.31800
60.32500
60.33800
60.33200
60.34500
60.35900
60.36300
60.36900
60.38500
60.39400
60.39200
60.41100
60.41200
60.41400
60.40900
60.40900
60.43100
60.44200
60.44000
60.44600
60.45100
60.46100
60.47000
60.48900
60.49000
60.50100
60.50100
60.52800
60.53200
60.54700
60.56900
60.57000
60.57400
60.58400
60.59000
60.59600
60.61900
60.63100
60.63100
60.63900
60.66300
60.68700
60.68400
60.69100
60.70200
60.71100
60.71900
60.72500
60.73200
60.75200
60.77100
60.79100
60.79800
60.80400
60.81500
60.82100
60.83600
60.84500
60.84200
60.85900
60.84600
60.87100
60.87000
60.87200
60.88000
60.88900
60.89300
60.90800
60.91700
60.91700
60.92000
60.91200
60.94300
60.94800
60.96300
60.97800
60.99000
60.99000
60.99300
61.01300
61.02600
61.03700
61.05200
61.05100
61.06300
61.06600
61.07400
61.08100
61.09400
61.10400
61.12000
61.13900
61.13500
61.15100
61.15500
61.16000
61.16700
61.17700
61.16800
61.17600
61.17900
61.19900
61.19600
61.20000
61.20100
61.19400
61.20500
61.21300
61.21500
61.22200
61.23300
61.23100
61.23700
61.24100
61.25400
61.25800
61.27100
61.28700
61.28700
61.29200
61.30000
61.30800
61.31300
61.31400
61.31900
61.32600
61.34400
61.35600
61.35500
61.36600
61.38000
61.38300
61.39100
61.40600
61.40700
61.41100
61.41500
61.42600
61.43200
61.43900
61.44200
61.43700
61.43600
61.43700
61.47000
61.47800
61.49000
61.50000
61.51800
61.52100
61.52500
61.52600
61.53600
61.54700
61.55700
61.56400
61.56800
61.57200
61.56400
61.57900
61.58500
61.60900
61.61500
61.63100
61.63300
61.62800
61.63800
61.63500
61.64100
61.65100
61.65800
61.65800
61.66500
61.66500
61.65800
61.66900
61.66700
61.67900
61.70300
61.70900
61.71500
61.72100
61.72400
61.74000
61.75000
61.76100
61.76000
61.76700
61.76400
61.78800
61.79200
61.80000
61.80200
61.81700
61.83100
61.83700
61.84600
61.84600
61.85100
61.86500
61.87800
61.89100
61.89900
61.90300
61.90500
61.91900
61.91900
61.94100
61.93800
61.95200
61.95400
61.96400
61.96700
61.97900
61.99700
61.99600
61.99800
62.01500
62.02400
62.03200
62.03700
62.05400
62.05700
62.07500
62.07400
62.07500
62.09000
62.10100
62.11200
62.11100
62.13200
62.14100
62.14600
62.15600
62.15900
62.16300
62.16200
62.17900
62.19000
62.19300
62.20100
62.21800
62.22900
62.23000
62.24700
62.25600
62.26500
62.28200
62.27500
62.28300
62.29200
62.29800
62.30000
62.29800
62.30900
62.31900
62.33900
62.34600
62.36100
62.36700
62.38100
62.39400
62.40200
62.40500
62.41400
62.43500
62.43000
62.43500
62.44200
62.45600
62.45500
62.46700
62.47000
62.46400
62.47200
62.50000
62.51600
62.51400
62.51500
62.51800
62.53400
62.54000
62.54500
62.54400
62.54500
62.55800
62.56400
62.57200
62.59100
62.59600
62.60700
62.61200
62.61500
62.63300
62.63800
62.63900
62.64500
62.65100
62.65400
62.66300
62.67300
62.67800
62.68700
62.69600
62.69000
62.69500
62.70500
62.71300
62.71300
62.72000
62.72200
62.73100
62.73800
62.74100
62.74700
62.74600
62.74200
62.75600
62.76700
62.77400
62.78700
62.78200
62.79000
62.79700
62.79200
62.78500
62.78400
62.80100
62.81200
62.82000
62.82500
62.83700
62.84900
62.84800
62.85200
62.85800
62.85900
62.86300
62.87600
62.88600
62.88900
62.91500
62.92100
62.92100
62.92100
62.92000
62.93900
62.95300
62.96700
62.96900
62.98100
62.98400
62.98700
62.98600
62.98800
62.98800
62.99800
62.99900
63.00600
63.00500
63.00300
63.00400
63.00200
63.00500
63.01100
63.01400
63.02200
63.01800
63.01700
63.03000
63.03000
63.03400
63.03400
63.04200
63.04900
63.04800
63.05900
63.05700
63.06900
63.06600
63.06300
63.06300
63.08800
63.08400
63.08800
63.08600
63.09300
63.09000
63.09200
63.10600
63.10900
63.11300
63.12100
63.12100
63.12000
63.12800
63.13500
63.14800
63.15500
63.15000
63.16200
63.15700
63.15100
63.15500
63.17700
63.17800
63.18200
63.18400
63.18400
63.18100
63.18300
63.20700
63.21100
63.22200
63.23200
63.24000
63.25200
63.25200
63.25400
63.25500
63.26000
63.27300
63.27300
63.27500
63.27800
63.29400
63.30300
63.30900
63.31700
63.33200
63.33600
63.34300
63.35600
63.36200
63.36400
63.36000
63.36300
63.36900
63.37100
63.38800
63.39800
63.39700
63.39600
63.40500
63.41300
63.42300
63.42700
63.43600
63.43800
63.44400
63.44700
63.44800
63.45000
63.47100
63.47700
63.48600
63.50000
63.50700
63.50600
63.52700
63.52800
63.53700
63.54300
63.55000
63.56000
63.57000
63.58000
63.58000
63.59300
63.59700
63.59900
63.60900
63.62100
63.62900
63.63400
63.63900
63.63600
63.63700
63.64000
63.65000
63.65100
63.65700
63.66500
63.67600
63.67400
63.68000
63.69200
63.69100
63.69300
63.70700
63.71600
63.72500
63.73100
63.74200
63.75200
63.75500
63.76000
63.76900
63.77100
63.77400
63.78600
63.78100
63.78600
63.78800
63.78900
63.79900
63.81300
63.81700
63.83300
63.83500
63.83800
63.84400
63.85300
63.86000
63.86300
63.86700
63.88200
63.88800
63.88900
63.88900
63.89900
63.90300
63.91800
63.92200
63.94100
63.95400
63.96700
63.97500
63.98800
63.99500
64.00200
64.00400
64.01000
64.01600
64.02000
64.02200
64.03300
64.03900
64.04500
64.06200
64.06100
64.07400
64.08100
64.08800
64.09200
64.10300
64.10000
64.11600
64.12800
64.12300
64.13700
64.13900
64.14500
64.15100
64.16000
64.17100
64.17400
64.17500
64.17600
64.18000
64.19000
64.19800
64.21800
64.23700
64.22700
64.22600
64.24400
64.24700
64.25400
64.26600
64.26700
64.26700
64.27900
64.28300
64.28800
64.30000
64.29900
64.31600
64.33400
64.34200
64.33700
64.34300
64.34900
64.36100
64.36300
64.36400
64.37700
64.38200
64.38800
64.39200
64.40000
64.40900
64.41100
64.41200
64.41400
64.42000
64.43100
64.43400
64.43900
64.44700
64.44700
64.44400
64.45000
64.46100
64.46600
64.46800
64.48200
64.49900
64.50600
64.50400
64.50400
64.50700
64.51100
64.51500
64.52100
64.52600
64.53500
64.55100
64.55800
64.56900
64.57500
64.57300
64.58700
64.59100
64.59200
64.59100
64.61400
64.61200
64.61700
64.63200
64.63400
64.64200
64.64400
64.65400
64.65300
64.66400
64.67100
64.68400
64.69100
64.69400
64.70500
64.71000
64.71400
64.71700
64.71700
64.73500
64.73900
64.75200
64.76100
64.77200
64.78500
64.79000
64.79400
64.80200
64.80500
64.81800
64.82900
64.83100
64.84000
64.84500
64.85800
64.87000
64.87800
64.87800
64.87800
64.87800
64.88100
64.89700
64.90000
64.91100
64.91500
64.91900
64.92300
64.93400
64.94000
64.94200
64.94500
64.94500
64.94700
64.95300
64.96600
64.96600
64.96200
64.98100
64.98700
64.99300
64.99500
64.99500
64.99900
65.00600
65.01000
65.02200
65.02400
65.03300
65.04800
65.05800
65.06800
65.07100
65.07700
65.08000
65.08000
65.07900
65.09400
65.10400
65.10400
65.10600
65.09800
65.11400
65.11600
65.12200
65.12100
65.13600
65.14200
65.14200
65.15100
65.15400
65.16000
65.17000
65.17800
65.17800
65.18300
65.18800
65.19300
65.20200
65.20500
65.21800
65.22200
65.22500
65.23100
65.24000
65.25300
65.25700
65.26800
65.28500
65.29100
65.28700
65.29900
65.30300
65.31000
65.32000
65.32500
65.32700
65.32400
65.33500
65.34300
65.35700
65.36300
65.37300
65.37400
65.38400
65.38000
65.38300
65.39100
65.39700
65.40300
65.40800
65.41400
65.41500
65.42000
65.43500
65.44000
65.44000
65.45000
65.45400
65.46100
65.47100
65.47300
65.47600
65.48300
65.48100
65.49400
65.49900
65.50900
65.51400
65.51800
65.51300
65.52300
65.52800
65.53700
65.53700
65.54300
65.53300
65.54500
65.54400
65.55100
65.56100
65.57600
65.58100
65.59300
65.59600
65.59600
65.60000
65.63000
65.63400
65.63900
65.64400
65.64800
65.64900
65.65700
65.66200
65.67000
65.69100
65.69000
65.70000
65.69500
65.69500
65.69900
65.70400
65.71400
65.71500
65.72100
65.71800
65.71500
65.72600
65.72300
65.72500
65.72600
65.73400
65.74300
65.74500
65.75000
65.75300
65.76600
65.76400
65.78200
65.78900
65.80000
65.80200
65.80100
65.80700
65.81200
65.81100
65.81100
65.81900
65.82700
65.83000
65.83100
65.83900
65.84000
65.84600
65.86800
65.86600
65.86600
65.86900
65.86500
65.86700
65.88200
65.88500
65.88300
65.89400
65.89800
65.90300
65.90500
65.90400
65.92100
65.92400
65.92400
65.92300
65.92800
65.93300
65.93700
65.94200
65.94700
65.94600
65.95600
65.96900
65.97300
65.97800
65.97200
65.97400
65.98200
65.98700
65.99700
66.00100
66.00800
66.00600
66.00700
66.03100
66.03000
66.04000
66.04400
66.04900
66.04400
66.05500
66.06700
66.07000
66.07700
66.08700
66.08800
66.09300
66.09600
66.10200
66.10200
66.10900
66.12000
66.11800
66.12600
66.12600
66.13000
66.12700
66.13300
66.13200
66.13400
66.14800
66.16200
66.16700
66.17600
66.18000
66.18500
66.19300
66.19700
66.20000
66.21300
66.20500
66.20700
66.21100
66.21500
66.22100
66.22400
66.22800
66.22600
66.23500
66.24100
66.24800
66.26200
66.26200
66.26600
66.26700
66.27300
66.27600
66.28000
66.28200
66.28700
66.29200
66.29400
66.30100
66.30500
66.31100
66.33600
66.33800
66.34400
66.34100
66.34800
66.34800
66.35800
66.36700
66.37000
66.37100
66.38700
66.39200
66.40100
66.40700
66.42800
66.42500
66.43300
66.44200
66.45200
66.45600
66.46300
66.46900
66.48100
66.47900
66.48200
66.48700
66.48600
66.49300
66.50400
66.50500
66.51200
66.50700
66.50500
66.51300
66.50800
66.51700
66.52700
66.53200
66.53800
66.54500
66.54700
66.54900
66.55000
66.55200
66.55200
66.55900
66.56700
66.57000
66.57000
66.57800
66.58400
66.58500
66.58900
66.59600
66.59700
66.60600
66.60300
66.61100
66.61300
66.61200
66.62100
66.62900
66.63600
66.63700
66.63700
66.63800
66.64600
66.65200
66.65000
66.65200
66.65700
66.65200
66.65600
66.66200
66.66000
66.66700
66.66600
66.66700
66.67000
66.67200
66.67100
66.67500
66.68100
66.68400
66.68700
66.68900
66.68900
66.69400
66.69900
66.69900
66.69800
66.70200
66.70700
66.71000
66.72000
66.72200
66.72000
66.72500
66.72900
66.73300
66.73700
66.74100
66.74900
66.75200
66.75600
66.75400
66.75700
66.75700
66.76200
66.76600
66.76300
66.76600
66.77100
66.77400
66.77900
66.78200
66.78700
66.79000
66.79400
66.80000
66.79600
66.80100
66.80600
66.81000
66.81200
66.81400
66.82000
66.81800
66.81600
66.81700
66.81600
66.82100
66.82500
66.82200
66.83200
66.83600
66.84200
66.84000
66.84200
66.84700
66.84700
66.84600
66.85900
66.86500
66.86400
66.86400
66.85900
66.86800
66.87200
66.88000
66.88400
66.87900
66.88400
66.89100
66.89400
66.89900
66.91000
66.91400
66.92400
66.92900
66.93500
66.93900
66.94600
66.95800
66.95800
66.95900
66.96600
66.96400
66.97600
66.97600
66.98100
66.99000
66.98900
66.99300
67.00000
67.00200
67.01000
67.00800
67.00600
67.00800
67.00900
67.01200
67.01100
67.02800
67.02900
67.03200
67.03000
67.03300
67.03600
67.04600
67.04100
67.04900
67.05700
67.06100
67.06200
67.07300
67.07900
67.08700
67.09200
67.09600
67.09400
67.09300
67.09600
67.10300
67.10800
67.11200
67.12000
67.12100
67.12800
67.13200
67.14200
67.14800
67.15300
67.16000
67.15900
67.16000
67.16400
67.16400
67.17100
67.17500
67.17400
67.18400
67.18700
67.19300
67.19100
67.19500
67.19400
67.19900
67.21700
67.21700
67.22100
67.22600
67.22600
67.23000
67.23100
67.23500
67.24200
67.24800
67.25200
67.25800
67.26200
67.26000
67.26800
67.27400
67.27400
67.27300
67.27800
67.27200
67.27200
67.27300
67.27700
67.28700
67.29500
67.29700
67.29800
67.29700
67.29600
67.30000
67.31400
67.31600
67.31900
67.32700
67.32600
67.32700
67.32600
67.33000
67.32700
67.33500
67.33600
67.34600
67.34700
67.35200
67.35700
67.36400
67.36500
67.37500
67.37400
67.37200
67.37800
67.37900
67.37800
67.38800
67.40200
67.40200
67.41100
67.41200
67.41200
67.42100
67.42200
67.42000
67.42700
67.42600
67.43000
67.43900
67.45300
67.44900
67.45600
67.45300
67.44600
67.45400
67.46000
67.45900
67.46300
67.46700
67.45800
67.46700
67.46700
67.47600
67.47600
67.47200
67.47200
67.47400
67.47500
67.48200
67.48400
67.48300
67.48100
67.48800
67.49600
67.49700
67.50000
67.51700
67.51700
67.52300
67.52600
67.52500
67.52500
67.52000
67.52200
67.52400
67.52100
67.52800
67.54000
67.54100
67.54400
67.55200
67.55700
67.55800
67.56700
67.56800
67.56800
67.56800
67.57500
67.58100
67.58200
67.58000
67.58900
67.59000
67.58900
67.59600
67.60000
67.60700
67.60800
67.60800
67.60900
67.61800
67.62100
67.62500
67.63400
67.64000
67.64200
67.64700
67.64900
67.65200
67.65800
67.65800
67.66300
67.66800
67.67500
67.67900
67.68600
67.69200
67.69200
67.69100
67.69200
67.69600
67.69600
67.70300
67.70500
67.71500
67.72500
67.72400
67.72300
67.73100
67.73500
67.74000
67.74800
67.75800
67.75400
67.75700
67.76300
67.76400
67.77900
67.79000
67.79100
67.79300
67.79300
67.80100
67.80100
67.80500
67.81700
67.81700
67.82700
67.83100
67.82300
67.82900
67.83600
67.83800
67.84200
67.83800
67.84100
67.85000
67.85700
67.86700
67.87200
67.87800
67.88600
67.89100
67.88600
67.89300
67.89000
67.88300
67.90200
67.90200
67.90100
67.89700
67.90200
67.90800
67.91600
67.92000
67.92900
67.93000
67.93600
67.94200
67.94600
67.95300
67.96100
67.96000
67.95700
67.95500
67.96300
67.97100
67.97100
67.97600
67.98400
67.99700
68.00400
68.00600
68.00900
68.02200
68.02200
68.02200
68.02300
68.02400
68.03500
68.03900
68.03500
68.04300
68.05100
68.05200
68.06500
68.07100
68.07500
68.08800
68.09000
68.09100
68.09000
68.09300
68.10200
68.10000
68.10100
68.10800
68.11000
68.11400
68.11400
68.11900
68.13100
68.13900
68.14900
68.15200
68.15500
68.16000
68.16200
68.16200
68.16600
68.17100
68.17400
68.17500
68.17900
68.18200
68.18600
68.19000
68.19400
68.19700
68.20100
68.20700
68.21200
68.20900
68.21200
68.20900
68.21400
68.21500
68.22300
68.22400
68.23000
68.24200
68.25000
68.25500
68.26300
68.26200
68.27100
68.27500
68.27000
68.27500
68.27800
68.27900
68.28200
68.29500
68.29900
68.30300
68.30900
68.31300
68.31100
68.31900
68.32100
68.32700
68.33200
68.33300
68.34000
68.34800
68.35300
68.35300
68.35800
68.36300
68.36800
68.36900
68.37000
68.36800
68.37500
68.38000
68.38600
68.38800
68.38800
68.39100
68.39900
68.40500
68.41100
68.41400
68.41400
68.41400
68.41600
68.41100
68.41700
68.43000
68.43500
68.43400
68.44400
68.44800
68.45100
68.45000
68.45600
68.45500
68.46900
68.47100
68.47300
68.47500
68.47700
68.48100
68.48600
68.48100
68.48300
68.48800
68.48900
68.49700
68.49900
68.49900
68.50700
68.51400
68.50800
68.50800
68.50900
68.50800
68.51200
68.51800
68.52100
68.52800
68.53400
68.53800
68.54300
68.54100
68.54300
68.54500
68.54800
68.54900
68.54500
68.54800
68.55700
68.56200
68.56400
68.56700
68.57000
68.57900
68.58600
68.58900
68.59400
68.59800
68.59700
68.59500
68.60400
68.60800
68.61500
68.62400
68.62900
68.63700
68.64200
68.65100
68.65700
68.66300
68.66500
68.67400
68.67900
68.67600
68.68400
68.68800
68.68800
68.69200
68.69200
68.70100
68.69800
68.71000
68.70600
68.71300
68.72000
68.71800
68.72200
68.73100
68.73500
68.74000
68.75000
68.75000
68.74600
68.74500
68.74400
68.74900
68.75700
68.76500
68.76900
68.77000
68.77200
68.78600
68.79100
68.79400
68.79700
68.79700
68.79800
68.80600
68.81200
68.80200
68.80100
68.80200
68.81600
68.82500
68.82800
68.83200
68.83900
68.84200
68.84900
68.85800
68.85300
68.85700
68.86000
68.86000
68.86100
68.86800
68.87100
68.88000
68.88700
68.89000
68.89400
68.90300
68.90800
68.91700
68.91700
68.91900
68.92300
68.92500
68.92600
68.93200
68.93700
68.93800
68.93600
68.93800
68.94400
68.94700
68.95800
68.96000
68.96000
68.96500
68.97100
68.97200
68.97300
68.97700
68.98500
68.99100
68.99700
68.99900
69.00000
69.00000
69.00200
69.00800
69.01900
69.02400
69.02300
69.02600
69.02800
69.04100
69.04200
69.04000
69.04900
69.05500
69.05600
69.05700
69.06400
69.06800
69.06600
69.06500
69.06700
69.07700
69.07500
69.08400
69.08800
69.08800
69.08400
69.09200
69.09300
69.09700
69.09800
69.10400
69.10600
69.11200
69.11400
69.11900
69.12500
69.12100
69.12500
69.13100
69.13400
69.13800
69.14400
69.15100
69.16500
69.16600
69.17700
69.18500
69.18400
69.19000
69.19100
69.18800
69.19000
69.19900
69.20200
69.20300
69.20500
69.20800
69.21700
69.21500
69.21800
69.21900
69.22300
69.22700
69.22500
69.22600
69.23300
69.22800
69.23600
69.24000
69.24900
69.24900
69.24600
69.25500
69.25500
69.26300
69.26300
69.25900
69.26800
69.27100
69.27100
69.27200
69.27900
69.28800
69.28500
69.28600
69.29200
69.29400
69.29600
69.29800
69.29800
69.30200
69.30700
69.31100
69.32000
69.32200
69.33500
69.33600
69.33600
69.33800
69.34800
69.35000
69.35200
69.35300
69.35900
69.36000
69.36500
69.36700
69.37500
69.38100
69.39100
69.39800
69.40400
69.40700
69.40900
69.40600
69.41000
69.41000
69.41400
69.41800
69.42700
69.43300
69.43400
69.43500
69.44400
69.44400
69.45100
69.45100
69.44900
69.45000
69.46000
69.46700
69.47100
69.47400
69.47900
69.47600
69.47800
69.47800
69.49000
69.49100
69.49700
69.50000
69.50600
69.51700
69.52000
69.53000
69.53200
69.53500
69.53600
69.54300
69.54700
69.55400
69.55600
69.56400
69.57300
69.58300
69.58500
69.58900
69.59500
69.59400
69.60500
69.60900
69.60800
69.60700
69.61000
69.60900
69.61300
69.62300
69.63000
69.63600
69.63700
69.63600
69.63700
69.64600
69.64800
69.65000
69.66200
69.66300
69.66600
69.67500
69.68600
69.68600
69.69200
69.68900
69.69400
69.69400
69.70100
69.71000
69.71900
69.71700
69.72500
69.72700
69.73400
69.74100
69.74600
69.74800
69.74700
69.75900
69.76500
69.76800
69.77300
69.77700
69.78100
69.78700
69.79100
69.78900
69.79000
69.79600
69.79900
69.80800
69.81100
69.82100
69.82100
69.83200
69.84100
69.84700
69.85300
69.85100
69.85400
69.85800
69.86000
69.86200
69.86800
69.87800
69.88300
69.88600
69.88700
69.89100
69.89700
69.90100
69.90700
69.91200
69.91900
69.92100
69.92500
69.92900
69.93300
69.93800
69.93900
69.94200
69.95600
69.95800
69.97400
69.97900
69.97900
69.97700
69.98100
69.98000
69.98500
69.99600
69.99900
70.00000
70.01100
70.01300
70.02100
70.02900
70.02900
70.04200
70.04500
70.05100
70.05500
70.05500
70.06000
70.06000
70.05800
70.06900
70.06300
70.06700
70.07700
70.07900
70.09100
70.08900
70.09400
70.09500
70.10000
70.10900
70.11300
70.11700
70.11700
70.12200
70.13000
70.13600
70.13800
70.14000
70.14600
70.15300
70.15700
70.16100
70.17400
70.18000
70.18400
70.18400
70.18400
70.18700
70.18700
70.19500
70.20200
70.20900
70.21500
70.22800
70.23300
70.23600
70.23400
70.24300
70.24700
70.25100
70.25200
70.25800
70.25600
70.25900
70.25900
70.26300
70.27600
70.27600
70.28000
70.28500
70.29000
70.29100
70.29000
70.29200
70.30500
70.31300
70.31700
70.31900
70.32100
70.32500
70.33300
70.34500
70.35000
70.35300
70.35100
70.36000
70.36000
70.35600
70.35200
70.35500
70.35500
70.36700
70.36600
70.37500
70.37800
70.38300
70.38300
70.39300
70.39600
70.39800
70.40200
70.39800
70.40400
70.41100
70.41700
70.42700
70.43000
70.43200
70.43200
70.44100
70.44300
70.45000
70.45500
70.46800
70.46700
70.46900
70.47800
70.48600
70.49400
70.49600
70.50000
70.50000
70.50400
70.50500
70.50500
70.50000
70.50500
70.50600
70.50500
70.51300
70.52000
70.53300
70.53900
70.54300
70.54900
70.55000
70.54700
70.55100
70.55000
70.55100
70.55300
70.55900
70.56700
70.56600
70.57300
70.57300
70.59100
70.59000
70.59700
70.60100
70.60100
70.60600
70.61100
70.61100
70.61400
70.62600
70.63000
70.63300
70.63500
70.63800
70.63600
70.63600
70.63400
70.64100
70.64700
70.64400
70.65200
70.65200
70.65500
70.66100
70.66600
70.67100
70.67600
70.68300
70.68600
70.68400
70.68300
70.69100
70.69800
70.69600
70.69900
70.70200
70.70200
70.69900
70.70900
70.71600
70.71600
70.72000
70.72300
70.72900
70.73400
70.73900
70.74000
70.74800
70.74900
70.74800
70.75800
70.76100
70.76700
70.77200
70.77800
70.77600
70.78200
70.79100
70.79100
70.79000
70.79100
70.80200
70.80700
70.81300
70.81400
70.81800
70.82500
70.82800
70.83600
70.84300
70.84700
70.84900
70.85300
70.85800
70.86200
70.86800
70.86500
70.86900
70.88000
70.88200
70.89000
70.89400
70.89700
70.90200
70.90800
70.91300
70.92500
70.92500
70.93000
70.93500
70.93300
70.94000
70.94300
70.94400
70.95100
70.95400
70.95700
70.95700
70.96400
70.97100
70.97600
70.97900
70.99100
70.98900
70.99100
70.99500
70.99000
70.99300
70.99400
70.99400
71.00100
71.00300
71.00500
71.01100
71.01600
71.02100
71.02800
71.02700
71.02400
71.03400
71.04200
71.04600
71.04800
71.05400
71.06000
71.05900
71.06400
71.08100
71.08500
71.08200
71.08000
71.09000
71.09200
71.09200
71.09400
71.09500
71.09500
71.10000
71.10400
71.11000
71.11800
71.11700
71.11800
71.12000
71.12300
71.12100
71.12300
71.13200
71.12900
71.13100
71.13100
71.13700
71.14900
71.15000
71.15400
71.15500
71.16300
71.16800
71.17300
71.18100
71.18800
71.18600
71.19000
71.19300
71.20100
71.21200
71.21500
71.21600
71.21500
71.21300
71.21500
71.22100
71.22400
71.22700
71.23400
71.22900
71.23500
71.24100
71.24000
71.24400
71.24300
71.24100
71.24700
71.24800
71.25000
71.25200
71.25900
71.25700
71.26300
71.26800
71.26700
71.27500
71.27700
71.28100
71.28300
71.28300
71.28400
71.28700
71.28900
71.29400
71.29500
71.29800
71.30500
71.30900
71.31700
71.31400
71.31700
71.32200
71.32100
71.32600
71.33000
71.33800
71.34000
71.33700
71.34200
71.34400
71.35200
71.36000
71.35800
71.36200
71.35800
71.36100
71.36700
71.37200
71.37000
71.37000
71.37500
71.37900
71.38300
71.38500
71.39300
71.39900
71.40600
71.40900
71.41000
71.41500
71.41400
71.41700
71.42100
71.42000
71.42700
71.43000
71.42900
71.42800
71.43400
71.43600
71.44000
71.44200
71.44900
71.45200
71.45800
71.45900
71.45900
71.46200
71.45800
71.46800
71.47000
71.47000
71.47000
71.46900
71.46600
71.46300
71.46600
71.46700
71.47000
71.47200
71.47100
71.48000
71.48200
71.48300
71.48500
71.48800
71.49000
71.49200
71.49400
71.49400
71.49200
71.49400
71.49700
71.50500
71.50800
71.50700
71.50500
71.50900
71.51200
71.51900
71.52200
71.52300
71.52900
71.53500
71.53700
71.53700
71.53900
71.53900
71.54100
71.54800
71.54900
71.55000
71.54700
71.55200
71.55100
71.55700
71.56000
71.56300
71.57000
71.56900
71.57200
71.57100
71.57400
71.57900
71.58400
71.58700
71.59200
71.59200
71.60200
71.60500
71.60700
71.61700
71.62000
71.62000
71.62600
71.62600
71.62800
71.63800
71.64000
71.64400
71.64300
71.64400
71.64100
71.64800
71.64700
71.66000
71.67000
71.66500
71.66300
71.66800
71.67300
71.66900
71.66900
71.66900
71.67300
71.67800
71.68100
71.67900
71.68300
71.68600
71.68700
71.68900
71.69000
71.69200
71.69400
71.69700
71.70100
71.70100
71.70200
71.71100
71.71500
71.71900
71.72600
71.72300
71.72700
71.72800
71.73600
71.73700
71.73600
71.74800
71.75100
71.75500
71.75400
71.75600
71.76200
71.77100
71.76800
71.77200
71.77200
71.77700
71.78900
71.79200
71.79400
71.79800
71.80300
71.80500
71.80700
71.81200
71.81800
71.82100
71.82400
71.82800
71.83000
71.83500
71.83800
71.84600
71.85100
71.85000
71.85300
71.86200
71.86600
71.86200
71.86600
71.87800
71.87600
71.87600
71.88000
71.88100
71.88700
71.89400
71.90000
71.89700
71.90000
71.90200
71.90500
71.91000
71.91100
71.91200
71.91500
71.91700
71.91700
71.91700
71.91200
71.92000
71.92300
71.91900
71.92200
71.93000
71.93500
71.94000
71.94100
71.94900
71.94900
71.94800
71.94800
71.95100
71.95300
71.95700
71.95900
71.95800
71.96100
71.96400
71.96500
71.96200
71.97100
71.97800
71.97700
71.98000
71.98400
71.99000
71.98600
71.98700
71.98600
71.98200
71.98400
71.99200
71.99500
71.99800
71.99900
72.00000
72.00200
72.00600
72.01300
72.01200
72.01400
72.02100
72.02200
72.02900
72.02700
72.02700
72.02900
72.03200
72.03700
72.03900
72.04300
72.04600
72.04400
72.05200
72.05900
72.06300
72.06800
72.06400
72.06500
72.06900
72.07200
72.07400
72.08100
72.08100
72.08700
72.09100
72.09300
72.09100
72.09300
72.09600
72.10000
72.10000
72.09900
72.10500
72.10800
72.10700
72.11400
72.11500
72.11500
72.11800
72.12500
72.13400
72.13600
72.13600
72.13500
72.14200
72.14500
72.14800
72.15200
72.15700
72.15600
72.16400
72.16600
72.17000
72.17300
72.17100
72.17500
72.17800
72.17800
72.18200
72.18500
72.18500
72.18400
72.18900
72.19200
72.19900
72.20300
72.20500
72.20800
72.21100
72.21200
72.21800
72.22200
72.22000
72.22500
72.22800
72.22400
72.22700
72.23000
72.23600
72.23900
72.24100
72.24400
72.24900
72.25100
72.25400
72.25700
72.25800
72.26300
72.26000
72.25700
72.25900
72.26100
72.26400
72.26400
72.27200
72.27200
72.27400
72.27100
72.26800
72.27200
72.27700
72.28000
72.28000
72.28900
72.29500
72.29900
72.30300
72.30200
72.30300
72.30500
72.31300
72.31400
72.31900
72.32200
72.32200
72.33100
72.33800
72.34100
72.33800
72.34100
72.34400
72.34400
72.34200
72.34500
72.35000
72.35300
72.35500
72.36100
72.36500
72.36300
72.36800
72.37000
72.37300
72.38300
72.38500
72.38800
72.38900
72.38600
72.39200
72.39600
72.39900
72.40500
72.40100
72.40100
72.40700
72.41200
72.41300
72.41500
72.41800
72.41800
72.42200
72.42900
72.42900
72.43600
72.43900
72.44200
72.44300
72.44400
72.44900
72.45000
72.45400
72.45800
72.46200
72.46200
72.47400
72.47900
72.48200
72.48100
72.48700
72.48900
72.49400
72.49900
72.50200
72.50300
72.50900
72.51300
72.52200
72.52500
72.52200
72.52300
72.52300
72.52300
72.52400
72.53000
72.53300
72.54000
72.54600
72.54400
72.55000
72.55500
72.55900
72.56200
72.56300
72.56300
72.56800
72.57200
72.57600
72.58500
72.59500
72.59800
72.60000
72.60100
72.61200
72.61100
72.61400
72.61500
72.62700
72.62900
72.63100
72.63800
72.64700
72.65100
72.65500
72.65700
72.65900
72.66400
72.66900
72.66900
72.67400
72.68500
72.68800
72.69100
72.69100
72.69600
72.69800
72.70100
72.70400
72.70700
72.70900
72.70900
72.71700
72.71700
72.71700
72.71700
72.72600
72.73000
72.73100
72.73200
72.73300
72.73600
72.73700
72.73300
72.74100
72.74200
72.74400
72.74300
72.75100
72.75100
72.75200
72.75300
72.75100
72.75700
72.76300
72.76900
72.76600
72.77200
72.78400
72.78800
72.78500
72.79300
72.79600
72.80000
72.80300
72.80300
72.80300
72.81000
72.81700
72.82300
72.82200
72.83300
72.83300
72.83900
72.84700
72.85100
72.85300
72.85400
72.86000
72.85900
72.86800
72.87400
72.87500
72.87600
72.88000
72.89000
72.89400
72.89900
72.90800
72.90900
72.91200
72.91500
72.92000
72.92000
72.92300
72.92100
72.92800
72.93000
72.93700
72.93800
72.94000
72.94000
72.94300
72.95000
72.95200
72.95400
72.96100
72.96500
72.97100
72.97100
72.97500
72.97800
72.98300
72.98600
72.98500
72.99300
72.99100
72.99800
73.00300
73.00900
73.01500
73.01400
73.02100
73.02400
73.03100
73.03100
73.03900
73.04000
73.04600
73.04600
73.04600
73.04600
73.05100
73.05800
73.06400
73.07200
73.07700
73.07600
73.07700
73.08000
73.08700
73.08800
73.09600
73.10100
73.10900
73.11000
73.11500
73.11900
73.12000
73.12100
73.12500
73.13100
73.13600
73.13800
73.14100
73.14400
73.15300
73.15900
73.16000
73.16500
73.17100
73.16800
73.17000
73.17900
73.18300
73.19000
73.20000
73.20400
73.20900
73.20800
73.21100
73.21500
73.22100
73.22400
73.23700
73.24300
73.24200
73.24600
73.24700
73.25700
73.26000
73.26200
73.26200
73.26500
73.27000
73.27300
73.27400
73.27900
73.29200
73.29300
73.29900
73.30000
73.30500
73.30900
73.31400
73.31300
73.31200
73.30900
73.31400
73.32000
73.31900
73.31900
73.32500
73.32800
73.32600
73.32900
73.33400
73.33800
73.33700
73.33500
73.33900
73.34100
73.34600
73.34400
73.34600
73.34900
73.35300
73.35400
73.36100
73.36100
73.36400
73.36800
73.36900
73.37400
73.38000
73.38100
73.39000
73.39200
73.39600
73.39700
73.39400
73.39300
73.39500
73.39700
73.40200
73.41000
73.41100
73.41300
73.41800
73.41900
73.42100
73.42200
73.42600
73.42600
73.42600
73.42900
73.43500
73.43800
73.43900
73.43700
73.44200
73.44700
73.45400
73.45700
73.46100
73.46200
73.46700
73.46800
73.47100
73.47400
73.47000
73.47200
73.47600
73.47700
73.48400
73.49000
73.49100
73.49100
73.49200
73.49100
73.49500
73.49700
73.49900
73.50400
73.51000
73.50800
73.51200
73.51100
73.51200
73.51400
73.52000
73.52400
73.53200
73.53200
73.53600
73.53900
73.53700
73.54200
73.54300
73.54600
73.54900
73.55200
73.55500
73.55400
73.56500
73.56200
73.56500
73.56900
73.57200
73.57700
73.57600
73.58000
73.58100
73.58300
73.58600
73.59000
73.59100
73.59600
73.60200
73.60000
73.60200
73.60600
73.60400
73.61000
73.61000
73.61400
73.61800
73.61900
73.62700
73.63400
73.63600
73.64400
73.64600
73.64300
73.64200
73.64700
73.65200
73.65700
73.65800
73.66400
73.66800
73.66900
73.67000
73.67400
73.67400
73.67600
73.68200
73.68800
73.69100
73.69300
73.69400
73.70000
73.70300
73.71000
73.71300
73.71600
73.71400
73.71900
73.72100
73.72400
73.72100
73.72100
73.71900
73.72100
73.72300
73.72500
73.72700
73.73000
73.73300
73.73300
73.73500
73.74100
73.74300
73.74500
73.74700
73.74700
73.75400
73.75700
73.76400
73.77000
73.77400
73.77600
73.77600
73.77300
73.77300
73.77300
73.77600
73.78200
73.78500
73.78700
73.79100
73.79000
73.79300
73.79200
73.79400
73.80000
73.80500
73.81000
73.81700
73.81800
73.82100
73.83100
73.83800
73.83800
73.83800
73.84300
73.84200
73.84800
73.84900
73.84800
73.85300
73.86300
73.87100
73.87200
73.88000
73.88100
73.88400
73.88900
73.89000
73.89200
73.89500
73.89800
73.89900
73.90200
73.90500
73.91200
73.91600
73.91900
73.91900
73.92300
73.92200
73.93000
73.93600
73.93800
73.93800
73.94100
73.94500
73.94800
73.94600
73.94900
73.95200
73.95200
73.95800
73.96000
73.96600
73.97200
73.97600
73.97800
73.98000
73.97900
73.98500
73.98900
73.99700
73.99900
73.99900
74.00800
74.01200
74.01200
74.01800
74.02000
74.02400
74.02900
74.03200
74.03600
74.04100
74.03700
74.04400
74.04700
74.05800
74.06000
74.05900
74.06000
74.06400
74.06600
74.07300
74.07600
74.07900
74.08300
74.08500
74.08700
74.08900
74.09400
74.09500
74.09300
74.09700
74.10100
74.10500
74.10800
74.11500
74.11500
74.11800
74.12400
74.12700
74.13100
74.13100
74.13300
74.14000
74.14500
74.14800
74.14900
74.15300
74.16000
74.16100
74.16500
74.16700
74.16600
74.17400
74.17100
74.17700
74.18100
74.18400
74.19000
74.19000
74.19400
74.19100
74.19800
74.20000
74.20100
74.20700
74.20900
74.21100
74.21200
74.21100
74.21700
74.22000
74.22400
74.22600
74.23000
74.23600
74.23700
74.23600
74.23900
74.24400
74.25300
74.25100
74.24800
74.25200
74.25300
74.25100
74.25200
74.25100
74.25100
74.25400
74.25500
74.25600
74.26100
74.26500
74.27200
74.27900
74.28200
74.28200
74.28800
74.28300
74.28900
74.29300
74.29900
74.29900
74.30200
74.30700
74.31000
74.31400
74.31900
74.32200
74.32100
74.32400
74.32900
74.33200
74.33000
74.33300
74.33600
74.34300
74.34500
74.34600
74.35100
74.35300
74.35700
74.35700
74.36300
74.36800
74.37100
74.37100
74.37300
74.37500
74.37300
74.37900
74.38500
74.38500
74.39000
74.39300
74.39500
74.39500
74.40200
74.40300
74.40400
74.40500
74.41000
74.40800
74.41300
74.41800
74.42200
74.42400
74.42700
74.43000
74.42600
74.43000
74.42900
74.43300
74.43200
74.43600
74.43800
74.44100
74.44200
74.44500
74.45000
74.44800
74.45200
74.45400
74.45100
74.45400
74.45200
74.45200
74.45400
74.45700
74.45800
74.46100
74.46400
74.46900
74.47100
74.47400
74.47600
74.47200
74.47300
74.47500
74.48000
74.48200
74.48200
74.48400
74.48700
74.49300
74.49400
74.49500
74.49400
74.49300
74.49600
74.49800
74.50700
74.51600
74.52000
74.52300
74.52000
74.52100
74.52400
74.53000
74.52900
74.53000
74.53200
74.53700
74.53900
74.53800
74.54400
74.54100
74.53900
74.54100
74.54100
74.54700
74.55200
74.55800
74.55900
74.56100
74.57000
74.57200
74.56700
74.56700
74.57000
74.56800
74.56900
74.57300
74.57400
74.57400
74.57600
74.58100
74.58400
74.58800
74.58900
74.58800
74.59500
74.59700
74.59800
74.60200
74.60700
74.60800
74.60600
74.61700
74.61800
74.62200
74.62200
74.62500
74.62900
74.63000
74.63400
74.63300
74.63300
74.63700
74.64300
74.64500
74.64400
74.64500
74.64800
74.65200
74.65700
74.65900
74.66300
74.66700
74.67000
74.66900
74.68000
74.67900
74.68200
74.68800
74.68900
74.69400
74.69100
74.69400
74.69600
74.69900
74.70500
74.70900
74.71100
74.71700
74.72400
74.72700
74.72700
74.73100
74.73300
74.73100
74.73400
74.74200
74.74500
74.74300
74.74800
74.75000
74.75000
74.75400
74.75700
74.75500
74.75700
74.76100
74.76500
74.77000
74.76900
74.76800
74.77200
74.77100
74.77500
74.78400
74.78400
74.79000
74.79100
74.79200
74.79800
74.80100
74.80300
74.80400
74.80100
74.80600
74.80800
74.80800
74.81300
74.81900
74.82700
74.82800
74.83100
74.83200
74.83700
74.84300
74.85000
74.85300
74.85400
74.85600
74.85500
74.85400
74.85500
74.85700
74.86100
74.86300
74.86300
74.86300
74.87400
74.87400
74.87900
74.88200
74.88000
74.88400
74.88800
74.88800
74.88800
74.88600
74.88700
74.89200
74.89500
74.89600
74.90000
74.90700
74.90400
74.90900
74.91200
74.91200
74.91400
74.91500
74.92000
74.92000
74.92300
74.92700
74.92400
74.93200
74.93400
74.94100
74.94300
74.94500
74.94100
74.94500
74.94300
74.94800
74.94900
74.95000
74.95300
74.95400
74.95800
74.95800
74.95800
74.96100
74.96300
74.96100
74.96200
74.96300
74.96700
74.96600
74.96700
74.96900
74.96800
74.96900
74.97200
74.97700
74.98300
74.98700
74.98400
74.98600
74.99300
74.99600
74.99900
75.00000
75.00200
75.00000
75.00000
75.00300
75.00500
75.01100
75.01300
75.01300
75.01600
75.01800
75.02200
75.02400
75.02600
75.02500
75.02700
75.02300
75.03000
75.03100
75.03000
75.03200
75.03500
75.03700
75.03900
75.04000
75.03700
75.03800
75.04500
75.04300
75.04700
75.04500
75.04300
75.04800
75.04800
75.05000
75.05300
75.05900
75.06100
75.06400
75.06500
75.06600
75.06600
75.06500
75.06600
75.07000
75.07100
75.07000
75.07200
75.07400
75.07700
75.07800
75.08000
75.07800
75.08100
75.08300
75.08700
75.08600
75.08600
75.09000
75.09600
75.09400
75.09600
75.09700
75.09600
75.10100
75.10700
75.10700
75.11100
75.11000
75.11100
75.11100
75.11500
75.11700
75.11700
75.12100
75.12400
75.12300
75.12600
75.13100
75.13400
75.13900
75.13700
75.13700
75.13700
75.14200
75.14400
75.14600
75.14200
75.14700
75.15300
75.15600
75.15700
75.16000
75.16300
75.16500
75.16500
75.16300
75.16400
75.16900
75.17400
75.17600
75.17500
75.17400
75.18100
75.18200
75.18500
75.18600
75.18800
75.19100
75.19300
75.19600
75.19400
75.19800
75.20100
75.20200
75.20800
75.21200
75.21300
75.21300
75.21600
75.21400
75.22000
75.21800
75.22100
75.22700
75.23000
75.23100
75.23100
75.23500
75.23600
75.23800
75.24200
75.24300
75.24400
75.24700
75.24800
75.25000
75.25000
75.24800
75.25200
75.25200
75.25300
75.25600
75.25800
75.26100
75.25900
75.26500
75.26500
75.26600
75.26800
75.26900
75.27000
75.26900
75.27200
75.27800
75.28200
75.28300
75.28300
75.28300
75.28200
75.28200
75.27800
75.28500
75.28600
75.28700
75.28900
75.28900
75.29500
75.30000
75.30300
75.29900
75.30000
75.30400
75.30500
75.30700
75.30700
75.30800
75.31300
75.32000
75.32400
75.32700
75.32600
75.32500
75.32900
75.32800
75.33000
75.33100
75.33200
75.33900
75.33800
75.34000
75.34200
75.34400
75.34300
75.34200
75.34900
75.35000
75.35300
75.35500
75.35600
75.36000
75.36000
75.36200
75.36500
75.36800
75.37200
75.37300
75.37500
75.37700
75.37600
75.37700
75.37700
75.37800
75.38100
75.38700
75.38500
75.39200
75.39700
75.39600
75.40000
75.39800
75.40300
75.40800
75.41300
75.41800
75.41900
75.41900
75.42400
75.42900
75.43200
75.43600
75.43700
75.43900
75.44100
75.44500
75.44800
75.44900
75.45500
75.45300
75.46000
75.46100
75.46100
75.46100
75.46400
75.47000
75.47500
75.48000
75.48100
75.48100
75.48900
75.48800
75.49600
75.50100
75.50400
75.50700
75.51100
75.51300
75.51700
75.52100
75.52500
75.53000
75.53400
75.53800
75.54400
75.55000
75.55000
75.55500
75.55900
75.56100
75.56800
75.57600
75.57700
75.58100
75.58800
75.59200
75.59500
75.59700
75.59700
75.60200
75.61000
75.61200
75.61500
75.62100
75.62300
75.62900
75.63400
75.63900
75.64400
75.64800
75.65100
75.65600
75.66100
75.66100
75.66500
75.66800
75.67500
75.67600
75.67900
75.68400
75.68800
75.69000
75.69500
75.69600
75.70300
75.70700
75.70700
75.70900
75.70800
75.71300
75.71400
75.71900
75.72300
75.72800
75.73300
75.73700
75.73800
75.74000
75.74200
75.74500
75.74900
75.75300
75.75600
75.76100
75.76300
75.76400
75.76700
75.76800
75.76900
75.77100
75.77400
75.77400
75.77700
75.78200
75.78300
75.78500
75.78900
75.79200
75.79300
75.79700
75.79900
75.80400
75.80400
75.80800
75.81200
75.81300
75.81500
75.81800
75.81900
75.82100
75.82700
75.83000
75.83100
75.83000
75.83100
75.83400
75.83900
75.83900
75.84400
75.84600
75.84600
75.84600
75.84700
75.84800
75.85100
75.85200
75.85200
75.85400
75.85800
75.85900
75.86100
75.86200
75.86200
75.86300
75.86400
75.86600
75.86900
75.86900
75.86900
75.87100
75.87000
75.87300
75.87400
75.87500
75.87600
75.88100
75.88200
75.88200
75.88300
75.88500
75.88500
75.88500
75.88800
75.89200
75.89300
75.89300
75.89400
75.89700
75.89900
75.89800
75.90100
75.90400
75.90400
75.90600
75.90600
75.90700
75.91000
75.91400
75.91600
75.91800
75.92000
75.92400
75.92400
75.92800
75.92900
75.92700
75.93000
75.93100
75.93300
75.93400
75.93700
75.93600
75.93900
75.94000
75.94200
75.94400
75.94400
75.94400
75.94500
75.94500
75.94500
75.94700
75.94700
75.94500
75.94500
75.94700
75.95000
75.94900
75.95100
75.95200
75.95300
75.95200
75.95300
75.95300
75.95100
75.95300
75.95600
75.95500
75.95600
75.95600
75.95600
75.95600
75.95700
75.95800
75.95800
75.96000
75.96300
75.96300
75.96300
75.96500
75.96800
75.96900
75.96600
75.96800
75.96900
75.96900
75.97000
75.97100
75.97300
75.97400
75.97400
75.97500
75.97500
75.97600
75.97700
75.97800
75.97900
75.97800
75.97700
75.98000
75.98100
75.98100
75.98300
75.98300
75.98200
75.98200
75.98400
75.98300
75.98500
75.98500
75.98400
75.98700
75.98700
75.98900
75.98900
75.99100
75.99300
75.99300
75.99300
75.99300
75.99300
75.99400
75.99300
75.99300
75.99300
75.99200
75.99200
75.99200
75.99200
75.99200
75.99300
75.99200
75.99200
75.99200
75.98900
75.99000
75.99000
75.99000
75.99000
75.98900
75.98900
75.99100
75.99100
75.98900
75.98900
75.98900
75.98900
75.98800
75.98800
75.98900
75.99100
75.99000
75.99000
75.98900
75.98800
75.98800
75.98500
75.98600
75.98600
75.98700
75.98400
75.98300
75.98400
75.98300
75.98100
75.98200
75.98200
75.98200
75.98300
75.98400
75.98500
75.98500
75.98400
75.98500
75.98600
75.98500
75.98300
75.98500
75.98600
75.98500
75.98400
75.98500
75.98500
75.98500
75.98400
75.98400
75.98500
75.98400
75.98400
75.98200
75.98400
75.98500
75.98400
75.98500
75.98400
75.98200
75.98300
75.98500
75.98400
75.98400
75.98500
75.98400
75.98500
75.98500
75.98400
75.98500
75.98500
75.98600
75.98600
75.98500
75.98500
75.98700
75.98700
75.98800
75.98700
75.98900
75.98800
75.98800
75.98700
75.98600
75.98700
75.98600
75.98500
75.98500
75.98400
75.98400
75.98400
75.98500
75.98600
75.98800
75.99000
75.98800
75.98900
75.98900
75.99000
75.99000
75.99100
75.99000
75.99100
75.99000
75.98800
75.98900
75.98800
75.98700
75.98700
75.98800
75.98800
75.98900
75.99000
75.98900
75.98900
75.99200
75.99300
75.99200
75.99300
75.99100
75.99100
75.99200
75.99200
75.99100
75.99100
75.98900
75.98800
75.98900
75.99100
75.99300
75.99200
75.99200
75.98800
75.98800
75.98700
75.98500
75.98500
75.98300
75.98200
75.98200
75.98100
75.98300
75.98500
75.98600
75.98600
75.98600
75.98700
75.98900
75.98700
75.98600
75.98600
75.98800
75.98900
75.98800
75.98600
75.98600
75.98400
75.98500
75.98500
75.98600
75.98400
75.98300
75.98100
75.98000
75.97800
75.97700
75.97600
75.97500
75.97400
75.97400
75.97500
75.97700
75.97800
75.97600
75.97500
75.97600
75.97600
75.97500
75.97400
75.97400
75.97400
75.97400
75.97200
75.97200
75.97200
75.97200
75.97300
75.97100
75.97100
75.97100
75.97000
75.96900
75.96800
75.97000
75.97000
75.97000
75.96900
75.96900
75.96800
75.97000
75.96900
75.96900
75.96800
75.96600
75.96500
75.96500
75.96600
75.96500
75.96600
75.96500
75.96300
75.96400
75.96500
75.96700
75.96600
75.96500
75.96500
75.96400
75.96600
75.96800
75.96700
75.96600
75.96700
75.96400
75.96600
75.96600
75.96500
75.96300
75.96400
75.96500
75.96400
75.96500
75.96100
75.96200
75.96100
75.96000
75.95800
75.95900
75.95800
75.95800
75.96100
75.95900
75.96200
75.96200
75.96300
75.96400
75.96400
75.96400
75.96300
75.96300
75.96300
75.96300
75.96300
75.96200
75.96000
75.96100
75.96300
75.96500
75.96400
75.96200
75.96000
75.96100
75.96100
75.96200
75.96200
75.96200
75.96200
75.96200
75.96300
75.96300
75.96200
75.96200
75.96100
75.96000
75.95900
75.95900
75.96000
75.95700
75.95800
75.95700
75.95800
75.95900
75.95800
75.95900
75.96100
75.96100
75.96000
75.96000
75.96300
75.96200
75.96100
75.96000
75.95900
75.96100
75.96100
75.96000
75.96000
75.96000
75.96100
75.96100
75.95900
75.95500
75.95500
75.95500
75.95500
75.95500
75.95500
75.95200
75.95300
75.95100
75.95200
75.95200
75.95100
75.95100
75.95100
75.95000
75.94900
75.94900
75.94800
75.95100
75.94700
75.94600
75.94500
75.94400
75.94600
75.94400
75.94500
75.94500
75.94500
75.94500
75.94400
75.94400
75.94400
75.94300
75.94100
75.93900
75.94000
75.93900
75.93900
75.93800
75.93800
75.93700
75.93700
75.93600
75.93700
75.93400
75.93300
75.93100
75.93000
75.93000
75.92900
75.93000
75.92900
75.92800
75.92700
75.92600
75.92400
75.92400
75.92500
75.92600
75.92400
75.92400
75.92000
75.91900
75.92000
75.92000
75.91800
75.92000
75.92100
75.92100
75.92000
75.92000
75.92200
75.92100
75.92000
75.91900
75.92000
75.91900
75.91900
75.91900
75.91900
75.91800
75.91900
75.91700
75.91700
75.91600
75.91500
75.91500
75.91500
75.91500
75.91700
75.91600
75.91700
75.91400
75.91500
75.91400
75.91500
75.91400
75.91400
75.91300
75.91300
75.91400
75.91300
75.91300
75.91300
75.91100
75.91100
75.91000
75.91000
75.90800
75.90900
75.90800
75.90700
75.90600
75.90500
75.90400
75.90400
75.90300
75.90300
75.90200
75.90000
75.89800
75.89800
75.89700
75.89500
75.89600
75.89600
75.89500
75.89400
75.89400
75.89400
75.89300
75.89200
75.89200
75.88900
75.88900
75.88800
75.88700
75.88700
75.88600
75.88400
75.88300
75.88500
75.88500
75.88600
75.88300
75.88200
75.88200
75.88200
75.88200
75.88100
75.88200
75.88000
75.88000
75.87900
75.87900
75.87600
75.87800
75.87800
75.87800
75.87800
75.87700
75.87500
75.87300
75.87200
75.87400
75.87400
75.87500
75.87400
75.87500
75.87500
75.87500
75.87200
75.87300
75.87300
75.87300
75.87300
75.87300
75.87100
75.86900
75.86900
75.86900
75.87000
75.86900
75.86800
75.86700
75.86600
75.86600
75.86600
75.86800
75.86900
75.86700
75.86700
75.86600
75.86700
75.86700
75.86600
75.86500
75.86600
75.86600
75.86600
75.86600
75.86700
75.86700
75.86700
75.86700
75.86600
75.86500
75.86500
75.86500
75.86600
75.86700
75.86700
75.86400
75.86400
75.86500
75.86500
75.86500
75.86400
75.86400
75.86400
75.86400
75.86400
75.86200
75.86100
75.86100
75.86400
75.86300
75.86100
75.86300
75.86200
75.86200
75.86200
75.86300
75.86400
75.86400
75.86400
75.86300
75.86200
75.86100
75.86100
75.86100
75.86100
75.86100
75.86100
75.86200
75.86200
75.86200
75.86300
75.86400
75.86400
75.86200
75.86200
75.86200
75.86200
75.86300
75.86400
75.86600
75.86800
75.86800
75.86800
75.86800
75.86800
75.86900
75.87000
75.87000
75.87000
75.87000
75.87000
75.87000
75.87000
75.87000
75.87100
75.87100
75.87400
75.87400
75.87300
75.87300
75.87400
75.87500
75.87500
75.87900
75.88000
75.88000
75.88300
75.88300
75.88400
75.88300
75.88400
75.88400
75.88300
75.88300
75.88300
75.88300
75.88300
75.88300
75.88500
75.88600
75.88600
75.88700
75.88800
75.88800
75.89000
75.89100
75.89200
75.89200
75.89600
75.89400
75.89400
75.89300
75.89400
75.89500
75.89600
75.89600
75.89600
75.89600
75.89700
75.90000
75.90000
75.90000
75.90000
75.90000
75.90100
75.90000
75.90000
75.90000
75.90000
75.89900
75.89900
75.90100
75.90100
75.90200
75.90200
75.90300
75.90400
75.90400
75.90400
75.90500
75.90600
75.90700
75.90700
75.90700
75.90900
75.90900
75.90800
75.90800
75.90700
75.90700
75.90600
75.90400
75.90500
75.90600
75.90600
75.90600
75.90900
75.90800
75.90800
75.91000
75.91000
75.91100
75.91000
75.90900
75.90900
75.90900
75.91000
75.91100
75.91200
75.91100
75.91200
75.91300
75.91200
75.91200
75.91500
75.91600
75.91800
75.91900
75.91800
75.91900
75.92000
75.92100
75.92100
75.92200
75.92200
75.92100
75.92300
75.92300
75.92400
75.92500
75.92700
75.93000
75.92900
75.93000
75.93100
75.93300
75.93400
75.93400
75.93500
75.93500
75.93600
75.93900
75.93900
75.94000
75.94100
75.94100
75.94100
75.94200
75.94100
75.94200
75.94100
75.94000
75.94000
75.94100
75.94000
75.94200
75.94300
75.94400
75.94500
75.94600
75.94700
75.94700
75.94700
75.94700
75.94900
75.94700
75.94800
75.94800
75.94800
75.94800
75.94700
75.94700
75.94700
75.94800
75.94700
75.94800
75.94700
75.94800
75.94700
75.94700
75.94700
75.94700
75.94700
75.94700
75.94500
75.94500
75.94500
75.94600
75.94600
75.94800
75.94900
75.94900
75.94900
75.94800
75.94800
75.94700
75.94800
75.95000
75.95000
75.95100
75.95100
75.95200
75.95200
75.95000
75.95000
75.94900
75.95000
75.95000
75.95000
75.95000
75.95100
75.95100
75.95200
75.95400
75.95400
75.95300
75.95300
75.95300
75.95300
75.95300
75.95200
75.95200
75.95200
75.95300
75.95100
75.95100
75.95100
75.94900
75.95000
75.95100
75.95000
75.94900
75.95000
75.94900
75.94900
75.95000
75.95000
75.95000
75.94900
75.95000
75.95100
75.95000
75.94900
75.94900
75.95000
75.95000
75.95100
75.95100
75.95200
75.95200
75.95400
75.95600
75.95600
75.95600
75.95500
75.95400
75.95400
75.95300
75.95400
75.95300
75.95400
75.95500
75.95600
75.95700
75.95600
75.95500
75.95400
75.95400
75.95400
75.95400
75.95400
75.95400
75.95500
75.95400
75.95400
75.95500
75.95500
75.95400
75.95300
75.95300
75.95400
75.95400
75.95400
75.95300
75.95300
75.95300
75.95300
75.95400
75.95500
75.95500
75.95500
75.95600
75.95400
75.95400
75.95400
75.95300
75.95200
75.95200
75.95100
75.95200
75.95200
75.95100
75.95100
75.95100
75.95100
75.95300
75.95400
75.95300
75.95400
75.95500
75.95500
75.95700
75.95600
75.95600
75.95600
75.95700
75.95700
75.95700
75.95700
75.95800
75.95900
75.95900
75.95900
75.95900
75.95800
75.95700
75.95700
75.95800
75.95700
75.95600
75.95600
75.95500
75.95500
75.95800
75.95800
75.95800
75.95800
75.95700
75.95600
75.95800
75.95800
75.95800
75.95900
75.96000
75.96000
75.95900
75.95900
75.95900
75.96000
75.96000
75.96100
75.96100
75.96200
75.96100
75.96100
75.96100
75.96200
75.96200
75.96100
75.96100
75.96200
75.96100
75.95900
75.95900
75.95900
75.95800
75.95800
75.95700
75.95700
75.95700
75.95900
75.95900
75.95900
75.95800
76.02778
76.02778
76.02778
76.02444
76.02444
76.02333
76.02222
76.02222
76.02444
76.02333
76.02333
76.02333
76.02444
76.02444
76.02444
76.02444
76.02333
76.02333
76.02333
76.02333
76.02444
76.02333
75.28500
75.28250
75.28250
75.28250
75.28250
75.28125
75.28125
75.28125
75.27875
73.59714
73.59429
73.59429
73.59429
73.59286
73.59429
73.59286
73.59286
73.59143
73.59143
73.58857
73.58714
73.58714
73.58857
73.59000
73.58714
73.58714
73.58571
73.58429
73.58429
73.58571
73.58571
73.58571
73.58286
73.58286
73.58143
73.58143
73.58143
73.58143
73.57857
73.57857
73.57857
73.57571
73.57571
73.57571
73.57429
73.57429
73.57429
73.57143
73.57143
73.57143
73.57429
73.57429
73.57429
73.57429
73.57571
73.57571
73.57429
73.57286
73.57286
73.57143
73.57143
73.57000
73.56857
73.56857
73.56857
73.56857
73.56571
73.56571
73.56429
73.56286
73.56286
73.56000
73.56143
73.56143
73.56000
73.56000
73.56000
73.55857
73.55857
73.55714
73.55714
73.55714
73.55571
73.55429
73.55286
73.55000
73.55000
73.55286
73.55286
73.55429
73.55286
73.89167
73.89333
73.89333
73.89333
73.89167
73.89167
73.89000
73.89000
73.88833
73.88833
73.88667
73.88833
73.88833
73.88833
73.89000
73.89000
73.89000
73.88833
73.88833
73.89000
73.88833
73.88833
73.88833
73.89000
73.88833
73.88833
73.88833
73.88667
73.88667
73.88500
73.88500
73.88833
73.88833
73.88833
73.89000
73.89000
73.89000
73.89000
73.89167
73.89000
73.89000
73.89000
73.89000
73.89167
73.89167
73.89167
73.88833
73.88833
73.88667
73.88500
71.91400
71.91600
71.91800
71.91600
71.91600
71.91600
71.91600
71.91600
71.91600
71.91400
71.91400
71.91600
71.91600
71.04750
71.04750
71.04750
71.05000
71.05000
71.05250
71.05250
71.05750
71.05750
71.05500
73.72667
73.72667
73.72333
73.72333
73.72333
73.72333
73.72333
73.72000
73.72000
73.71667
73.71667
73.71667
73.71667
73.71000
73.71000
73.71000
73.71000
73.71000
73.70667
73.70667
73.70667
73.70667
73.70667
73.71000
73.71000
73.71000
73.71000
73.71000
73.71000
73.70667
73.70667
73.70667
73.70667
73.70667
73.70667
73.70667
73.70333
73.70333
73.70333
73.70000
73.70000
73.69667
73.70000
73.70000
73.70000
73.70000
73.70000
73.70000
73.70000
73.70000
73.70000
73.70000
73.70000
73.70000
73.69667
73.69667
73.69667
73.69667
73.69667
73.69667
73.69667
73.69667
73.69667
73.69667
73.69667
73.69667
73.69667
73.69667
73.69333
73.69333
73.69333
73.69333
73.69333
73.69333
73.69333
73.69000
73.69000
73.69333
73.69333
73.69333
73.69333
73.69333
73.69333
73.69333
73.69333
73.69333
73.69333
73.69333
73.69333
73.69333
73.69333
73.69000
73.69000
73.69333
73.69667
73.69667
73.69667
73.69667
73.69667
73.69667
73.69667
73.69667
73.69667
73.69667
73.69667
73.69667
73.69667
73.69667
73.69667
73.70000
73.70000
73.70000
73.70000
73.70000
73.70000
73.70000
73.70000
73.70000
73.70000
73.70000
73.70000
73.70000
73.70333
73.70333
77.19500
77.20000
77.20000
77.20000
77.20000
77.20000
77.20000
77.20500
77.20500
77.20500
77.20500
77.20500
77.20500
77.20500
77.20500
77.20500
77.20500
77.20500
77.21000
77.21000
77.21000
77.21000
77.21000
77.21000
77.21000
77.21500
77.21500
77.21500
77.21500
77.21500
77.21500
77.21500
77.21500
77.21500
77.21500
77.22000
77.22000
77.22000
77.22000
77.22000
77.22000
77.22000
77.22500
77.23000
77.23000
77.23000
77.23000
77.23000
77.23000
77.23000
77.23000
77.23000
77.23000
77.23000
77.23000
77.23000
77.23500
77.23500
77.23500
77.24000
77.24000
77.23500
77.23500
77.24000
77.24000
77.24000
77.24000
77.24000
77.23500
77.23500
77.23500
77.23500
77.23500
77.23500
77.23500
77.23500
77.24000
77.24500
77.24500
77.24500
77.24500
77.24500
77.25000
77.25000
77.25000
77.24500
77.24500
77.25000
77.25000
77.25000
77.25000
77.25000
77.25000
77.25000
77.25000
77.25000
77.25000
77.25000
77.25000
77.25000
77.25000
77.25000
77.25000
77.24500
77.24500
77.24500
77.24500
77.24500
77.25000
77.25000
77.25000
77.25000
77.25000
77.25000
77.25000
77.25000
77.25000
77.25000
77.25000
77.25000
77.24500
77.24500
77.24500
77.24500
77.24500
77.24500
77.24500
77.24500
77.24500
77.24500
77.24500
77.24500
77.24500
77.24500
77.24500
77.24500
77.24500
77.24500
77.24500
77.24500
77.24500
77.24500
77.24500
77.24500
77.24500
77.24500
83.10000
83.10000
83.10000
83.10000
83.10000
83.10000
83.10000
83.10000
83.10000
83.10000
83.10000
83.10000
83.10000
83.10000
83.10000
83.10000
