0.00000
0.00000
0.00000
0.00000
0.00000
0.00000
0.00000
0.00000
0.00000
0.00000
0.00000
0.00000
0.00000
0.00000
0.00000
0.00000
1.60000
4.90000
4.90000
4.90000
6.70000
6.70000
6.70000
12.10000
12.20000
12.20000
14.53300
14.60000
16.40000
16.60800
17.30800
19.40800
19.60800
19.37500
19.15800
19.05000
19.05000
19.32500
19.20800
19.24100
21.17500
22.39000
22.51500
23.13300
24.00000
25.13200
25.21500
25.66000
26.22700
26.81900
26.81900
26.95900
27.05400
27.79400
28.28900
28.60000
28.53100
28.87800
29.16500
29.29700
29.72000
29.92400
30.14700
30.35700
30.60000
30.52100
30.87600
31.64400
31.98000
31.97200
32.16300
32.27500
32.14700
32.34600
32.50600
32.98800
32.98800
32.89200
32.82400
32.88600
32.79400
32.69900
32.61400
32.52800
32.80400
32.78800
33.12800
34.02200
34.16100
34.28500
34.36200
34.45900
34.54300
34.76000
34.91200
35.06100
35.30400
35.26900
35.18600
35.30900
35.33200
35.54900
35.60900
35.58700
35.55500
35.87200
35.96400
36.05400
36.09600
36.36400
36.41900
36.37700
36.47000
36.39400
36.37700
36.62000
36.53500
36.59800
36.66000
36.58000
36.62600
36.56700
36.77000
36.72800
36.76500
36.88700
36.74300
36.84200
36.81400
36.85200
36.62500
36.54000
36.61300
36.69100
36.64000
36.64000
36.64000
36.66700
36.75400
36.73200
36.75100
36.72800
36.71800
36.73200
36.80300
36.80300
36.83900
36.88200
36.75500
36.73600
36.73900
36.73300
36.76800
36.74700
36.68600
36.68400
36.69600
36.64400
36.67200
36.74900
36.76600
36.75500
36.72200
36.80400
36.81200
36.77100
36.78500
36.75100
36.71400
36.71100
36.85100
36.82000
36.86300
36.85600
36.79000
36.86500
36.76900
36.75500
36.80200
36.81000
36.84800
36.79600
36.81700
36.79500
36.80700
36.80700
36.79500
36.85200
36.81400
36.81700
36.77100
36.77400
36.77600
36.81800
36.80100
36.74700
36.74000
36.76300
36.76000
36.78000
36.79500
36.72800
36.71400
36.75200
36.79100
36.81900
36.82400
36.85200
36.82900
36.80500
36.84400
36.89300
36.90400
36.91000
36.89500
36.91300
36.87200
36.89300
36.86700
36.82200
36.85700
36.85900
36.80200
36.77100
36.85600
36.85700
36.79100
36.80000
36.75700
36.79200
36.84200
36.79000
36.80000
36.79900
36.81100
36.81300
36.79700
36.76300
36.76500
36.75000
36.73200
36.80800
36.83200
36.84900
36.91100
36.87900
36.84800
36.82100
36.86000
36.87700
36.82600
36.83000
36.80100
36.85800
36.84600
36.83300
36.84500
36.83400
36.84100
36.84700
36.88800
36.88000
36.88900
36.79500
36.78900
36.77800
36.77500
36.76800
36.76600
36.74300
36.72700
36.73800
36.73900
36.73300
36.69400
36.66300
36.62000
36.64200
36.60200
36.63200
36.59500
36.60300
36.60800
36.59200
36.59700
36.59400
36.57500
36.61600
36.60900
36.59400
36.60900
36.63400
36.62400
36.62400
36.62000
36.62800
36.64400
36.65200
36.65700
36.66300
36.73100
36.72300
36.72900
36.70500
36.71400
36.74000
36.73100
36.77300
36.74500
36.70400
36.76400
36.74400
36.75900
36.78800
36.78700
36.80800
36.82800
36.81900
36.83400
36.82200
36.82800
36.81100
36.81900
36.84900
36.86800
36.85900
36.83300
36.86100
36.83400
36.82400
36.82300
36.79900
36.82700
36.82900
36.84700
36.87500
36.89400
36.91900
36.94700
36.97000
36.95200
36.94900
36.94600
36.98600
37.04700
37.04800
37.05700
37.08200
37.07600
37.03700
37.03400
37.09100
37.09900
37.10400
37.11800
37.17700
37.16900
37.20700
37.19100
37.16600
37.18800
37.14400
37.11100
37.14300
37.17500
37.17900
37.19300
37.18200
37.18100
37.18600
37.19200
37.21000
37.16900
37.13600
37.12400
37.13300
37.14100
37.12800
37.09200
37.11100
37.12700
37.10100
37.11400
37.09100
37.09300
37.09900
37.12600
37.14100
37.13100
37.15200
37.13500
37.15200
37.15300
37.13700
37.14200
37.13300
37.13100
37.11000
37.11900
37.11700
37.10700
37.10400
37.12000
37.10700
37.14000
37.14000
37.15900
37.14900
37.14500
37.13100
37.12100
37.11600
37.14600
37.15100
37.15900
37.16100
37.15800
37.14300
37.14000
37.12800
37.12600
37.13500
37.12400
37.10500
37.12900
37.12100
37.14800
37.16500
37.16400
37.16000
37.15600
37.13300
37.16100
37.16100
37.15600
37.16400
37.18100
37.19500
37.18900
37.19100
37.18900
37.20700
37.20700
37.20000
37.21700
37.21700
37.20400
37.20200
37.21500
37.22600
37.21700
37.20200
37.19900
37.18000
37.17600
37.20100
37.20100
37.19900
37.19100
37.19900
37.18600
37.19900
37.20300
37.20700
37.20500
37.19600
37.22000
37.22400
37.21000
37.20500
37.18900
37.18700
37.19900
37.19700
37.19600
37.19600
37.19800
37.18300
37.18800
37.18300
37.19000
37.18300
37.17800
37.18200
37.17000
37.16900
37.15800
37.16900
37.17800
37.15400
37.16200
37.17100
37.16600
37.15000
37.16800
37.16700
37.18900
37.21000
37.23500
37.26100
37.26800
37.25300
37.26200
37.26700
37.28000
37.26000
37.26500
37.24800
37.25300
37.25400
37.26700
37.27800
37.25900
37.26500
37.26900
37.26600
37.25900
37.27500
37.27000
37.27800
37.28800
37.28400
37.27900
37.30700
37.30200
37.30400
37.30900
37.30400
37.32700
37.33900
37.34100
37.32200
37.32400
37.32300
37.32800
37.32100
37.31300
37.29800
37.31400
37.30100
37.30400
37.31800
37.30200
37.29500
37.28700
37.28700
37.29400
37.26300
37.27000
37.27000
37.28200
37.27600
37.28100
37.28000
37.26600
37.25300
37.25400
37.25000
37.25300
37.26000
37.23300
37.22100
37.21800
37.22200
37.23300
37.24000
37.23200
37.23800
37.23900
37.24600
37.25200
37.26100
37.24600
37.24400
37.24600
37.24800
37.25600
37.23000
37.23200
37.22400
37.20600
37.20400
37.20600
37.20100
37.20100
37.23500
37.24000
37.23000
37.24600
37.23200
37.21400
37.21000
37.22000
37.21300
37.21100
37.21000
37.19800
37.19500
37.19200
37.16900
37.15900
37.17000
37.16900
37.19200
37.20300
37.21300
37.21000
37.20400
37.16600
37.17600
37.18800
37.16900
37.18200
37.15800
37.15500
37.15000
37.14700
37.15100
37.15300
37.15400
37.15400
37.15500
37.15800
37.16600
37.16400
37.14400
37.14300
37.14100
37.15100
37.15800
37.16500
37.14600
37.14800
37.15000
37.14600
37.13800
37.15700
37.14300
37.13700
37.12600
37.13600
37.12300
37.14900
37.14600
37.15300
37.15200
37.14800
37.14500
37.13500
37.14700
37.15100
37.13400
37.12400
37.12600
37.12700
37.12900
37.12500
37.12600
37.11700
37.11500
37.10200
37.09700
37.09200
37.07900
37.07700
37.07600
37.07700
37.06400
37.07100
37.07100
37.06800
37.06200
37.06100
37.05300
37.06100
37.05700
37.06300
37.04700
37.04900
37.04800
37.06000
37.06100
37.07500
37.07200
37.06600
37.07400
37.04900
37.03900
37.05700
37.05800
37.06700
37.06200
37.06000
37.04900
37.05100
37.04100
37.04100
37.04000
37.04700
37.04100
37.04200
37.02800
37.02500
37.03600
37.04700
37.03900
37.03200
37.04400
37.04100
37.04000
37.04700
37.05600
37.06700
37.07800
37.07800
37.07100
37.07600
37.07400
37.06800
37.06500
37.06200
37.06200
37.05500
37.04900
37.05100
37.06300
37.05400
37.04100
37.05200
37.03500
37.04200
37.05000
37.04200
37.03700
37.04300
37.03900
37.03200
37.05100
37.06200
37.04500
37.04800
37.04800
37.06100
37.08100
37.06700
37.08800
37.09000
37.09300
37.10900
37.11200
37.11600
37.11800
37.12300
37.13300
37.11800
37.13100
37.13800
37.15000
37.15400
37.15300
37.15800
37.15600
37.16100
37.16900
37.18100
37.16500
37.16500
37.18600
37.18500
37.18600
37.18100
37.18500
37.20700
37.20600
37.19700
37.19500
37.20500
37.20100
37.21000
37.22000
37.22300
37.22500
37.21900
37.22600
37.21500
37.22500
37.24000
37.25000
37.24800
37.25400
37.26300
37.25900
37.25100
37.25000
37.25400
37.24300
37.24900
37.25200
37.25900
37.25800
37.27300
37.27600
37.28000
37.28600
37.29000
37.29000
37.30400
37.31400
37.31500
37.31800
37.32100
37.32000
37.32600
37.32800
37.32900
37.33400
37.33000
37.32800
37.32400
37.31800
37.31000
37.30600
37.29900
37.29200
37.29000
37.30300
37.29100
37.29700
37.30900
37.30700
37.30500
37.30100
37.30300
37.30800
37.31600
37.32900
37.32600
37.32400
37.32600
37.33300
37.33400
37.33100
37.33100
37.34800
37.35000
37.34400
37.34100
37.34400
37.34500
37.34300
37.34600
37.34400
37.35800
37.34500
37.34200
37.34700
37.35200
37.35800
37.36000
37.36800
37.36900
37.35800
37.37000
37.36800
37.38300
37.37200
37.37200
37.37200
37.36800
37.36800
37.36800
37.36800
37.37700
37.38100
37.39700
37.39300
37.40200
37.40500
37.40700
37.40900
37.40600
37.40700
37.41200
37.41000
37.40400
37.40100
37.39500
37.39200
37.40000
37.40800
37.40600
37.41300
37.42200
37.42300
37.41400
37.41700
37.42700
37.43000
37.41500
37.41200
37.40100
37.38300
37.38400
37.38500
37.38600
37.38700
37.37200
37.37500
37.37800
37.38700
37.38300
37.37900
37.37500
37.37400
37.37600
37.38300
37.37000
37.35700
37.35800
37.35200
37.34900
37.34500
37.33300
37.33600
37.33300
37.33400
37.34700
37.34900
37.33900
37.33100
37.33900
37.33600
37.33500
37.33100
37.32600
37.32600
37.34100
37.34300
37.33900
37.34100
37.33000
37.33600
37.33300
37.33800
37.33200
37.33500
37.33700
37.33700
37.33600
37.34200
37.34700
37.35000
37.35100
37.35900
37.36200
37.37400
37.37700
37.36900
37.35800
37.36300
37.36000
37.35900
37.35500
37.35900
37.35500
37.35900
37.36300
37.34600
37.34300
37.34300
37.34500
37.34400
37.34000
37.34500
37.34400
37.34600
37.33500
37.33400
37.33100
37.32700
37.32000
37.32300
37.32800
37.33000
37.33000
37.32300
37.32400
37.33400
37.34200
37.34100
37.35100
37.35000
37.35300
37.36200
37.36400
37.36600
37.36700
37.35800
37.36500
37.36600
37.36400
37.36000
37.36500
37.35400
37.36300
37.36000
37.37300
37.38200
37.37600
37.38000
37.37600
37.37100
37.36500
37.36600
37.35700
37.35800
37.36700
37.37300
37.35600
37.35300
37.35400
37.35500
37.35600
37.35700
37.35000
37.35700
37.36700
37.36900
37.35500
37.35500
37.35200
37.35100
37.35700
37.36400
37.35800
37.34900
37.35000
37.35000
37.34300
37.33700
37.33000
37.32500
37.31500
37.30000
37.30300
37.30500
37.30900
37.30500
37.30800
37.29700
37.29800
37.30700
37.30500
37.30600
37.30700
37.30900
37.31100
37.31300
37.30600
37.29200
37.29300
37.29200
37.28400
37.27400
37.27000
37.27400
37.26700
37.26400
37.25600
37.25900
37.26000
37.26200
37.27300
37.26400
37.26400
37.26300
37.26900
37.27200
37.26900
37.25600
37.25100
37.24900
37.25200
37.26200
37.26700
37.25900
37.26400
37.25800
37.25500
37.24800
37.25900
37.26200
37.25700
37.26300
37.26200
37.27200
37.27400
37.28300
37.26900
37.27200
37.26600
37.26300
37.25800
37.25700
37.25500
37.25800
37.26100
37.26000
37.25200
37.25100
37.25200
37.24800
37.24700
37.23900
37.24600
37.23700
37.23100
37.22500
37.21800
37.21500
37.22400
37.22700
37.22500
37.22600
37.24200
37.24000
37.24100
37.24100
37.24100
37.25300
37.24800
37.25500
37.26200
37.26100
37.26400
37.26300
37.26000
37.26700
37.26800
37.27600
37.27500
37.28500
37.27400
37.27300
37.27500
37.27800
37.27500
37.27400
37.26700
37.27400
37.27500
37.27800
37.27600
37.27800
37.27500
37.27300
37.27600
37.28900
37.28200
37.29000
37.28900
37.28500
37.27200
37.27000
37.27400
37.27300
37.28100
37.27900
37.27700
37.28300
37.28400
37.28800
37.28100
37.28700
37.28400
37.28300
37.28800
37.27600
37.27400
37.27400
37.27900
37.28700
37.29100
37.29100
37.29000
37.29600
37.29700
37.29300
37.29000
37.28200
37.28200
37.28700
37.28900
37.29400
37.29200
37.28200
37.28700
37.28700
37.28900
37.28100
37.29000
37.28600
37.27100
37.26200
37.26500
37.26100
37.26100
37.26100
37.26200
37.26200
37.27600
37.28100
37.28300
37.28500
37.27900
37.27800
37.27400
37.28000
37.27800
37.27600
37.28100
37.28200
37.29100
37.29800
37.29600
37.29200
37.28700
37.28500
37.28500
37.28100
37.29000
37.29000
37.28500
37.29100
37.28700
37.29100
37.28800
37.27600
37.27800
37.28200
37.27600
37.27700
37.27900
37.28100
37.27900
37.27500
37.28600
37.28000
37.27400
37.27200
37.26600
37.25800
37.25600
37.26000
37.25600
37.26100
37.26300
37.25900
37.25200
37.24400
37.24200
37.23800
37.23700
37.23700
37.24300
37.24500
37.24700
37.24600
37.24200
37.24200
37.23400
37.23000
37.23000
37.22900
37.22900
37.21800
37.21600
37.21300
37.21300
37.20500
37.20500
37.20000
37.19700
37.19700
37.19200
37.18900
37.19300
37.19000
37.20200
37.20000
37.20400
37.19400
37.19600
37.19100
37.19200
37.19200
37.18900
37.18300
37.18300
37.18200
37.18500
37.18500
37.18100
37.18900
37.19600
37.19900
37.19300
37.19600
37.19600
37.19400
37.19400
37.19900
37.20700
37.20100
37.20200
37.19800
37.19400
37.19800
37.20100
37.20800
37.20800
37.20600
37.20900
37.21300
37.21100
37.21200
37.21300
37.20700
37.20200
37.20900
37.21000
37.20500
37.21200
37.21500
37.21800
37.21500
37.21200
37.21300
37.21200
37.21500
37.21100
37.20300
37.19800
37.20200
37.21200
37.20900
37.21300
37.21400
37.20800
37.19900
37.18800
37.18200
37.17800
37.18400
37.18600
37.18800
37.18800
37.17800
37.17800
37.17900
37.17400
37.17000
37.16700
37.17600
37.17500
37.18000
37.18300
37.18000
37.18400
37.18000
37.17900
37.18500
37.18700
37.18300
37.17500
37.17700
37.18400
37.17900
37.18000
37.17600
37.16400
37.16900
37.17000
37.17200
37.17000
37.17000
37.17000
37.16600
37.17000
37.16400
37.15900
37.15700
37.15800
37.15900
37.15300
37.15300
37.15300
37.15400
37.15800
37.15800
37.16100
37.15900
37.15600
37.15600
37.14800
37.14500
37.14100
37.14300
37.14100
37.14200
37.13800
37.13800
37.13900
37.13400
37.13500
37.13700
37.13100
37.12500
37.12600
37.12100
37.11900
37.11100
37.11100
37.11500
37.11200
37.11600
37.11400
37.11700
37.11800
37.11800
37.10100
37.10200
37.10500
37.10700
37.11000
37.11200
37.11100
37.11000
37.10800
37.10200
37.10300
37.10200
37.09600
37.09500
37.09600
37.09300
37.08900
37.09100
37.08600
37.08300
37.09200
37.09400
37.10600
37.10600
37.10600
37.10800
37.10200
37.10700
37.10800
37.10500
37.10300
37.10000
37.09600
37.09600
37.09900
37.09500
37.09100
37.08200
37.08100
37.08100
37.08100
37.08200
37.08200
37.08100
37.08300
37.07700
37.07300
37.07300
37.07400
37.07500
37.07800
37.07800
37.08000
37.08200
37.08000
37.08600
37.08100
37.08000
37.08500
37.08800
37.08900
37.09400
37.09200
37.09100
37.09100
37.09100
37.09100
37.09400
37.09600
37.10300
37.10200
37.10700
37.10600
37.10600
37.10400
37.10500
37.10300
37.10100
37.10100
37.09900
37.09900
37.09400
37.10400
37.10200
37.09700
37.10000
37.10200
37.10600
37.10600
37.10800
37.11800
37.12000
37.12700
37.12900
37.12200
37.12300
37.12000
37.12700
37.12500
37.12800
37.12800
37.12400
37.12200
37.12300
37.12500
37.12800
37.12900
37.12900
37.12000
37.11800
37.11800
37.11500
37.12100
37.11800
37.12000
37.11500
37.11800
37.11900
37.12000
37.13000
37.13200
37.13200
37.13300
37.13000
37.12700
37.13100
37.13500
37.12800
37.12900
37.13100
37.13200
37.12000
37.12600
37.12600
37.12500
37.12700
37.12600
37.12200
37.11800
37.12100
37.12100
37.12100
37.11700
37.12200
37.12300
37.12900
37.13800
37.13400
37.14100
37.14600
37.15000
37.14900
37.15000
37.15700
37.16000
37.16000
37.15800
37.15700
37.15200
37.15100
37.14900
37.14600
37.13800
37.13700
37.14100
37.14300
37.14800
37.14600
37.14900
37.14600
37.15200
37.15200
37.15100
37.15100
37.14500
37.13900
37.13800
37.13600
37.13500
37.13400
37.13600
37.14500
37.14900
37.14600
37.14600
37.14700
37.14700
37.14700
37.15000
37.14700
37.14800
37.14500
37.14200
37.14200
37.14300
37.14300
37.14700
37.14700
37.15200
37.15400
37.15000
37.15100
37.15700
37.16000
37.15800
37.16100
37.16400
37.16800
37.16800
37.17800
37.17900
37.17900
37.17900
37.17600
37.17600
37.17400
37.17900
37.17900
37.18000
37.18100
37.18100
37.18700
37.18100
37.17900
37.17400
37.17400
37.17400
37.17700
37.17000
37.17100
37.16900
37.17700
37.17800
37.18400
37.18100
37.18000
37.17800
37.18200
37.18500
37.18800
37.18900
37.19100
37.19700
37.20300
37.19400
37.19500
37.19600
37.19800
37.19500
37.19200
37.19100
37.19100
37.19000
37.18900
37.18900
37.18800
37.18900
37.19300
37.19200
37.18900
37.19000
37.19000
37.19700
37.19700
37.19900
37.19900
37.20200
37.20000
37.20000
37.20500
37.20100
37.20400
37.20900
37.20800
37.21300
37.21300
37.21300
37.21300
37.20900
37.21800
37.21800
37.21900
37.21600
37.21200
37.21400
37.21500
37.21500
37.22100
37.21200
37.21200
37.21800
37.22000
37.21600
37.21400
37.22000
37.21800
37.22100
37.22000
37.21900
37.21900
37.22200
37.21900
37.22100
37.22100
37.22100
37.22500
37.22300
37.22100
37.21900
37.22600
37.22600
37.22200
37.22200
37.22000
37.21900
37.22600
37.22500
37.21700
37.22200
37.22600
37.23300
37.23000
37.23100
37.23000
37.23200
37.23300
37.23900
37.23900
37.23700
37.23700
37.23600
37.23500
37.23400
37.23500
37.24000
37.24100
37.23300
37.23500
37.23000
37.23100
37.22300
37.22300
37.22100
37.21600
37.21800
37.21800
37.21500
37.21800
37.22200
37.21800
37.22000
37.22000
37.21800
37.22600
37.23300
37.23600
37.23600
37.24000
37.23900
37.23800
37.23600
37.23600
37.23800
37.23600
37.23100
37.23300
37.23000
37.24100
37.24700
37.24500
37.23700
37.23900
37.24100
37.24500
37.24400
37.24800
37.25000
37.25100
37.25100
37.24800
37.25100
37.25000
37.25200
37.25500
37.25900
37.26200
37.26500
37.26600
37.26100
37.26100
37.26400
37.26300
37.26300
37.26400
37.26700
37.26500
37.26800
37.26700
37.26600
37.26600
37.27000
37.27100
37.27200
37.27400
37.26700
37.27000
37.26500
37.25900
37.25500
37.25100
37.25300
37.26100
37.26100
37.25900
37.26000
37.26000
37.26000
37.26000
37.26100
37.25700
37.25800
37.25900
37.26200
37.26200
37.26500
37.26200
37.26600
37.26600
37.26600
37.27300
37.27800
37.27800
37.27500
37.27500
37.27200
37.27400
37.27400
37.28000
37.28500
37.29200
37.28600
37.28800
37.28700
37.29000
37.29500
37.29100
37.29300
37.29500
37.29100
37.29300
37.29800
37.30000
37.30300
37.30600
37.30900
37.30800
37.31100
37.30900
37.30500
37.30200
37.29600
37.29900
37.29900
37.30000
37.29700
37.30300
37.29400
37.29500
37.29300
37.29700
37.29700
37.29500
37.29800
37.29400
37.29800
37.30000
37.29900
37.29800
37.30000
37.30300
37.30500
37.31000
37.30900
37.30800
37.30500
37.30300
37.30400
37.30200
37.30800
37.31200
37.31500
37.31100
37.31200
37.31100
37.30600
37.30200
37.29800
37.29600
37.29700
37.29500
37.29700
37.30200
37.30500
37.30400
37.30400
37.29700
37.29800
37.29500
37.29400
37.29900
37.29700
37.29500
37.29800
37.29600
37.29600
37.29500
37.30000
37.30200
37.29900
37.29400
37.29200
37.28800
37.28500
37.28400
37.28600
37.28600
37.28200
37.28100
37.28300
37.28300
37.28300
37.28600
37.28200
37.28100
37.28400
37.28400
37.28400
37.28200
37.28100
37.27500
37.26800
37.26900
37.27300
37.27400
37.27700
37.27600
37.27800
37.27800
37.27800
37.28200
37.28000
37.28100
37.27800
37.28200
37.27900
37.27800
37.27900
37.28100
37.28100
37.28600
37.28600
37.28400
37.28400
37.28600
37.28000
37.28300
37.28000
37.28000
37.28200
37.28000
37.28100
37.28200
37.28700
37.28800
37.29200
37.29700
37.29800
37.29800
37.29300
37.28500
37.28400
37.28300
37.27800
37.27800
37.27200
37.26800
37.26500
37.26800
37.26400
37.26500
37.26900
37.27100
37.27200
37.26800
37.26800
37.27100
37.26800
37.26700
37.26500
37.26300
37.26400
37.26400
37.26700
37.27100
37.26900
37.26900
37.27000
37.26800
37.26500
37.26400
37.26400
37.26800
37.26600
37.26800
37.27200
37.26900
37.26900
37.26800
37.26200
37.26100
37.25300
37.25400
37.25100
37.25400
37.24900
37.25400
37.25700
37.25500
37.25100
37.25300
37.25900
37.25900
37.25400
37.25500
37.25500
37.25000
37.24800
37.24700
37.24400
37.24400
37.24700
37.24800
37.24800
37.24800
37.24500
37.24500
37.24400
37.23700
37.23600
37.23700
37.23800
37.23900
37.24100
37.24000
37.24000
37.24400
37.24800
37.24400
37.24200
37.24100
37.24100
37.24300
37.24100
37.24700
37.24500
37.24400
37.25000
37.25500
37.25400
37.25200
37.25400
37.25200
37.25200
37.24600
37.24900
37.25000
37.25100
37.25300
37.25400
37.24700
37.24700
37.24600
37.24700
37.24800
37.24400
37.24200
37.24100
37.24100
37.23400
37.23000
37.23600
37.23900
37.23800
37.23600
37.23600
37.23700
37.23700
37.23500
37.23700
37.23400
37.23300
37.22900
37.22900
37.23000
37.22900
37.22900
37.22400
37.22500
37.21800
37.22000
37.21900
37.22200
37.22100
37.22400
37.22400
37.22700
37.22900
37.22900
37.22800
37.22500
37.21800
37.22200
37.22600
37.22600
37.22600
37.22900
37.23000
37.22600
37.23100
37.23100
37.23300
37.23200
37.23500
37.23800
37.23700
37.23800
37.23900
37.24400
37.24500
37.24000
37.24000
37.24000
37.23600
37.24400
37.24400
37.24200
37.24500
37.24500
37.24300
37.24200
37.24500
37.24800
37.24900
37.24700
37.25000
37.24600
37.24800
37.25000
37.24700
37.24800
37.24600
37.25200
37.25100
37.25400
37.25400
37.25700
37.25600
37.25500
37.25400
37.25100
37.25000
37.24800
37.25100
37.25300
37.25800
37.25200
37.25400
37.25200
37.25200
37.25300
37.25200
37.25500
37.25200
37.24800
37.24800
37.24400
37.23700
37.24000
37.24000
37.23500
37.23200
37.23000
37.22700
37.22300
37.22200
37.21700
37.21900
37.21900
37.21700
37.21500
37.21700
37.21300
37.21400
37.21200
37.20800
37.20300
37.20100
37.20000
37.20300
37.19900
37.19900
37.20400
37.19700
37.19900
37.19500
37.19300
37.19000
37.18900
37.19300
37.19800
37.19600
37.19900
37.19900
37.19600
37.19300
37.19100
37.19000
37.19200
37.19700
37.19300
37.19100
37.18900
37.19000
37.19000
37.19200
37.19600
37.19700
37.19800
37.19700
37.19200
37.19200
37.19400
37.19500
37.19500
37.19600
37.20100
37.20200
37.20100
37.20200
37.20600
37.20400
37.20600
37.20600
37.20600
37.20600
37.20900
37.20500
37.20500
37.20800
37.21200
37.21000
37.21200
37.20700
37.20200
37.20600
37.20500
37.20600
37.21200
37.20900
37.21000
37.20500
37.20400
37.20300
37.20300
37.20900
37.20700
37.21100
37.20600
37.20600
37.20300
37.20500
37.20600
37.20700
37.20600
37.20400
37.20500
37.20100
37.20300
37.20500
37.20700
37.20600
37.21000
37.20900
37.20700
37.20800
37.20400
37.20500
37.20600
37.20600
37.20300
37.20300
37.20400
37.20200
37.20000
37.19700
37.19800
37.20000
37.19400
37.19500
37.19400
37.19400
37.19300
37.19300
37.19900
37.20100
37.20600
37.21100
37.21300
37.20900
37.21200
37.21300
37.21000
37.21000
37.20800
37.21200
37.21300
37.21100
37.21300
37.21400
37.21900
37.21800
37.21600
37.21700
37.21600
37.21400
37.20900
37.21000
37.21100
37.21200
37.21400
37.21600
37.21700
37.22000
37.21900
37.22000
37.21700
37.21500
37.21900
37.22000
37.22300
37.22400
37.22400
37.22500
37.22700
37.23000
37.23200
37.23000
37.23300
37.23000
37.22600
37.22200
37.22400
37.22100
37.22400
37.22500
37.22600
37.22200
37.22200
37.22400
37.22600
37.21900
37.21900
37.21900
37.22000
37.22300
37.22700
37.23300
37.22600
37.22300
37.22000
37.22200
37.22300
37.22600
37.22400
37.22400
37.22800
37.23000
37.23300
37.23500
37.23800
37.23700
37.23700
37.23300
37.23600
37.23700
37.23600
37.23600
37.23300
37.23200
37.23100
37.22700
37.22800
37.22900
37.22700
37.23100
37.23100
37.23200
37.22800
37.22500
37.22500
37.22600
37.22800
37.23000
37.23100
37.23400
37.23300
37.23400
37.23300
37.23400
37.23800
37.23700
37.23800
37.23800
37.23800
37.23600
37.23700
37.23700
37.24000
37.23800
37.23900
37.24500
37.24300
37.24600
37.24500
37.24000
37.24000
37.23500
37.23600
37.23500
37.23600
37.23500
37.23300
37.23500
37.23700
37.23300
37.23200
37.23800
37.23600
37.23300
37.23300
37.23300
37.23400
37.23600
37.23600
37.23300
37.23600
37.23300
37.22800
37.23100
37.23400
37.23500
37.23500
37.23300
37.23800
37.23800
37.23800
37.23600
37.23400
37.23300
37.23400
37.23600
37.23800
37.23800
37.24000
37.24300
37.24400
37.24700
37.25100
37.25500
37.25800
37.25900
37.26000
37.26200
37.25800
37.25500
37.26300
37.26300
37.27100
37.27200
37.27600
37.27700
37.27800
37.27700
37.27400
37.27500
37.27400
37.27400
37.27600
37.27900
37.28000
37.27800
37.28000
37.27500
37.27200
37.27200
37.27100
37.27300
37.27400
37.27100
37.26700
37.26700
37.27100
37.27100
37.26800
37.26500
37.26500
37.26900
37.26800
37.26400
37.26400
37.26600
37.27000
37.27100
37.26800
37.26700
37.26800
37.27100
37.26700
37.26500
37.26900
37.26900
37.26800
37.27000
37.26900
37.26900
37.26900
37.26900
37.27100
37.27000
37.27300
37.27300
37.27200
37.27300
37.27200
37.27300
37.27200
37.27500
37.27600
37.27400
37.27500
37.27100
37.26900
37.27100
37.27400
37.27200
37.27000
37.27000
37.27200
37.27400
37.27800
37.28300
37.28400
37.28600
37.28900
37.28700
37.28800
37.29300
37.29800
37.29800
37.29800
37.29600
37.29100
37.29500
37.28800
37.28800
37.28900
37.29100
37.28900
37.29200
37.29200
37.29400
37.29400
37.29600
37.29700
37.29800
37.29700
37.29900
37.30300
37.30400
37.30600
37.30600
37.30300
37.30800
37.30900
37.30700
37.31100
37.31200
37.31400
37.31400
37.31700
37.31200
37.31700
37.31800
37.31600
37.31400
37.31500
37.31500
37.31700
37.31900
37.31600
37.31700
37.32000
37.32300
37.32300
37.32200
37.32300
37.32400
37.32300
37.32300
37.32800
37.33000
37.33100
37.33100
37.33200
37.33100
37.33000
37.33000
37.32700
37.32700
37.33000
37.33000
37.33100
37.32700
37.32800
37.32700
37.32400
37.32500
37.32500
37.32800
37.32800
37.32500
37.32300
37.32800
37.33200
37.33600
37.33500
37.33600
37.33100
37.33300
37.32800
37.32500
37.32500
37.32700
37.32700
37.32600
37.32700
37.32700
37.32600
37.32700
37.32500
37.32400
37.32700
37.33100
37.33300
37.33500
37.33500
37.33500
37.33200
37.32800
37.33100
37.33000
37.32800
37.33100
37.33100
37.33100
37.33200
37.32700
37.32900
37.32800
37.33000
37.32900
37.32900
37.32600
37.32700
37.32900
37.32800
37.32700
37.32600
37.33000
37.33100
37.33200
37.33400
37.32600
37.32800
37.33000
37.33300
37.33000
37.32900
37.33100
37.33400
37.33300
37.33900
37.33800
37.33700
37.33400
37.33500
37.33500
37.33100
37.33000
37.33300
37.33200
37.33600
37.33400
37.33000
37.33100
37.32900
37.32900
37.32900
37.32900
37.32900
37.32800
37.32900
37.32900
37.32600
37.32700
37.32600
37.32600
37.32700
37.32600
37.32500
37.32500
37.32400
37.32300
37.32300
37.32300
37.32300
37.32500
37.32400
37.32200
37.32200
37.32400
37.32300
37.32100
37.32100
37.32400
37.32600
37.32600
37.32300
37.32100
37.31800
37.31700
37.31500
37.32100
37.32400
37.32800
37.32800
37.32600
37.32800
37.32800
37.32600
37.32300
37.32300
37.32300
37.32300
37.32500
37.32700
37.33000
37.33100
37.33300
37.33200
37.33200
37.32700
37.32800
37.33100
37.33100
37.32500
37.32600
37.32600
37.32300
37.31800
37.32200
37.32100
37.32200
37.32200
37.32500
37.32700
37.32400
37.32500
37.32500
37.32300
37.32500
37.32600
37.32700
37.32700
37.32600
37.32500
37.32400
37.32900
37.33300
37.32600
37.32600
37.33000
37.32800
37.33000
37.32900
37.32800
37.33000
37.33300
37.33300
37.33100
37.33500
37.33500
37.33300
37.33400
37.33700
37.34000
37.34100
37.34000
37.33500
37.33500
37.33500
37.33800
37.34000
37.34100
37.34600
37.34900
37.34700
37.34500
37.34400
37.34500
37.35000
37.34900
37.34900
37.35000
37.35200
37.35200
37.35100
37.35300
37.35500
37.35300
37.34900
37.34800
37.34800
37.35200
37.35000
37.35000
37.35200
37.35000
37.34900
37.35100
37.34700
37.34800
37.35100
37.35100
37.35200
37.35600
37.35900
37.36000
37.35700
37.35500
37.35400
37.35200
37.35400
37.35300
37.35300
37.35600
37.35200
37.35600
37.35500
37.35400
37.35200
37.35500
37.35300
37.35200
37.35300
37.35300
37.35100
37.35500
37.35600
37.35600
37.35700
37.36000
37.35400
37.35900
37.35400
37.35400
37.35700
37.35400
37.35500
37.35900
37.36000
37.36300
37.36600
37.36800
37.36800
37.36800
37.37000
37.36900
37.37200
37.37200
37.37700
37.37800
37.37900
37.37900
37.38400
37.38300
37.39100
37.39400
37.39600
37.40000
37.39700
37.39400
37.39600
37.39600
37.39400
37.39500
37.39700
37.39800
37.39500
37.39800
37.39300
37.38800
37.39000
37.38600
37.38700
37.38500
37.38600
37.38700
37.38800
37.39000
37.39100
37.39300
37.39400
37.39600
37.39500
37.39500
37.39600
37.39500
37.39600
37.39300
37.39300
37.39500
37.39700
37.39500
37.39900
37.39800
37.39700
37.39600
37.39600
37.39600
37.39800
37.39900
37.40100
37.40300
37.40000
37.40100
37.40100
37.40200
37.40300
37.40500
37.40200
37.40200
37.40000
37.40400
37.40600
37.41000
37.40800
37.40700
37.40800
37.40500
37.40300
37.40300
37.40600
37.40300
37.40300
37.40200
37.40300
37.40500
37.40400
37.40500
37.40700
37.41200
37.41100
37.41300
37.41200
37.41100
37.41000
37.41400
37.41300
37.41400
37.41800
37.41900
37.41600
37.41700
37.41400
37.41200
37.41100
37.41400
37.41500
37.41500
37.40700
37.40900
37.40800
37.40900
37.41000
37.40900
37.40600
37.40500
37.40500
37.40200
37.40300
37.40300
37.39800
37.39600
37.39900
37.39900
37.39800
37.39800
37.39600
37.39800
37.40000
37.40300
37.40400
37.40200
37.40200
37.40200
37.40300
37.40300
37.40500
37.40300
37.40300
37.40400
37.40100
37.40200
37.40000
37.39800
37.39800
37.39600
37.39600
37.39400
37.39700
37.39800
37.39400
37.39200
37.39200
37.38500
37.38200
37.38400
37.38700
37.39100
37.39000
37.39100
37.39300
37.39100
37.38800
37.38500
37.38700
37.38900
37.39500
37.39500
37.39800
37.39600
37.39400
37.39500
37.39300
37.39200
37.39600
37.39600
37.39400
37.39500
37.39500
37.39700
37.40000
37.40100
37.39900
37.39500
37.39900
37.39800
37.40100
37.40200
37.40100
37.40100
37.40000
37.40100
37.40000
37.39800
37.39600
37.39500
37.39700
37.39900
37.39700
37.39800
37.40200
37.40300
37.40200
37.40100
37.40200
37.40200
37.40200
37.40200
37.40500
37.40500
37.40300
37.40500
37.39900
37.40000
37.39900
37.39800
37.39800
37.39900
37.39900
37.39800
37.40100
37.39600
37.39500
37.40000
37.40200
37.40600
37.41200
37.41100
37.41000
37.41000
37.41100
37.41100
37.41000
37.40700
37.40700
37.40800
37.41300
37.41100
37.41100
37.40900
37.40800
37.40800
37.40800
37.40600
37.40500
37.40200
37.40600
37.40600
37.40500
37.40300
37.40100
37.40200
37.40200
37.40200
37.40200
37.40400
37.40400
37.40300
37.40100
37.40200
37.40200
37.40900
37.40900
37.40900
37.40700
37.40700
37.40900
37.41200
37.41200
37.41300
37.41300
37.41200
37.41500
37.41800
37.42100
37.42000
37.41900
37.41900
37.42000
37.42100
37.42300
37.41900
37.41800
37.41400
37.41400
37.41500
37.41600
37.41600
37.41700
37.41800
37.41700
37.41800
37.42100
37.42200
37.42400
37.42100
37.42400
37.42600
37.42800
37.42600
37.42700
37.42800
37.43500
37.43600
37.43400
37.43400
37.43600
37.43800
37.43800
37.43800
37.44100
37.44000
37.44200
37.44300
37.44000
37.44200
37.44400
37.44400
37.44500
37.44700
37.44700
37.44500
37.44700
37.44800
37.45000
37.45200
37.45400
37.45100
37.44900
37.45000
37.45000
37.45200
37.45300
37.45400
37.45500
37.45800
37.45900
37.45600
37.45400
37.45400
37.45500
37.45400
37.45300
37.45500
37.45200
37.45200
37.45500
37.45300
37.45200
37.45100
37.45400
37.45600
37.45500
37.45200
37.45300
37.45500
37.45600
37.45600
37.45500
37.45400
37.45100
37.45000
37.45000
37.44900
37.45100
37.45300
37.45400
37.45400
37.45400
37.45700
37.45600
37.45500
37.45500
37.45800
37.46000
37.46200
37.46300
37.46500
37.46800
37.46800
37.47100
37.47200
37.47000
37.46900
37.47100
37.46900
37.47000
37.46900
37.47100
37.47500
37.47500
37.47400
37.47500
37.47400
37.47300
37.47500
37.47600
37.47400
37.47100
37.47500
37.47600
37.47500
37.47600
37.47600
37.47700
37.47500
37.47200
37.47200
37.47500
37.47800
37.47800
37.47800
37.47900
37.48100
37.48200
37.48100
37.48000
37.48200
37.48400
37.48600
37.48500
37.48300
37.48400
37.48400
37.48300
37.48300
37.48300
37.48000
37.48100
37.48300
37.48200
37.48500
37.48600
37.48300
37.48300
37.48300
37.48200
37.48000
37.47900
37.48000
37.48200
37.48100
37.47900
37.48000
37.48100
37.48200
37.48300
37.48100
37.48300
37.48500
37.48500
37.48900
37.48500
37.48500
37.48700
37.48700
37.48900
37.49000
37.49000
37.49200
37.49200
37.49100
37.49200
37.49300
37.49500
37.49600
37.49900
37.49900
37.49900
37.50200
37.50100
37.50200
37.50300
37.50100
37.49700
37.49700
37.50000
37.49800
37.49800
37.50000
37.50100
37.49600
37.49500
37.49600
37.49500
37.49700
37.49600
37.49700
37.49900
37.49900
37.49900
37.50200
37.50300
37.50500
37.50400
37.50200
37.50600
37.50700
37.51100
37.50900
37.50800
37.50500
37.50400
37.50300
37.50500
37.51300
37.51000
37.51000
37.50900
37.50800
37.50700
37.50600
37.50700
37.50600
37.50800
37.51300
37.51200
37.51300
37.51400
37.51300
37.51600
37.51600
37.51600
37.51300
37.51800
37.51900
37.51800
37.51900
37.52300
37.52200
37.51900
37.52200
37.52200
37.52400
37.52500
37.52400
37.52200
37.52200
37.52300
37.52500
37.52400
37.52100
37.52000
37.52100
37.52100
37.51900
37.52000
37.51900
37.52000
37.52000
37.51700
37.51700
37.51900
37.51700
37.52300
37.52200
37.52300
37.52700
37.52600
37.52600
37.52600
37.52400
37.52300
37.52100
37.51800
37.51900
37.52000
37.51800
37.51600
37.51600
37.51800
37.52100
37.52200
37.52400
37.52900
37.53000
37.52900
37.53000
37.52800
37.52600
37.52200
37.52300
37.52300
37.52400
37.52900
37.52900
37.52800
37.52900
37.53000
37.53100
37.53000
37.53100
37.53100
37.53000
37.53400
37.53600
37.53500
37.53500
37.53300
37.53200
37.53100
37.52800
37.52700
37.53200
37.53100
37.53000
37.53200
37.52900
37.53200
37.53400
37.53500
37.53600
37.53600
37.53500
37.53700
37.53800
37.53700
37.53500
37.53500
37.53700
37.53700
37.53700
37.53700
37.54100
37.54200
37.54100
37.54200
37.54200
37.54200
37.54200
37.54300
37.54700
37.54500
37.54500
37.54600
37.54600
37.54800
37.54900
37.54800
37.54600
37.54400
37.54400
37.54600
37.54700
37.54800
37.54600
37.54800
37.54800
37.54800
37.54600
37.54600
37.54700
37.54600
37.54600
37.54800
37.54500
37.54600
37.54500
37.54800
37.54600
37.54400
37.54300
37.54400
37.54800
37.54700
37.54800
37.54600
37.54600
37.54700
37.54700
37.54400
37.54200
37.54100
37.54300
37.54300
37.54400
37.55000
37.54700
37.54900
37.54700
37.54500
37.54700
37.54600
37.54800
37.54900
37.55000
37.54800
37.54800
37.55300
37.55200
37.55000
37.54800
37.54900
37.54600
37.54600
37.54400
37.54800
37.54700
37.54600
37.54300
37.54600
37.54400
37.54500
37.55100
37.54900
37.55000
37.54700
37.55000
37.55100
37.55000
37.54800
37.54600
37.54400
37.54600
37.54400
37.54200
37.54100
37.54200
37.54400
37.54100
37.54200
37.53800
37.54200
37.54600
37.54800
37.54700
37.54800
37.55100
37.55100
37.55100
37.54500
37.54200
37.54300
37.54200
37.54300
37.54500
37.54500
37.54500
37.54400
37.54500
37.54400
37.54300
37.54300
37.54400
37.54400
37.54200
37.54300
37.54300
37.54600
37.54600
37.54500
37.54300
37.54300
37.54200
37.54300
37.54200
37.54200
37.54200
37.54200
37.54300
37.54300
37.54300
37.54500
37.54300
37.54300
37.54600
37.54500
37.54400
37.54100
37.54100
37.54300
37.54400
37.54400
37.54300
37.54300
37.54400
37.54300
37.54400
37.54300
37.54300
37.54200
37.54400
37.54500
37.54400
37.54500
37.54800
37.54800
37.54600
37.54000
37.53900
37.53800
37.53800
37.54100
37.54100
37.54400
37.54400
37.54300
37.54100
37.54900
37.54900
37.54800
37.54900
37.55000
37.55100
37.55200
37.55500
37.55600
37.55600
37.55500
37.55800
37.55700
37.55800
37.55700
37.55900
37.56100
37.56000
37.56200
37.56000
37.56100
37.55700
37.55800
37.55600
37.55800
37.55800
37.55900
37.55800
37.55900
37.55800
37.55800
37.55700
37.55700
37.55900
37.56200
37.56200
37.56100
37.56500
37.56600
37.56600
37.56400
37.56700
37.56700
37.56600
37.56600
37.56700
37.56800
37.56900
37.57000
37.57100
37.57200
37.57200
37.57100
37.57100
37.57100
37.57100
37.57200
37.57300
37.57200
37.57200
37.57200
37.57200
37.57000
37.57200
37.57200
37.57200
37.57200
37.57100
37.57500
37.57600
37.57400
37.57100
37.57300
37.57600
37.57700
37.57500
37.57800
37.57700
37.57700
37.57900
37.57500
37.57600
37.57700
37.57700
37.58000
37.57700
37.57900
37.57900
37.58000
37.58100
37.58500
37.58200
37.58200
37.58300
37.58400
37.58500
37.58200
37.58300
37.58400
37.58400
37.58300
37.58600
37.58600
37.58700
37.59000
37.59000
37.59100
37.59000
37.58800
37.58800
37.59000
37.58900
37.58800
37.58500
37.58600
37.58500
37.58600
37.58600
37.58700
37.58400
37.58500
37.58800
37.58800
37.58900
37.59200
37.59300
37.59400
37.59400
37.59600
37.59500
37.59500
37.59400
37.59100
37.59100
37.59400
37.59300
37.59100
37.59300
37.59300
37.59400
37.59200
37.59300
37.59200
37.58900
37.58900
37.58500
37.58600
37.58900
37.58900
37.59100
37.59200
37.59300
37.59100
37.59300
37.59400
37.59400
37.59400
37.59500
37.59500
37.59700
37.59700
37.59800
37.59400
37.59500
37.59700
37.59500
37.59500
37.59600
37.59600
37.59800
37.59800
37.59500
37.59800
37.59700
37.59900
37.59900
37.59800
37.59900
37.59900
37.59800
37.60000
37.60200
37.60100
37.60200
37.60100
37.60000
37.60100
37.60100
37.60300
37.59900
37.60100
37.60200
37.60500
37.60300
37.60300
37.60300
37.60300
37.60400
37.60100
37.60000
37.60400
37.60400
37.60500
37.60500
37.60500
37.60400
37.60400
37.60200
37.60000
37.60000
37.60100
37.60300
37.60300
37.60500
37.60600
37.60200
37.60400
37.60600
37.60600
37.60300
37.60500
37.60300
37.60200
37.59800
37.59600
37.59500
37.59800
37.59800
37.59700
37.59600
37.59300
37.59400
37.59300
37.59200
37.59300
37.59400
37.59300
37.59200
37.59200
37.59200
37.59300
37.59200
37.59200
37.59000
37.59200
37.59200
37.58900
37.58900
37.58900
37.59000
37.59100
37.58800
37.58700
37.58400
37.58600
37.58600
37.58900
37.58800
37.58800
37.58400
37.58100
37.58200
37.58600
37.58900
37.58900
37.59100
37.59000
37.59100
37.59100
37.59000
37.58900
37.58900
37.58800
37.58800
37.59200
37.59300
37.59100
37.59100
37.59200
37.59100
37.59000
37.58900
37.58800
37.58700
37.58700
37.59100
37.58800
37.58800
37.58800
37.58700
37.58800
37.58900
37.58900
37.58800
37.58900
37.58700
37.58600
37.58700
37.58500
37.58700
37.58600
37.58400
37.58500
37.58300
37.58200
37.58300
37.58200
37.58400
37.58500
37.58800
37.58800
37.59000
37.59200
37.59300
37.59300
37.59200
37.59300
37.59200
37.59300
37.59400
37.59300
37.59200
37.59200
37.59500
37.59500
37.59600
37.59800
37.59600
37.59600
37.59500
37.59800
37.59800
37.59900
37.59900
37.59900
37.59600
37.59600
37.59500
37.59300
37.59700
37.59800
37.59900
37.59700
37.59700
37.59900
37.59900
37.59900
37.60000
37.60000
37.59800
37.59600
37.59700
37.59700
37.59700
37.59500
37.59500
37.59200
37.59700
37.59800
37.59800
37.59800
37.59700
37.59800
37.60100
37.60100
37.60000
37.60400
37.60300
37.60200
37.60100
37.60000
37.59900
37.60200
37.60500
37.60500
37.60500
37.60400
37.60600
37.60700
37.60700
37.60700
37.60700
37.60900
37.61000
37.61100
37.61100
37.61400
37.61500
37.61600
37.61600
37.61600
37.62000
37.62000
37.61800
37.61600
37.61700
37.61500
37.61900
37.62100
37.62000
37.62100
37.62100
37.62000
37.62000
37.62500
37.62600
37.62500
37.62600
37.62500
37.62500
37.62700
37.62700
37.62900
37.63000
37.62900
37.63300
37.63300
37.63300
37.63400
37.63400
37.63400
37.63600
37.63800
37.63800
37.63600
37.63600
37.63700
37.63900
37.64200
37.64100
37.64100
37.64500
37.64600
37.64600
37.64800
37.64500
37.64400
37.64700
37.64700
37.64800
37.64700
37.64400
37.64500
37.64400
37.64200
37.64900
37.64900
37.64800
37.64800
37.64800
37.64700
37.64700
37.64500
37.64500
37.64500
37.64300
37.64200
37.64300
37.64400
37.64400
37.64500
37.64300
37.64500
37.64100
37.64000
37.64000
37.64400
37.64700
37.64600
37.64800
37.64500
37.64500
37.64500
37.64100
37.64100
37.63900
37.63900
37.63900
37.63800
37.64000
37.64100
37.64100
37.64100
37.64100
37.64100
37.64100
37.64000
37.63700
37.63900
37.63800
37.63900
37.63900
37.64000
37.64000
37.64000
37.64200
37.64100
37.64100
37.64200
37.64300
37.64200
37.64400
37.64600
37.64600
37.64500
37.64700
37.64600
37.64600
37.64700
37.64700
37.64400
37.64600
37.64900
37.64700
37.64700
37.64700
37.64600
37.64600
37.64700
37.64800
37.64800
37.64800
37.65000
37.64800
37.64800
37.64800
37.64700
37.64900
37.65000
37.64900
37.64800
37.64700
37.64900
37.65000
37.64900
37.64800
37.64900
37.64600
37.64500
37.64400
37.64600
37.64500
37.64500
37.64300
37.64200
37.64100
37.64100
37.64200
37.64200
37.64200
37.64200
37.64200
37.64400
37.64300
37.64600
37.64400
37.64200
37.64200
37.64200
37.64300
37.64100
37.64100
37.64100
37.63800
37.63900
37.64000
37.63900
37.63800
37.63800
37.63800
37.63800
37.63500
37.63500
37.63500
37.63500
37.63600
37.63500
37.63400
37.63300
37.63500
37.63900
37.63900
37.63900
37.63800
37.64000
37.64000
37.63900
37.64100
37.63900
37.63800
37.63700
37.63600
37.63900
37.64300
37.64200
37.64300
37.64400
37.64300
37.64400
37.64400
37.64400
37.64500
37.64400
37.64300
37.64200
37.64200
37.64500
37.64400
37.64500
37.64400
37.64600
37.64400
37.64500
37.64400
37.64500
37.64500
37.64500
37.64500
37.64300
37.64200
37.64100
37.64100
37.64300
37.64200
37.64100
37.64100
37.64300
37.64400
37.64400
37.64200
37.64200
37.64200
37.64300
37.64000
37.63800
37.63800
37.63700
37.63600
37.63400
37.63200
37.63200
37.63100
37.63100
37.62800
37.62800
37.62900
37.63000
37.62800
37.62800
37.63100
37.63100
37.62900
37.62900
37.62900
37.62900
37.62900
37.63100
37.63000
37.62900
37.63000
37.62900
37.63000
37.62800
37.62900
37.63000
37.62600
37.62300
37.62400
37.62300
37.62200
37.62400
37.62300
37.62200
37.62000
37.62100
37.62000
37.61900
37.62000
37.62100
37.62000
37.62100
37.62100
37.61900
37.61900
37.61700
37.61800
37.62100
37.62200
37.62100
37.62100
37.61900
37.62000
37.61900
37.62000
37.61900
37.62000
37.62100
37.62000
37.62000
37.62200
37.62200
37.62300
37.62400
37.62500
37.62500
37.62300
37.62100
37.61800
37.61800
37.61600
37.61500
37.61300
37.61500
37.61500
37.61300
37.61200
37.61100
37.61200
37.61300
37.61400
37.61300
37.61100
37.61000
37.60900
37.60600
37.60700
37.60700
37.60800
37.60700
37.60400
37.60200
37.59800
37.59700
37.59600
37.59500
37.59600
37.59900
37.59900
37.59700
37.59500
37.59300
37.59400
37.59200
37.59500
37.59600
37.59300
37.59400
37.59500
37.59500
37.59600
37.59400
37.59400
37.59300
37.59400
37.59600
37.59400
37.59300
37.59500
37.59600
37.59500
37.59400
37.59300
37.59200
37.59300
37.59100
37.59300
37.59000
37.58800
37.58700
37.58700
37.58800
37.58500
37.58200
37.58200
37.58200
37.58100
37.58200
37.58100
37.58200
37.58100
37.58300
37.58100
37.58200
37.58300
37.58300
37.58200
37.58200
37.58000
37.57800
37.57700
37.57800
37.57700
37.57300
37.57200
37.57400
37.57500
37.57500
37.57400
37.57400
37.57400
37.57300
37.57500
37.57500
37.57700
37.57500
37.57500
37.57500
37.57800
37.57600
37.57600
37.57400
37.57300
37.57400
37.57600
37.57600
37.57700
37.57700
37.57500
37.57600
37.57500
37.57300
37.57200
37.57200
37.57200
37.57100
37.56900
37.57100
37.57400
37.57200
37.57100
37.57300
37.56700
37.56700
37.56500
37.56600
37.56500
37.56500
37.56600
37.56600
37.56600
37.56600
37.56800
37.57100
37.57300
37.57200
37.56900
37.56800
37.56600
37.56500
37.56700
37.56600
37.56800
37.56900
37.56900
37.56800
37.57200
37.57100
37.56900
37.57000
37.57400
37.57300
37.57300
37.57600
37.57600
37.57400
37.57500
37.57600
37.57600
37.57600
37.57600
37.57600
37.57800
37.57800
37.58400
37.58200
37.58300
37.58300
37.58700
37.58800
37.59000
37.58800
37.58700
37.58700
37.58900
37.58500
37.58800
37.58600
37.58600
37.58400
37.58700
37.58700
37.58800
37.58900
37.59200
37.59200
37.59200
37.59300
37.59300
37.59400
37.59500
37.59800
37.59800
37.59700
37.59700
37.59600
37.59500
37.59700
37.60100
37.60100
37.60200
37.59900
37.60200
37.60200
37.60200
37.60600
37.60500
37.60300
37.60400
37.60300
37.60400
37.60500
37.60300
37.60400
37.60500
37.60500
37.60500
37.60400
37.60400
37.60500
37.60600
37.60700
37.60800
37.60800
37.60900
37.61000
37.60900
37.60800
37.60700
37.60600
37.60600
37.60500
37.60500
37.60400
37.60400
37.60200
37.60100
37.59800
37.59700
37.59800
37.59700
37.59700
37.59800
37.59900
37.59600
37.59700
37.59800
37.59700
37.59600
37.59900
37.59800
37.59800
37.59800
37.59700
37.60000
37.60000
37.59900
37.59900
37.60200
37.60200
37.60400
37.60500
37.60600
37.60300
37.60400
37.60600
37.60700
37.60700
37.60900
37.60600
37.60600
37.60800
37.60600
37.60400
37.60400
37.60400
37.60500
37.60400
37.60300
37.60400
37.60400
37.60600
37.60300
37.60300
37.60500
37.60400
37.60300
37.60300
37.60100
37.60000
37.59900
37.60200
37.60200
37.60200
37.60300
37.60500
37.60400
37.60400
37.60500
37.60500
37.60600
37.60600
37.60600
37.60600
37.60600
37.60400
37.60300
37.60000
37.60000
37.59900
37.60100
37.59900
37.60100
37.59900
37.59900
37.60000
37.60200
37.60400
37.60400
37.60600
37.60300
37.60500
37.60300
37.60200
37.60100
37.60200
37.60100
37.59900
37.59900
37.60100
37.60200
37.60500
37.60800
37.60800
37.60800
37.60600
37.60800
37.60600
37.60500
37.60600
37.60700
37.60700
37.60700
37.60500
37.60500
37.60700
37.60700
37.60600
37.60500
37.60600
37.60500
37.60500
37.60500
37.60600
37.60600
37.60800
37.60900
37.61100
37.61100
37.60900
37.60800
37.60700
37.60800
37.60900
37.61400
37.61400
37.61300
37.61100
37.61100
37.61000
37.61000
37.60700
37.60700
37.60700
37.60800
37.61000
37.61100
37.60900
37.60600
37.60700
37.60700
37.60700
37.60800
37.60800
37.60500
37.60400
37.60400
37.60500
37.60600
37.60700
37.60900
37.60900
37.61000
37.61000
37.61000
37.60900
37.60900
37.60900
37.60800
37.60700
37.60500
37.60600
37.60900
37.60900
37.61000
37.61100
37.61200
37.61200
37.61200
37.61100
37.61200
37.61300
37.61300
37.61400
37.61400
37.61500
37.61100
37.61300
37.61200
37.61200
37.61100
37.61100
37.60800
37.60800
37.61000
37.61000
37.61000
37.61000
37.60800
37.60900
37.61000
37.61100
37.61100
37.61000
37.61100
37.61100
37.61000
37.61000
37.61000
37.61100
37.61100
37.61400
37.61900
37.61900
37.62000
37.62100
37.62100
37.62000
37.62200
37.62400
37.62500
37.62500
37.62400
37.62200
37.62300
37.62400
37.62400
37.62400
37.62600
37.62700
37.62800
37.62700
37.62700
37.62600
37.62500
37.62600
37.62300
37.61900
37.61900
37.61900
37.62000
37.62000
37.62200
37.62100
37.62200
37.62300
37.62300
37.62400
37.62300
37.62300
37.62400
37.62200
37.62600
37.62600
37.62700
37.62800
37.62800
37.62700
37.62600
37.62600
37.62700
37.62600
37.62500
37.62500
37.62400
37.62400
37.62700
37.62900
37.62900
37.63000
37.63400
37.63300
37.63400
37.63200
37.63100
37.63400
37.63500
37.63400
37.63500
37.63700
37.63800
37.64000
37.63800
37.63800
37.63900
37.63700
37.63800
37.63700
37.64000
37.64300
37.64300
37.64200
37.64200
37.64100
37.64200
37.64200
37.64300
37.64500
37.64800
37.64900
37.64700
37.64600
37.64700
37.65000
37.65100
37.65200
37.65400
37.65600
37.65700
37.65700
37.65600
37.65900
37.65900
37.66100
37.66300
37.66100
37.66100
37.66200
37.66000
37.66100
37.66200
37.66100
37.66100
37.66400
37.66400
37.66300
37.66300
37.66000
37.65900
37.65700
37.65800
37.65600
37.65600
37.65700
37.65700
37.65800
37.65800
37.65800
37.66200
37.66200
37.66200
37.66100
37.65800
37.65700
37.65500
37.65500
37.65600
37.65500
37.65600
37.65700
37.65900
37.65600
37.65600
37.65800
37.65900
37.65900
37.65900
37.66000
37.66200
37.66400
37.66600
37.66000
37.65800
37.66000
37.66100
37.66500
37.66500
37.66200
37.66100
37.66300
37.66300
37.66200
37.65800
37.65600
37.65600
37.65500
37.65600
37.65600
37.65700
37.65500
37.65700
37.65800
37.65800
37.65600
37.65700
37.65600
37.65500
37.65400
37.65100
37.65500
37.65700
37.65600
37.65700
37.65700
37.65600
37.65500
37.65500
37.65200
37.65000
37.65300
37.65100
37.64900
37.64900
37.65000
37.65000
37.65100
37.64900
37.64900
37.64700
37.64800
37.64700
37.64800
37.64600
37.64400
37.64400
37.64200
37.64200
37.64300
37.64200
37.64100
37.64300
37.64300
37.64300
37.64400
37.64400
37.64400
37.64100
37.64100
37.64200
37.64200
37.64200
37.64100
37.64100
37.64100
37.63900
37.64100
37.64200
37.64200
37.64300
37.64500
37.64300
37.64400
37.64300
37.64400
37.64200
37.64200
37.64300
37.64500
37.64500
37.64200
37.64100
37.64000
37.63900
37.63800
37.64100
37.64200
37.64100
37.64000
37.64200
37.64300
37.64200
37.64200
37.64100
37.64200
37.64400
37.64500
37.64500
37.64600
37.64700
37.64500
37.64300
37.64200
37.64300
37.64000
37.64100
37.64100
37.64300
37.64400
37.64300
37.64300
37.64600
37.64500
37.64500
37.64300
37.64300
37.64200
37.64200
37.64500
37.64300
37.64400
37.64700
37.64700
37.64800
37.64900
37.64900
37.64900
37.65000
37.64800
37.64700
37.64600
37.64600
37.64600
37.64700
37.64400
37.64500
37.64300
37.64300
37.64500
37.64300
37.64400
37.64300
37.64400
37.64500
37.64200
37.64200
37.64100
37.64200
37.64200
37.64100
37.64100
37.64200
37.64200
37.64400
37.64200
37.64200
37.64200
37.64400
37.64600
37.64400
37.64500
37.64400
37.64300
37.64300
37.64400
37.64500
37.64600
37.64700
37.64700
37.64600
37.64500
37.64500
37.64300
37.64400
37.64500
37.64600
37.64700
37.64600
37.64700
37.64700
37.64500
37.64700
37.64400
37.64500
37.64700
37.64700
37.64900
37.64800
37.64700
37.64900
37.65000
37.65000
37.65000
37.65000
37.65000
37.65200
37.65100
37.65100
37.64900
37.64900
37.65100
37.65200
37.65100
37.65200
37.65300
37.65500
37.65500
37.65200
37.65100
37.65100
37.65200
37.65400
37.65400
37.65500
37.65700
37.65400
37.65500
37.65500
37.65400
37.65300
37.65200
37.65300
37.65600
37.65600
37.65600
37.65600
37.65600
37.65600
37.65700
37.65900
37.65800
37.65800
37.65500
37.65400
37.65200
37.65200
37.65100
37.65100
37.65100
37.65100
37.65200
37.65000
37.65100
37.65100
37.65100
37.65100
37.65100
37.65300
37.65300
37.65200
37.65300
37.65300
37.65400
37.65400
37.65500
37.65400
37.65500
37.65500
37.65600
37.65500
37.65700
37.65400
37.65200
37.65000
37.64700
37.64700
37.64700
37.64400
37.64400
37.64300
37.64200
37.64200
37.64200
37.64200
37.63800
37.63700
37.63700
37.64000
37.64200
37.64400
37.64000
37.64000
37.64200
37.64200
37.64400
37.64300
37.64200
37.64100
37.64100
37.64100
37.63900
37.63900
37.63900
37.63800
37.63400
37.63400
37.63300
37.63100
37.63100
37.63000
37.63000
37.63100
37.63100
37.63100
37.62900
37.62800
37.63000
37.62900
37.62800
37.62900
37.62900
37.63000
37.63000
37.63000
37.63100
37.63000
37.63100
37.62900
37.62800
37.62800
37.62900
37.63000
37.63100
37.63000
37.62800
37.62700
37.62800
37.63000
37.62700
37.62700
37.62600
37.62600
37.62700
37.62800
37.62700
37.62700
37.62900
37.63000
37.63000
37.62800
37.62800
37.62600
37.62800
37.62900
37.62900
37.62900
37.62900
37.62900
37.62700
37.62800
37.63000
37.62900
37.63000
37.63200
37.63200
37.63300
37.63200
37.63100
37.62900
37.62900
37.62900
37.62700
37.62800
37.62700
37.62600
37.62600
37.62500
37.62300
37.62500
37.62400
37.62400
37.62300
37.62500
37.62500
37.62400
37.62500
37.62400
37.62400
37.62600
37.62900
37.63100
37.62900
37.62900
37.63100
37.63000
37.63100
37.62900
37.62700
37.62700
37.62800
37.62900
37.63000
37.63200
37.63300
37.63400
37.63500
37.63500
37.63500
37.63600
37.63600
37.63500
37.63600
37.63800
37.63800
37.63800
37.64100
37.64100
37.64100
37.64100
37.64300
37.64300
37.64400
37.64600
37.64600
37.66000
37.70625
37.70750
37.61429
37.76500
37.76200
37.76400
37.64333
37.64333
37.27000
37.27000
