0.00000
0.00000
0.00000
0.00000
0.00000
0.00000
0.00000
0.00000
0.00000
0.00000
0.00000
0.00000
0.00000
0.00000
0.00000
0.00000
1.60000
4.90000
4.90000
4.90000
6.70000
6.70000
6.70000
10.30000
12.30000
12.30000
12.33300
12.40000
12.40000
14.50800
15.70800
17.17500
17.17500
19.32500
18.99100
19.38300
20.23300
20.11600
20.11600
20.64900
21.01900
21.26900
21.26900
21.95700
23.18900
24.26600
24.52100
25.04400
25.55800
25.55800
25.55800
26.54800
26.80800
27.43900
28.49200
29.02400
28.80800
29.73100
29.86400
30.26300
30.45500
30.80900
31.12900
31.00900
31.56500
31.63600
31.53200
31.86000
31.83300
32.18700
33.09100
33.13400
33.20300
33.32600
33.59000
33.93000
34.31800
34.30300
34.17800
34.13700
34.28400
34.38600
34.30400
34.27600
34.22000
34.08700
34.02900
34.17500
34.25400
34.38300
34.52700
34.40400
34.39300
34.53300
34.68000
34.65900
34.78700
34.83900
34.86900
34.95100
35.01300
35.07600
34.97400
35.01400
34.99800
35.00100
35.12200
35.19600
35.31400
35.39800
35.25900
35.33600
35.45500
35.47100
35.51300
35.46100
35.43600
35.30700
35.31400
35.34500
35.43500
35.54900
35.61400
35.65800
35.74100
35.74200
35.73800
35.73700
35.71600
35.64300
35.59500
35.50200
35.44800
35.52500
35.53400
35.48100
35.59900
35.68100
35.66600
35.73500
35.74500
35.71400
35.84800
35.88900
35.98700
36.00900
35.94000
35.87200
35.91200
35.93000
35.95700
35.94400
35.94400
35.87700
35.92500
35.90800
35.80100
35.82100
35.87200
35.86800
35.91900
35.91100
35.86400
35.84400
35.93200
35.91700
36.04600
36.04800
35.99600
36.02200
36.07900
36.02200
36.02400
36.01500
36.01800
36.01500
35.99900
35.95000
35.99700
35.96600
35.96900
35.97300
35.96100
35.94100
35.99200
35.97700
35.97700
36.00700
35.99500
36.01700
36.02000
36.00500
36.03800
35.99900
35.98600
36.02600
36.05300
36.05800
36.01200
35.97800
35.97400
35.94400
35.94400
35.94700
35.94600
35.99300
36.00300
36.00200
36.01400
36.01800
36.04400
36.01500
36.06400
36.06800
36.08200
36.08000
36.06500
36.09400
36.09300
36.06900
36.04400
36.04000
35.99000
36.01800
36.01800
35.99700
35.98400
35.95100
35.97600
35.97100
36.01400
36.00000
36.02600
36.05200
36.05800
36.07000
36.08500
36.05600
36.01200
36.01800
36.00600
36.04400
36.06500
36.06500
36.09200
36.04800
36.05700
36.04600
36.03900
36.04500
36.02300
35.99300
35.97200
35.96800
35.98300
35.98700
35.98100
35.96200
35.98000
35.98200
35.97900
35.98900
35.98700
35.92400
35.91300
35.92700
35.90900
35.91800
35.94000
35.95400
35.94900
35.91300
35.91200
35.89000
35.86400
35.85400
35.82900
35.83500
35.84600
35.86000
35.84800
35.81400
35.82700
35.82800
35.84900
35.82500
35.81600
35.82400
35.82400
35.80900
35.82800
35.84400
35.83800
35.84600
35.83600
35.83200
35.84200
35.84000
35.83500
35.88300
35.86600
35.87800
35.87100
35.85900
35.87300
35.89500
35.90300
35.92500
35.90500
35.90400
35.89400
35.89800
35.90100
35.90900
35.88000
35.88400
35.89100
35.87600
35.88500
35.89500
35.86100
35.87500
35.89200
35.88900
35.90100
35.92600
35.90800
35.94100
35.92600
35.91300
35.90000
35.89900
35.89700
35.90300
35.92500
35.91200
35.91900
35.93100
35.90500
35.92800
35.93600
35.95000
35.93100
35.93900
35.93700
35.95100
35.97500
35.98700
35.95600
35.92100
35.92100
35.91100
35.89000
35.93100
35.93500
35.94300
35.92800
35.95000
35.94800
35.95400
35.93800
35.89500
35.89700
35.90300
35.88500
35.88700
35.88500
35.89500
35.89000
35.88800
35.88600
35.88800
35.86800
35.81400
35.84000
35.83600
35.84500
35.85500
35.84500
35.84000
35.83400
35.81800
35.82700
35.82900
35.82600
35.82000
35.81800
35.83700
35.82100
35.85000
35.88800
35.91700
35.94500
35.96200
35.93100
35.94100
35.91400
35.91700
35.93200
35.95500
35.93300
35.92100
35.91900
35.91900
35.89900
35.89700
35.91400
35.92300
35.93500
35.94500
35.93800
35.94900
35.96400
35.96700
35.98100
35.96600
35.97300
35.97800
35.99100
35.97800
35.98700
35.99700
35.98700
35.97000
35.97400
35.98000
36.00000
35.99600
35.99800
36.02800
36.01800
36.01200
36.02700
36.02100
36.03800
36.04800
36.06800
36.07700
36.10800
36.10500
36.12100
36.10100
36.10300
36.11400
36.12800
36.12000
36.13100
36.13000
36.12900
36.13100
36.12500
36.10200
36.11800
36.11700
36.10800
36.13700
36.14800
36.16400
36.16100
36.17200
36.18700
36.19700
36.20400
36.21000
36.22500
36.23500
36.23700
36.22300
36.21400
36.21100
36.18400
36.17800
36.17500
36.17100
36.14900
36.15900
36.17800
36.17600
36.18000
36.18000
36.15800
36.15000
36.16700
36.16500
36.16200
36.14100
36.13800
36.13100
36.12600
36.11800
36.12200
36.12500
36.14200
36.13300
36.13300
36.14600
36.15100
36.15600
36.16200
36.16400
36.16000
36.14400
36.16600
36.19400
36.21200
36.20600
36.19200
36.20400
36.20600
36.20600
36.21100
36.21200
36.19200
36.19100
36.19600
36.20200
36.20800
36.20400
36.20200
36.20100
36.23800
36.23400
36.25400
36.24000
36.25400
36.26400
36.27200
36.26700
36.26800
36.28100
36.28100
36.28500
36.30800
36.31300
36.33400
36.33000
36.33800
36.33200
36.32900
36.32700
36.33100
36.32800
36.31500
36.31500
36.31600
36.31200
36.30300
36.31400
36.31100
36.30700
36.30400
36.29700
36.30600
36.31800
36.31400
36.30200
36.31400
36.31400
36.32400
36.31200
36.28900
36.27700
36.28300
36.29200
36.30000
36.30800
36.30300
36.30200
36.30000
36.30100
36.31400
36.32200
36.32300
36.33000
36.32300
36.33200
36.34300
36.34100
36.32900
36.33300
36.31200
36.31000
36.32200
36.33400
36.34300
36.35100
36.33300
36.34000
36.35000
36.33900
36.31700
36.28900
36.29300
36.28600
36.29000
36.29300
36.30000
36.29900
36.29400
36.27300
36.27100
36.27200
36.27400
36.27000
36.26900
36.26800
36.25500
36.25100
36.22200
36.22100
36.20500
36.21200
36.19800
36.18600
36.18800
36.19700
36.19600
36.19800
36.20700
36.22200
36.21600
36.21400
36.21500
36.21600
36.20000
36.18400
36.17700
36.18700
36.18100
36.18900
36.21900
36.21000
36.21500
36.23300
36.22300
36.22100
36.21700
36.21700
36.22000
36.20400
36.19800
36.19800
36.21000
36.21800
36.22400
36.21300
36.22400
36.22700
36.21300
36.22800
36.23800
36.22600
36.21900
36.22000
36.21500
36.21500
36.21800
36.22000
36.22100
36.22900
36.22900
36.22800
36.22800
36.22400
36.22400
36.22000
36.22300
36.21200
36.21500
36.21400
36.21000
36.20900
36.20200
36.20300
36.20700
36.20000
36.20100
36.19000
36.19400
36.19700
36.19600
36.19700
36.20100
36.21000
36.19900
36.18900
36.18700
36.18800
36.21000
36.22100
36.21200
36.21300
36.21000
36.19800
36.19700
36.19600
36.20300
36.18600
36.17900
36.18200
36.18200
36.18200
36.16900
36.19100
36.17700
36.18000
36.17600
36.17500
36.18100
36.17800
36.18300
36.17900
36.17900
36.17400
36.17300
36.17300
36.18600
36.18800
36.18900
36.18900
36.18000
36.16100
36.16500
36.16800
36.17000
36.17600
36.17800
36.15600
36.16100
36.15200
36.15500
36.17300
36.16900
36.17200
36.16700
36.16600
36.16800
36.20000
36.19200
36.18800
36.19100
36.20400
36.22100
36.22300
36.22900
36.22000
36.21900
36.21400
36.22700
36.22700
36.22900
36.24000
36.24800
36.23100
36.23700
36.23200
36.23400
36.22900
36.23200
36.24100
36.25300
36.24500
36.25300
36.25000
36.25000
36.23600
36.22700
36.23200
36.23200
36.23200
36.22500
36.22300
36.23200
36.23500
36.21900
36.21600
36.21600
36.21700
36.22400
36.22600
36.22500
36.22000
36.21200
36.21200
36.22000
36.22100
36.23100
36.22600
36.23800
36.24800
36.25400
36.26400
36.26400
36.26200
36.26600
36.27300
36.27600
36.27600
36.27400
36.29200
36.29100
36.28700
36.28600
36.29100
36.29500
36.29900
36.31500
36.32400
36.34000
36.33300
36.33300
36.34700
36.35000
36.35300
36.36800
36.37600
36.37100
36.36300
36.35700
36.36900
36.36100
36.34800
36.35000
36.35500
36.36500
36.36200
36.36900
36.37100
36.36400
36.36900
36.38200
36.38600
36.38400
36.38800
36.39900
36.38800
36.38700
36.38600
36.38000
36.38300
36.38700
36.39300
36.39500
36.39000
36.38600
36.38500
36.38800
36.39000
36.39900
36.39900
36.40900
36.38700
36.39300
36.39300
36.38900
36.38600
36.38300
36.38300
36.39300
36.39300
36.39300
36.39600
36.40800
36.41100
36.41000
36.40700
36.40100
36.41100
36.40800
36.41000
36.42100
36.42500
36.42700
36.42500
36.43000
36.43700
36.44100
36.44600
36.44400
36.43300
36.43800
36.44300
36.44200
36.44400
36.44200
36.43400
36.43400
36.44200
36.44500
36.45100
36.45000
36.46300
36.47000
36.47000
36.47500
36.47300
36.47100
36.46400
36.45600
36.44600
36.44400
36.44300
36.44000
36.43900
36.44400
36.45000
36.44200
36.43500
36.43500
36.44300
36.43800
36.43200
36.42600
36.41900
36.41500
36.42300
36.41400
36.40600
36.40200
36.39400
36.38800
36.39300
36.38100
36.38200
36.38600
36.38100
36.37400
36.37200
36.36900
36.37800
36.37200
36.38100
36.38200
36.37800
36.38200
36.38300
36.38400
36.37800
36.38000
36.38100
36.37900
36.38000
36.39300
36.40200
36.40400
36.40700
36.41300
36.41100
36.42400
36.41400
36.41000
36.41700
36.42200
36.42000
36.41700
36.41500
36.41700
36.42200
36.40900
36.41400
36.42000
36.42300
36.42900
36.42900
36.43400
36.43400
36.44400
36.43000
36.43100
36.43100
36.43300
36.43600
36.42300
36.42500
36.42800
36.43100
36.42300
36.41800
36.43600
36.43500
36.43600
36.43700
36.43600
36.44300
36.44300
36.44600
36.44700
36.45800
36.46000
36.46300
36.46000
36.46600
36.46600
36.45200
36.45100
36.44800
36.45200
36.45800
36.46800
36.47500
36.47700
36.47400
36.48000
36.46500
36.45900
36.46100
36.46700
36.45600
36.46300
36.45900
36.45900
36.45800
36.45000
36.45000
36.44300
36.44000
36.45000
36.46000
36.45200
36.45400
36.44200
36.43500
36.44100
36.43700
36.42900
36.42400
36.42700
36.42700
36.43000
36.42400
36.42300
36.43400
36.42600
36.42600
36.42700
36.42100
36.43000
36.42100
36.40900
36.41200
36.39900
36.39900
36.40200
36.39000
36.38900
36.39000
36.39200
36.38900
36.38400
36.38500
36.39200
36.38000
36.38200
36.38300
36.38500
36.39000
36.39100
36.39500
36.39000
36.38700
36.38400
36.38000
36.37700
36.37500
36.36600
36.36100
36.35400
36.35000
36.35400
36.35400
36.35500
36.35500
36.36000
36.36100
36.36300
36.36500
36.36600
36.36900
36.36300
36.35700
36.34200
36.34500
36.34500
36.34800
36.35100
36.35100
36.35100
36.34700
36.35200
36.35400
36.35700
36.35700
36.36000
36.35600
36.35800
36.36900
36.37700
36.37200
36.36700
36.36400
36.36400
36.36600
36.36500
36.36300
36.36400
36.36300
36.35800
36.35700
36.35500
36.35200
36.35200
36.36000
36.35400
36.34700
36.34900
36.34400
36.34700
36.33700
36.33300
36.33500
36.34400
36.35200
36.35700
36.36300
36.36300
36.36600
36.36800
36.37600
36.37500
36.36800
36.36800
36.36900
36.36400
36.36200
36.36800
36.36800
36.36900
36.37800
36.37800
36.37800
36.38300
36.38700
36.38200
36.38300
36.38400
36.39000
36.38600
36.38900
36.38900
36.38300
36.37800
36.37900
36.38800
36.39700
36.39800
36.40200
36.40300
36.39800
36.40000
36.41300
36.40800
36.41300
36.41800
36.42100
36.42800
36.42900
36.43500
36.43100
36.43900
36.43900
36.44800
36.45000
36.43900
36.43900
36.43900
36.43600
36.43600
36.43900
36.44100
36.43900
36.43900
36.44400
36.44700
36.45000
36.45000
36.45400
36.44900
36.43800
36.44200
36.43800
36.43400
36.44000
36.43900
36.43900
36.43400
36.43500
36.43300
36.42800
36.42100
36.41900
36.41800
36.41800
36.41600
36.40500
36.41100
36.40800
36.41100
36.40500
36.39700
36.40600
36.41500
36.43100
36.42900
36.42200
36.42500
36.42000
36.42100
36.42100
36.41100
36.41800
36.42300
36.41700
36.42600
36.42600
36.42600
36.42300
36.42500
36.42600
36.43100
36.43500
36.43600
36.43800
36.44300
36.44100
36.43800
36.43800
36.42900
36.43000
36.44200
36.43600
36.43600
36.43300
36.43000
36.43100
36.43700
36.44000
36.44000
36.44000
36.43900
36.43100
36.42900
36.41800
36.41200
36.41000
36.40900
36.40700
36.41100
36.40400
36.40300
36.40200
36.40400
36.39800
36.39400
36.39600
36.40400
36.40300
36.40600
36.40600
36.39800
36.39600
36.39300
36.39000
36.38700
36.38200
36.38000
36.37600
36.37100
36.37500
36.37800
36.37000
36.36700
36.36700
36.37100
36.36100
36.35400
36.35600
36.35200
36.34700
36.34400
36.34400
36.33300
36.33300
36.32800
36.32600
36.32900
36.33300
36.33000
36.33000
36.32500
36.32300
36.32500
36.32600
36.32800
36.33100
36.33600
36.33500
36.33200
36.33400
36.32700
36.32500
36.33300
36.33800
36.33800
36.33800
36.34200
36.34200
36.34000
36.34000
36.33800
36.34100
36.33800
36.33800
36.34200
36.34600
36.34500
36.34000
36.34500
36.35700
36.36000
36.36000
36.35400
36.35700
36.35100
36.36400
36.36300
36.36400
36.36100
36.35800
36.35400
36.35100
36.35600
36.35200
36.35700
36.34600
36.35000
36.34800
36.34800
36.35700
36.35200
36.34300
36.35200
36.33800
36.33600
36.33900
36.34200
36.34300
36.34300
36.34700
36.34100
36.33900
36.34000
36.34300
36.34000
36.34600
36.34900
36.34900
36.34500
36.35100
36.35600
36.35700
36.36100
36.36000
36.36300
36.36500
36.36200
36.35900
36.36100
36.35900
36.35200
36.35000
36.35300
36.34400
36.34700
36.34900
36.34900
36.34700
36.34900
36.35300
36.35700
36.34900
36.34500
36.34800
36.35100
36.34900
36.34500
36.34300
36.34900
36.35600
36.36000
36.35800
36.35300
36.34900
36.34600
36.34600
36.34100
36.34100
36.33900
36.33900
36.34300
36.34600
36.34500
36.34000
36.33900
36.33500
36.33400
36.32900
36.33100
36.32600
36.32400
36.32200
36.32300
36.32200
36.32100
36.32400
36.32300
36.32100
36.32100
36.32200
36.32900
36.32600
36.32900
36.32100
36.31700
36.31500
36.31600
36.31900
36.32400
36.32400
36.32500
36.32000
36.32900
36.32800
36.32200
36.32100
36.31800
36.32000
36.32500
36.32400
36.32300
36.32300
36.32500
36.32700
36.32000
36.31500
36.31300
36.31400
36.31100
36.31200
36.30700
36.30800
36.31300
36.31800
36.31800
36.31300
36.31300
36.31000
36.30800
36.30600
36.30400
36.30700
36.30700
36.30600
36.30400
36.30600
36.31000
36.31000
36.30600
36.29800
36.29900
36.29700
36.30200
36.30300
36.30300
36.29900
36.30200
36.30300
36.30100
36.30000
36.30800
36.31000
36.30900
36.30700
36.30800
36.31400
36.31200
36.31600
36.31800
36.31900
36.32000
36.31900
36.31800
36.31100
36.30400
36.30900
36.31200
36.31600
36.31700
36.31300
36.31600
36.31900
36.31500
36.31200
36.31300
36.31300
36.31700
36.31900
36.31800
36.31400
36.31300
36.31600
36.32400
36.32200
36.31700
36.31800
36.32000
36.32200
36.32000
36.31500
36.32200
36.32500
36.32900
36.32900
36.33300
36.33100
36.33900
36.34300
36.34600
36.34100
36.33900
36.33400
36.33100
36.33400
36.33600
36.33200
36.34100
36.34200
36.34900
36.34600
36.34800
36.34100
36.34800
36.35200
36.35600
36.35900
36.36000
36.36100
36.36000
36.36100
36.35800
36.35800
36.35500
36.35500
36.35500
36.36400
36.35700
36.35900
36.36700
36.36400
36.36500
36.36900
36.36300
36.36200
36.36300
36.37000
36.37100
36.38000
36.37900
36.38000
36.37800
36.37700
36.37800
36.37900
36.38200
36.38400
36.38700
36.38500
36.37800
36.38000
36.37600
36.38000
36.37700
36.37200
36.36600
36.36000
36.36100
36.36400
36.37000
36.37100
36.36700
36.37300
36.37500
36.36700
36.36700
36.36500
36.35600
36.35700
36.35800
36.35600
36.35800
36.35900
36.35200
36.35400
36.35800
36.35400
36.35300
36.35400
36.35600
36.36300
36.36700
36.36900
36.36900
36.36800
36.37100
36.37400
36.36800
36.37600
36.37700
36.37600
36.37500
36.37200
36.37300
36.38200
36.38800
36.39000
36.39400
36.40000
36.41000
36.40500
36.40400
36.41000
36.41800
36.41900
36.41800
36.42300
36.42600
36.42300
36.42000
36.42200
36.42400
36.42500
36.42700
36.43600
36.43100
36.43700
36.43200
36.43500
36.43600
36.43200
36.42900
36.43200
36.43200
36.43000
36.43000
36.43100
36.43600
36.43900
36.43300
36.43300
36.43400
36.43700
36.43600
36.43800
36.44300
36.44800
36.44300
36.43700
36.43900
36.43600
36.43200
36.43200
36.42300
36.42600
36.42700
36.42500
36.42300
36.42600
36.43000
36.43200
36.42800
36.42600
36.42300
36.41800
36.42400
36.42600
36.42500
36.42400
36.42900
36.42800
36.42900
36.43800
36.44500
36.44400
36.44400
36.44100
36.44200
36.44500
36.44300
36.45500
36.45300
36.45100
36.45100
36.45200
36.44800
36.44700
36.44600
36.44800
36.45100
36.45100
36.44800
36.44800
36.45100
36.44900
36.45200
36.44800
36.45400
36.45200
36.45200
36.45500
36.45800
36.45500
36.45700
36.45400
36.45600
36.45200
36.44700
36.45100
36.44800
36.44500
36.45000
36.44900
36.45200
36.45500
36.45500
36.45200
36.45300
36.45200
36.45800
36.46600
36.46700
36.46700
36.46600
36.46200
36.46200
36.45600
36.46400
36.46400
36.46400
36.47000
36.46900
36.46800
36.47000
36.46500
36.46500
36.46300
36.46300
36.46500
36.45900
36.46000
36.46000
36.46600
36.46200
36.45700
36.45900
36.45800
36.45400
36.45300
36.45600
36.45400
36.45500
36.45500
36.45800
36.46200
36.45600
36.45600
36.46000
36.46000
36.46500
36.46600
36.46500
36.46700
36.46700
36.46300
36.45900
36.46800
36.46900
36.47000
36.47400
36.46700
36.47100
36.47500
36.47100
36.47100
36.47100
36.47500
36.47400
36.47500
36.47400
36.47500
36.47400
36.47600
36.47800
36.47800
36.47400
36.47800
36.47200
36.47000
36.47200
36.47200
36.47700
36.48300
36.48000
36.48200
36.48500
36.48300
36.48400
36.48300
36.48300
36.47400
36.47800
36.48200
36.48800
36.48900
36.48200
36.48500
36.48900
36.48500
36.48700
36.48500
36.48200
36.48200
36.48300
36.48100
36.47900
36.48000
36.48200
36.48000
36.48500
36.48400
36.48400
36.48200
36.48200
36.48300
36.48800
36.49400
36.48900
36.49300
36.49400
36.49300
36.49700
36.49900
36.50000
36.50000
36.50300
36.50300
36.51200
36.51100
36.51500
36.51400
36.52000
36.52000
36.52000
36.52100
36.52200
36.53000
36.52900
36.52600
36.52300
36.52500
36.52400
36.52500
36.53200
36.53400
36.53400
36.53600
36.53600
36.53400
36.53600
36.53400
36.53700
36.53600
36.53000
36.52900
36.53100
36.53300
36.52800
36.52700
36.53100
36.52200
36.52000
36.52300
36.52100
36.52200
36.52100
36.52200
36.52600
36.52200
36.52000
36.53100
36.53100
36.53300
36.53300
36.53100
36.52900
36.52500
36.53000
36.53000
36.53100
36.52900
36.53300
36.53500
36.53200
36.53200
36.53300
36.53800
36.54100
36.53300
36.52900
36.52700
36.52700
36.52600
36.52500
36.52800
36.52400
36.52400
36.51300
36.51400
36.51400
36.51300
36.51400
36.52100
36.52400
36.52100
36.51900
36.52200
36.52100
36.52100
36.52100
36.52000
36.52000
36.51800
36.51900
36.51100
36.51000
36.51100
36.51200
36.51100
36.50900
36.51000
36.51300
36.51400
36.51200
36.51400
36.51600
36.51600
36.51500
36.51400
36.51500
36.51500
36.51200
36.50700
36.50300
36.50300
36.50100
36.50300
36.50400
36.50300
36.50300
36.50300
36.50800
36.50800
36.50900
36.50500
36.50800
36.50400
36.50800
36.50700
36.50000
36.50300
36.50900
36.51200
36.51100
36.51400
36.51100
36.51100
36.50900
36.51000
36.50800
36.50800
36.50600
36.50900
36.50900
36.50700
36.50500
36.51400
36.51100
36.51200
36.51600
36.51500
36.51700
36.51100
36.51100
36.51500
36.50400
36.50300
36.50600
36.50400
36.50400
36.50200
36.50200
36.50200
36.50400
36.50200
36.49700
36.49300
36.49200
36.49300
36.49000
36.49100
36.48800
36.49100
36.49200
36.49300
36.49300
36.49400
36.49300
36.49600
36.50100
36.49900
36.49900
36.49400
36.49400
36.49500
36.49600
36.49300
36.49400
36.49100
36.49200
36.49300
36.49100
36.49300
36.49100
36.48700
36.48400
36.48600
36.48100
36.48300
36.48400
36.48600
36.48400
36.48300
36.48200
36.48000
36.48000
36.48300
36.48600
36.47900
36.48200
36.48300
36.48500
36.48300
36.48200
36.48800
36.48700
36.48600
36.48400
36.48000
36.47900
36.48000
36.47300
36.47400
36.47400
36.47300
36.47300
36.47400
36.47400
36.47400
36.48000
36.47600
36.47400
36.47000
36.47000
36.46900
36.47400
36.47700
36.47200
36.47300
36.47500
36.47700
36.47300
36.47000
36.46800
36.47100
36.47200
36.47000
36.47000
36.47000
36.47400
36.47400
36.47400
36.47200
36.47000
36.46900
36.46500
36.46500
36.46500
36.47000
36.46700
36.46400
36.46500
36.46500
36.46100
36.45900
36.46000
36.46200
36.46200
36.46100
36.45600
36.45400
36.45600
36.45800
36.45300
36.44900
36.44900
36.44400
36.44800
36.45100
36.44900
36.44600
36.44800
36.44600
36.44700
36.44500
36.44600
36.44600
36.44500
36.44600
36.44700
36.45000
36.44700
36.44700
36.44400
36.44100
36.44300
36.44500
36.44600
36.44900
36.45200
36.45000
36.45100
36.45100
36.45500
36.45900
36.46000
36.46000
36.46200
36.46500
36.46100
36.46100
36.45900
36.45800
36.45400
36.46000
36.45700
36.45700
36.45700
36.45900
36.46200
36.46500
36.46300
36.46400
36.46800
36.46600
36.46800
36.46900
36.47200
36.47200
36.47300
36.47400
36.47200
36.46900
36.46800
36.47000
36.47100
36.47400
36.47400
36.47500
36.47600
36.47500
36.47200
36.47400
36.47100
36.46800
36.47200
36.47300
36.47500
36.47100
36.47600
36.47200
36.47600
36.47700
36.47100
36.47100
36.47000
36.46600
36.46400
36.46000
36.46200
36.46000
36.45900
36.46100
36.45800
36.45700
36.45500
36.44600
36.44600
36.44700
36.44700
36.44500
36.44200
36.44400
36.44000
36.44000
36.44300
36.44200
36.44300
36.43900
36.43600
36.43400
36.43500
36.43500
36.43500
36.43500
36.43500
36.43500
36.43500
36.43000
36.42900
36.43000
36.43600
36.43300
36.43200
36.43200
36.43600
36.43200
36.43500
36.43200
36.43300
36.43700
36.43300
36.43000
36.43200
36.42900
36.42900
36.42700
36.42800
36.42900
36.42900
36.42900
36.42900
36.43100
36.43000
36.42900
36.43200
36.43400
36.43300
36.43500
36.43600
36.43800
36.44200
36.44200
36.44300
36.44700
36.44500
36.44700
36.44800
36.45100
36.44700
36.45000
36.45400
36.45300
36.45500
36.45400
36.44700
36.44400
36.44500
36.44600
36.44800
36.44500
36.44400
36.43800
36.43500
36.43500
36.43800
36.43800
36.43500
36.43600
36.43400
36.43600
36.44400
36.44300
36.44300
36.44000
36.44300
36.43900
36.44300
36.44400
36.44100
36.44100
36.44200
36.44200
36.44100
36.44300
36.44300
36.44400
36.44400
36.44200
36.44400
36.44600
36.44500
36.44600
36.44600
36.44400
36.44200
36.44600
36.44200
36.44400
36.43900
36.44100
36.43800
36.43900
36.44200
36.44300
36.44400
36.44600
36.44300
36.44300
36.44500
36.44700
36.45000
36.44600
36.44700
36.44700
36.44800
36.44600
36.44400
36.44900
36.44700
36.44500
36.44500
36.44700
36.44400
36.44500
36.44700
36.44600
36.44400
36.44500
36.44500
36.44200
36.44200
36.44500
36.44800
36.45100
36.45300
36.45300
36.45400
36.45800
36.45700
36.45600
36.45700
36.45500
36.45900
36.45800
36.45700
36.45800
36.45800
36.45700
36.45800
36.46000
36.45900
36.45800
36.45300
36.45600
36.45600
36.45600
36.45500
36.45600
36.45200
36.45300
36.45200
36.45300
36.45100
36.45300
36.45000
36.45200
36.45500
36.45700
36.45700
36.45400
36.44800
36.44400
36.45000
36.45100
36.45200
36.45600
36.45400
36.45600
36.46000
36.46000
36.46000
36.46100
36.46200
36.46600
36.46600
36.46800
36.46700
36.46200
36.46400
36.46500
36.46300
36.46400
36.46000
36.45800
36.45600
36.45700
36.45700
36.45700
36.45700
36.45400
36.45300
36.45400
36.45400
36.45500
36.45500
36.45500
36.46100
36.46300
36.46400
36.46500
36.46900
36.47000
36.47000
36.47000
36.47200
36.46900
36.46600
36.46700
36.47100
36.47300
36.47500
36.47400
36.48100
36.47900
36.48200
36.47800
36.47500
36.47600
36.47400
36.46800
36.46900
36.47200
36.47000
36.47100
36.46900
36.47300
36.47000
36.47300
36.46900
36.46600
36.47000
36.47100
36.47300
36.47200
36.47600
36.47700
36.47400
36.47800
36.47200
36.47400
36.47500
36.47800
36.47700
36.47500
36.47200
36.47400
36.47500
36.47900
36.47800
36.47600
36.47000
36.46800
36.47400
36.47700
36.47800
36.48200
36.48300
36.48400
36.48900
36.49400
36.49800
36.49900
36.50100
36.50200
36.49600
36.49400
36.49700
36.49800
36.49800
36.49700
36.49900
36.49600
36.49900
36.49800
36.50300
36.50300
36.50300
36.50600
36.50300
36.50700
36.50700
36.51000
36.51000
36.50900
36.50800
36.50700
36.50900
36.51100
36.51100
36.51100
36.50800
36.50700
36.50400
36.50500
36.50600
36.50000
36.50300
36.50000
36.49900
36.50200
36.50400
36.50300
36.50600
36.50600
36.50900
36.50600
36.50700
36.50800
36.50800
36.50400
36.50200
36.50600
36.50500
36.50400
36.50400
36.50400
36.50500
36.50000
36.49800
36.50000
36.49900
36.50200
36.50500
36.50700
36.50500
36.50400
36.50300
36.50500
36.50400
36.50400
36.50200
36.50000
36.50100
36.50200
36.50000
36.50100
36.50300
36.50100
36.50300
36.50400
36.50600
36.50800
36.50900
36.50900
36.50700
36.50400
36.50600
36.50900
36.51200
36.51300
36.50800
36.50700
36.50600
36.50900
36.50600
36.50400
36.50300
36.50200
36.50500
36.50300
36.50000
36.49700
36.49900
36.50200
36.50400
36.51100
36.51100
36.50800
36.50800
36.50800
36.51100
36.51000
36.51200
36.51600
36.51500
36.51500
36.51800
36.51900
36.51600
36.51500
36.51600
36.52100
36.51800
36.52300
36.52400
36.52200
36.52300
36.52400
36.52200
36.52600
36.52800
36.52600
36.52900
36.53000
36.53100
36.53000
36.53100
36.52800
36.53300
36.53200
36.53600
36.53800
36.54000
36.53900
36.54100
36.54400
36.54500
36.54400
36.54300
36.54500
36.54600
36.54800
36.54500
36.54400
36.54500
36.54400
36.54300
36.54500
36.54200
36.54000
36.54100
36.54100
36.54300
36.54900
36.54900
36.55000
36.54800
36.54700
36.54300
36.54400
36.54300
36.54200
36.54400
36.54400
36.54400
36.54400
36.54500
36.54900
36.54900
36.55000
36.55200
36.55300
36.55300
36.55400
36.55700
36.56000
36.55900
36.56100
36.55900
36.55900
36.55700
36.55200
36.55200
36.55300
36.55600
36.55400
36.55500
36.55300
36.55500
36.55400
36.55800
36.55700
36.55700
36.55300
36.55000
36.55000
36.55000
36.55300
36.55400
36.55400
36.55700
36.56100
36.55800
36.55600
36.55600
36.55500
36.55700
36.55700
36.55500
36.55500
36.55700
36.55500
36.55600
36.56000
36.56100
36.56000
36.56100
36.56100
36.56200
36.55800
36.56200
36.56300
36.56200
36.56300
36.56100
36.55900
36.55900
36.56100
36.55900
36.55800
36.55600
36.55600
36.55600
36.55500
36.55400
36.55600
36.55500
36.55600
36.55500
36.55900
36.56000
36.55800
36.55800
36.55900
36.56100
36.56000
36.56100
36.55900
36.55700
36.55600
36.55600
36.55500
36.55700
36.55600
36.55900
36.55600
36.55900
36.56200
36.56400
36.56200
36.56100
36.56000
36.55800
36.55600
36.55600
36.55600
36.55700
36.55700
36.55700
36.55500
36.56000
36.55700
36.55500
36.55400
36.55600
36.55800
36.55900
36.56200
36.56100
36.56100
36.56200
36.56100
36.56200
36.55900
36.55900
36.56000
36.55800
36.55800
36.55800
36.55800
36.55400
36.55400
36.54800
36.54300
36.54300
36.54400
36.54500
36.54300
36.54200
36.54100
36.54500
36.54700
36.54700
36.54600
36.54900
36.55000
36.55500
36.55400
36.55100
36.55100
36.55100
36.55200
36.55300
36.55100
36.55100
36.55300
36.55200
36.55100
36.54900
36.55100
36.55300
36.55500
36.55400
36.55500
36.55600
36.55500
36.55900
36.56000
36.56000
36.55900
36.55600
36.55400
36.55200
36.55200
36.55400
36.55700
36.55400
36.55600
36.55600
36.55800
36.55700
36.56000
36.55700
36.55700
36.55700
36.55900
36.55900
36.56000
36.56000
36.56300
36.56200
36.56100
36.56500
36.56400
36.56500
36.56500
36.56200
36.56100
36.56400
36.56400
36.56400
36.56700
36.56900
36.56800
36.57100
36.57100
36.57100
36.57300
36.57400
36.57500
36.57800
36.57600
36.57400
36.57300
36.57300
36.57300
36.57200
36.57200
36.57500
36.57500
36.57400
36.57400
36.57200
36.57300
36.57300
36.57500
36.57700
36.57600
36.57800
36.57800
36.58000
36.58100
36.58400
36.58100
36.58300
36.58600
36.58700
36.58500
36.57900
36.57800
36.58500
36.58800
36.58700
36.58900
36.58800
36.58700
36.58900
36.59200
36.59100
36.59200
36.59700
36.59900
36.59600
36.60000
36.60500
36.60400
36.60900
36.60900
36.61100
36.61000
36.60900
36.60900
36.61300
36.61100
36.61200
36.61600
36.61800
36.61800
36.61800
36.61900
36.61600
36.61400
36.61300
36.61800
36.61600
36.61400
36.61400
36.61300
36.61200
36.61500
36.61400
36.61300
36.61300
36.61300
36.61400
36.61500
36.61800
36.61600
36.61700
36.61500
36.60900
36.61200
36.61300
36.61500
36.62000
36.62300
36.61600
36.61600
36.62000
36.62000
36.61800
36.61900
36.62200
36.62200
36.62100
36.62200
36.62300
36.62000
36.62300
36.62200
36.62300
36.62200
36.62400
36.62500
36.62400
36.62400
36.62600
36.62200
36.62100
36.62600
36.62500
36.63100
36.63300
36.63000
36.63100
36.62700
36.62900
36.63000
36.62700
36.62900
36.62800
36.62800
36.62900
36.62900
36.63000
36.63200
36.63200
36.63200
36.62900
36.62900
36.63200
36.63300
36.63200
36.63400
36.63300
36.63300
36.63100
36.63100
36.62900
36.62600
36.62300
36.62300
36.61800
36.62200
36.61900
36.61900
36.62000
36.62300
36.62200
36.61800
36.62300
36.62100
36.62600
36.62400
36.62500
36.62300
36.62100
36.62200
36.62000
36.62500
36.62600
36.62300
36.62400
36.62600
36.62500
36.62800
36.62500
36.62500
36.62700
36.62600
36.63000
36.63200
36.63000
36.63200
36.63100
36.63000
36.62600
36.62600
36.62500
36.62600
36.62500
36.61900
36.62300
36.62700
36.62700
36.62500
36.62700
36.62400
36.62200
36.61300
36.61500
36.61800
36.61700
36.61600
36.61600
36.61700
36.62000
36.62000
36.62000
36.61900
36.61900
36.62000
36.62800
36.62900
36.62600
36.62600
36.62900
36.62800
36.63000
36.63000
36.63300
36.62900
36.62900
36.63000
36.62900
36.63200
36.63500
36.63200
36.62900
36.63100
36.63300
36.63600
36.63500
36.63500
36.63100
36.63200
36.63200
36.63300
36.63400
36.63700
36.63400
36.63700
36.63800
36.64000
36.64200
36.64200
36.63900
36.64000
36.64100
36.64200
36.64300
36.64500
36.64600
36.64800
36.64800
36.64100
36.64300
36.64400
36.64400
36.64400
36.64700
36.64600
36.64800
36.64900
36.64700
36.64600
36.64800
36.65000
36.65100
36.65600
36.65500
36.65500
36.65700
36.65800
36.66100
36.66000
36.66100
36.65900
36.65900
36.65800
36.66000
36.66100
36.66600
36.66700
36.66600
36.66700
36.66800
36.67000
36.67000
36.67000
36.66600
36.66400
36.66200
36.66000
36.66100
36.66000
36.66000
36.66100
36.66400
36.66600
36.66200
36.66500
36.66100
36.66300
36.66400
36.66500
36.66700
36.66600
36.66500
36.66500
36.66600
36.66800
36.67000
36.67000
36.67300
36.67600
36.67500
36.67500
36.67600
36.67800
36.68200
36.68300
36.67800
36.67500
36.67100
36.66900
36.67000
36.66800
36.67000
36.67000
36.67200
36.67500
36.67400
36.67800
36.67900
36.67800
36.68100
36.68300
36.68800
36.68700
36.68700
36.68700
36.68700
36.68900
36.68900
36.69100
36.69100
36.69000
36.69100
36.69200
36.69300
36.69500
36.69400
36.69400
36.69400
36.69400
36.69500
36.69600
36.69900
36.70100
36.70000
36.69800
36.69500
36.69900
36.70100
36.70100
36.70400
36.70400
36.70400
36.70600
36.70700
36.70300
36.70500
36.70500
36.70400
36.70900
36.71000
36.71100
36.71000
36.70900
36.70900
36.70800
36.70900
36.70800
36.70700
36.70300
36.70200
36.70500
36.70300
36.70400
36.70200
36.70500
36.70400
36.70700
36.71200
36.71200
36.71100
36.71000
36.70800
36.70800
36.70800
36.70800
36.70900
36.70600
36.70700
36.70600
36.70700
36.70600
36.70600
36.70600
36.70500
36.70500
36.70600
36.70300
36.70400
36.70700
36.70600
36.71100
36.71200
36.71300
36.71100
36.71200
36.71200
36.71100
36.71300
36.71400
36.71300
36.71200
36.71200
36.71400
36.71400
36.71400
36.71600
36.71800
36.71800
36.72000
36.71900
36.72000
36.71700
36.71800
36.72000
36.72100
36.72000
36.72200
36.72200
36.72200
36.72200
36.72400
36.72600
36.72500
36.72500
36.72400
36.72500
36.72400
36.72400
36.72600
36.72800
36.72800
36.72600
36.72600
36.72800
36.73000
36.73200
36.73200
36.73500
36.73700
36.73800
36.74000
36.73900
36.74100
36.74100
36.73900
36.74200
36.74300
36.74000
36.73900
36.74100
36.74100
36.74200
36.74200
36.74000
36.74000
36.74100
36.74400
36.74200
36.74300
36.74400
36.74100
36.74100
36.74400
36.74200
36.74300
36.74500
36.74600
36.74800
36.74600
36.74600
36.74600
36.74800
36.74800
36.74900
36.75000
36.75000
36.75200
36.75500
36.75600
36.75600
36.75800
36.76000
36.76100
36.76100
36.76200
36.76200
36.76300
36.76300
36.76400
36.76200
36.75900
36.76000
36.75700
36.75800
36.76100
36.76200
36.76200
36.76400
36.76200
36.76000
36.76100
36.75900
36.75800
36.76100
36.76100
36.76600
36.76700
36.76900
36.77500
36.77400
36.78100
36.77700
36.78100
36.78300
36.78200
36.78300
36.78200
36.78000
36.78000
36.78100
36.77900
36.78100
36.78000
36.78100
36.78000
36.78000
36.78500
36.78500
36.78400
36.78700
36.78700
36.78600
36.78700
36.78800
36.78800
36.78700
36.79100
36.79100
36.79100
36.78800
36.78800
36.79100
36.79200
36.79200
36.79400
36.79500
36.79600
36.79500
36.79500
36.79800
36.80000
36.80300
36.80400
36.80400
36.80300
36.80300
36.80500
36.80300
36.80100
36.80200
36.80000
36.79900
36.80000
36.80000
36.80200
36.80500
36.80400
36.80400
36.80300
36.80200
36.80200
36.80500
36.80800
36.80600
36.80400
36.80500
36.80800
36.80600
36.81100
36.81300
36.80900
36.80800
36.81200
36.81100
36.80700
36.80700
36.80800
36.80600
36.80900
36.80900
36.81000
36.81200
36.81300
36.81400
36.81400
36.81400
36.81500
36.81500
36.81600
36.81400
36.81300
36.81400
36.81000
36.80800
36.81200
36.81800
36.82000
36.82600
36.82500
36.82300
36.82100
36.82300
36.82400
36.82400
36.82500
36.82400
36.82500
36.82400
36.82200
36.82200
36.82300
36.82000
36.81900
36.82000
36.82000
36.82100
36.82200
36.82400
36.82400
36.82400
36.82400
36.82500
36.82700
36.82700
36.82600
36.82300
36.82200
36.82300
36.82300
36.82600
36.82700
36.82800
36.83000
36.83200
36.83200
36.83800
36.83800
36.84000
36.84000
36.84100
36.84000
36.84000
36.84400
36.84500
36.84600
36.84600
36.84600
36.84700
36.84500
36.84400
36.84700
36.84900
36.84900
36.85000
36.85000
36.85200
36.84800
36.84900
36.85000
36.85200
36.85500
36.85500
36.85200
36.85300
36.85400
36.85400
36.85400
36.85100
36.84800
36.84900
36.85100
36.85100
36.85200
36.84900
36.85100
36.85100
36.85200
36.85200
36.85100
36.85300
36.85400
36.85500
36.85700
36.85600
36.85700
36.85900
36.85700
36.85400
36.85700
36.85700
36.85500
36.85600
36.85700
36.85800
36.85900
36.85800
36.85600
36.85500
36.85500
36.85400
36.85300
36.85300
36.85200
36.84900
36.84900
36.85000
36.84800
36.84900
36.84800
36.84700
36.84900
36.84800
36.84600
36.84300
36.84500
36.85000
36.85100
36.84900
36.84900
36.85000
36.85000
36.84900
36.84700
36.84700
36.84900
36.85000
36.85100
36.84900
36.84900
36.84900
36.84900
36.84800
36.84900
36.84600
36.84600
36.84500
36.84300
36.84000
36.83900
36.83900
36.83900
36.83900
36.84200
36.84100
36.84100
36.84000
36.83900
36.83900
36.84000
36.84100
36.84300
36.84000
36.84100
36.84100
36.83900
36.84200
36.84500
36.84500
36.84300
36.84400
36.84400
36.84000
36.84000
36.84000
36.84100
36.84300
36.84200
36.84200
36.84400
36.84400
36.84400
36.84700
36.84800
36.85000
36.84900
36.84800
36.84900
36.85000
36.84800
36.85000
36.85100
36.85000
36.85000
36.85200
36.85100
36.85100
36.85000
36.84700
36.84800
36.84700
36.84800
36.84900
36.84800
36.84900
36.85000
36.85000
36.84600
36.84800
36.84700
36.85100
36.85000
36.84900
36.84900
36.85300
36.85500
36.85700
36.85900
36.86100
36.86100
36.86200
36.86200
36.86200
36.86200
36.86300
36.85900
36.85900
36.86100
36.86100
36.86300
36.86100
36.86100
36.86400
36.86500
36.86400
36.86700
36.86600
36.86600
36.86900
36.87000
36.87000
36.87200
36.87200
36.87500
36.87600
36.87700
36.87800
36.87700
36.87800
36.87600
36.87600
36.87700
36.87400
36.87600
36.87600
36.87900
36.87700
36.87800
36.88000
36.88100
36.88100
36.88100
36.88100
36.88000
36.88300
36.88100
36.88000
36.88100
36.88000
36.88100
36.88300
36.88200
36.88100
36.88300
36.88100
36.88100
36.88300
36.88200
36.88400
36.88200
36.88300
36.88300
36.87900
36.88000
36.88300
36.88200
36.88000
36.88200
36.88000
36.88300
36.88000
36.88200
36.88300
36.88100
36.87900
36.88100
36.88200
36.88300
36.88600
36.88500
36.88200
36.88000
36.88100
36.88100
36.88300
36.88400
36.88300
36.88700
36.88400
36.88500
36.88800
36.89100
36.89300
36.89400
36.89400
36.89200
36.89200
36.89200
36.89000
36.88900
36.88800
36.88800
36.88800
36.88900
36.89000
36.88900
36.88900
36.88800
36.88600
36.88900
36.88900
36.88900
36.88900
36.88700
36.88900
36.88700
36.88800
36.88900
36.88900
36.88900
36.88900
36.88900
36.89000
36.89200
36.89200
36.88900
36.89000
36.89000
36.89000
36.88800
36.88600
36.88400
36.88400
36.88500
36.88600
36.88700
36.88800
36.88900
36.88900
36.88600
36.88200
36.88300
36.88800
36.89200
36.89200
36.89200
36.89200
36.89200
36.89500
36.89600
36.89500
36.89500
36.89300
36.89200
36.89300
36.89500
36.89600
36.89100
36.89200
36.89300
36.89500
36.89400
36.89500
36.89400
36.89500
36.89500
36.89500
36.89400
36.89500
36.89500
36.89700
36.89500
36.89400
36.89300
36.89400
36.89700
36.89900
36.89900
36.90200
36.90200
36.89900
36.89800
36.89800
36.89900
36.89900
36.89700
36.89700
36.89700
36.89800
36.89800
36.90100
36.90300
36.90200
36.90200
36.90100
36.90100
36.90100
36.90100
36.90600
36.90500
36.90200
36.90400
36.90400
36.90700
36.90600
36.90400
36.90500
36.90500
36.90300
36.90300
36.90200
36.90000
36.90100
36.90200
36.90200
36.90200
36.90400
36.90400
36.90200
36.89800
36.89500
36.89500
36.89200
36.89300
36.89400
36.89700
36.89600
36.89500
36.89600
36.89300
36.89300
36.89300
36.89300
36.89400
36.89600
36.89600
36.89600
36.89500
36.89500
36.89500
36.89400
36.89500
36.89400
36.89300
36.89400
36.89400
36.89100
36.88900
36.88900
36.88900
36.88800
36.88800
36.89000
36.89000
36.89000
36.89000
36.89000
36.89300
36.89000
36.89000
36.89100
36.89200
36.89000
36.88800
36.89000
36.89000
36.88900
36.88700
36.88800
36.88700
36.88600
36.88600
36.88800
36.88700
36.88800
36.88800
36.88800
36.88800
36.88600
36.88500
36.88400
36.88600
36.88600
36.88900
36.89000
36.89000
36.89100
36.89000
36.89200
36.89000
36.89000
36.89000
36.89300
36.89500
36.89400
36.89200
36.89300
36.89400
36.89400
36.89400
36.89300
36.89400
36.89400
36.89100
36.89100
36.89100
36.89100
36.89200
36.89300
36.89200
36.89200
36.89300
36.89300
36.89600
36.89700
36.89700
36.89800
36.89700
36.89800
36.89700
36.89900
36.90000
36.89900
36.89900
36.90100
36.90100
36.90200
36.90100
36.89900
36.90100
36.90300
36.90000
36.90200
36.90200
36.90300
36.90400
36.90400
36.90500
36.90500
36.90700
36.90500
36.90300
36.90100
36.90200
36.90200
36.90300
36.90600
36.90700
36.90800
36.90700
36.90400
36.90000
36.90100
36.90500
36.90300
36.90400
36.90500
36.90600
36.90600
36.90800
36.91000
36.91200
36.91200
36.91200
36.90900
36.91100
36.91100
36.91400
36.91400
36.91400
36.91500
36.91100
36.91400
36.91700
36.91600
36.91500
36.91700
36.91600
36.91700
36.91600
36.91800
36.92100
36.92300
36.92400
36.92400
36.92300
36.92400
36.92500
36.92300
36.92500
36.92700
36.92800
36.92700
36.92700
36.92700
36.92700
36.92400
36.92500
36.92400
36.92400
36.92700
36.92600
36.92600
36.92500
36.92600
36.92600
36.92800
36.92900
36.92900
36.93100
36.93200
36.93100
36.93300
36.93300
36.93400
36.93400
36.93300
36.93600
36.93700
36.94000
36.94100
36.94500
36.94500
36.94600
36.94600
36.94500
36.94400
36.94500
36.94700
36.95000
36.95100
36.94900
36.94800
36.94800
36.94800
36.94800
36.95000
36.94800
36.94700
36.94500
36.94500
36.94500
36.94500
36.94600
36.94700
36.94600
36.94500
36.94500
36.94200
36.94100
36.94400
36.94200
36.94100
36.94300
36.94500
36.95000
36.95000
36.94900
36.94600
36.94600
36.94700
36.94800
36.94600
36.94600
36.94700
36.94500
36.94600
36.94500
36.94600
36.94400
36.94300
36.94100
36.94100
36.94100
36.94300
36.94300
36.94200
36.94500
36.94500
36.94500
36.94400
36.94500
36.94600
36.94400
36.94400
36.94800
36.94800
36.94900
36.94800
36.94600
36.94700
36.94500
36.94500
36.94400
36.94500
36.94700
36.94700
36.94600
36.94600
36.94500
36.94400
36.94500
36.94300
36.94700
36.94700
36.94700
36.94700
36.94700
36.94800
36.94600
36.94900
36.95100
36.94900
36.95000
36.95200
36.95200
36.95300
36.95100
36.95100
36.95000
36.95000
36.95000
36.95200
36.95300
36.95200
36.95200
36.94900
36.94900
36.95000
36.95200
36.95000
36.95200
36.95000
36.94600
36.94700
36.94800
36.94800
36.94600
36.94600
36.94600
36.94800
36.94400
36.94600
36.94500
36.94300
36.94500
36.94800
36.94800
36.95000
36.95200
36.95000
36.95000
36.95000
36.95000
36.95100
36.95100
36.95000
36.94900
36.94800
36.94700
36.94600
36.94600
36.94700
36.94500
36.94600
36.94500
36.94500
36.94800
36.94400
36.94500
36.94400
36.94200
36.94600
36.94800
36.94700
36.94900
36.94900
36.95200
36.95300
36.95100
36.95200
36.95300
36.95400
36.95300
36.95300
36.95100
36.94900
36.95000
36.95100
36.95200
36.95200
36.95000
36.95200
36.95300
36.95300
36.95400
36.95300
36.95400
36.95300
36.95300
36.95300
36.95300
36.95400
36.95500
36.95500
36.95600
36.95300
36.95200
36.95100
36.94900
36.95000
36.95000
36.95000
36.95200
36.95100
36.95000
36.94900
36.94900
36.95000
36.95000
36.95000
36.95300
36.95300
36.95500
36.95400
36.95400
36.95600
36.95800
36.95800
36.95500
36.95200
36.95400
36.95300
36.95000
36.94800
36.94700
36.94600
36.94400
36.94100
36.94200
36.94300
36.94300
36.94100
36.94000
36.94300
36.94200
36.94300
36.94200
36.94200
36.94200
36.94200
36.94400
36.94600
36.94600
36.94600
36.94600
36.94700
36.94400
36.94300
36.94200
36.94200
36.94200
36.93900
36.94000
36.94000
36.94200
36.94100
36.94100
36.94100
36.94100
36.94000
36.94200
36.94100
36.94100
36.94100
36.94100
36.94100
36.94100
36.94100
36.94200
36.94200
36.94300
36.94300
36.94300
36.94300
36.94300
36.93900
36.94000
36.94000
36.94000
36.94200
36.94100
36.94200
36.94100
36.94000
36.94300
36.94400
36.94600
36.94700
36.94700
36.94700
36.94600
36.94400
36.94400
36.94200
36.94000
36.93700
36.93700
36.93700
36.93900
36.93800
36.93800
36.93900
36.94000
36.94000
36.93900
36.93700
36.93500
36.93400
36.93500
36.93500
36.93700
36.93700
36.93600
36.93400
36.93300
36.93000
36.92900
36.92700
36.92700
36.92600
36.92800
36.92700
36.92500
36.92700
36.92600
36.92300
36.92500
36.92500
36.92800
36.92600
36.92700
36.92700
36.92600
36.92600
36.92600
36.92400
36.92400
36.92200
36.92300
36.92100
36.92200
36.92300
36.92400
36.92500
36.92300
36.92200
36.92200
36.92100
36.92300
36.92100
36.92000
36.92100
36.92000
36.91800
36.91800
36.91700
36.91500
36.91400
36.91100
36.91300
36.91200
36.91000
36.91000
36.91300
36.91300
36.91200
36.91400
36.91500
36.91300
36.91200
36.91100
36.91200
36.91300
36.91000
36.91000
36.91000
36.91000
36.90400
36.90400
36.90700
36.90900
36.90800
36.90500
36.90600
36.90500
36.90700
36.90800
36.90800
36.91100
36.91300
36.91400
36.91400
36.91300
36.91800
36.91700
36.91700
36.91600
36.91500
36.91400
36.91500
36.91600
36.91500
36.91400
36.91400
36.91400
36.91400
36.91300
36.91400
36.91300
36.91500
36.91400
36.91400
36.91300
36.91300
36.91100
36.91100
36.91100
36.91100
36.90800
36.90800
36.90800
36.90900
36.91100
36.91400
36.91300
36.91300
36.91300
36.91400
36.91400
36.91100
36.91000
36.91100
36.91300
36.91400
36.91500
36.91500
36.91700
36.92000
36.91900
36.91800
36.91700
36.91600
36.91500
36.91900
36.91900
36.91800
36.91700
36.91700
36.91600
36.91400
36.91500
36.91500
36.91500
36.91600
36.91900
36.91900
36.92000
36.91900
36.92100
36.92100
36.92400
36.92400
36.92300
36.92400
36.92600
36.92900
36.92800
36.92900
36.92900
36.93000
36.93100
36.93100
36.93000
36.92900
36.92900
36.92900
36.93400
36.93500
36.93600
36.93500
36.93400
36.93700
36.94000
36.94200
36.94300
36.94300
36.94300
36.94100
36.94200
36.94400
36.94400
36.94300
36.94400
36.94400
36.94400
36.94300
36.94500
36.94700
36.94400
36.94400
36.94300
36.94200
36.94100
36.94000
36.94100
36.94400
36.94000
36.94300
36.94500
36.94500
36.94400
36.94400
36.94400
36.94500
36.94500
36.94600
36.94700
36.94600
36.94500
36.94700
36.94600
36.94700
36.94700
36.94800
36.95000
36.95100
36.95100
36.95200
36.94900
36.95000
36.94900
36.94400
36.94500
36.94600
36.94600
36.94800
36.94900
36.94800
36.94500
36.94600
36.94500
36.94500
36.94400
36.94400
36.94500
36.94500
36.94500
36.94500
36.94400
36.94400
36.94400
36.94400
36.94700
36.94700
36.94700
36.94800
36.94900
36.95100
36.95300
36.95500
36.95500
36.95200
36.95100
36.95100
36.95300
36.95300
36.95500
36.95700
36.95600
36.95600
36.95600
36.95500
36.95400
36.95500
36.95400
36.95400
36.95400
36.95300
36.95300
36.95300
36.95300
36.95200
36.95300
36.95300
36.95200
36.95300
36.95300
36.95200
36.95100
36.95100
36.94900
36.94900
36.94800
36.95000
36.95200
36.95200
36.95100
36.95200
36.95000
36.95000
36.94800
36.94500
36.94700
36.94700
36.94700
36.94800
36.94900
36.94700
36.94700
36.95200
36.95500
36.95600
36.95600
36.95400
36.95500
36.95500
36.95500
36.95600
36.95500
36.95500
36.95300
36.95100
36.95100
36.95100
36.95300
36.95300
36.95400
36.95500
36.95400
36.95500
36.95500
36.95600
36.95500
36.95800
36.96200
36.96300
36.96300
36.96200
36.96200
36.96200
36.96200
36.96300
36.96300
36.96300
36.96300
36.96200
36.96100
36.96000
36.95900
36.96100
36.96100
36.96400
36.96300
36.96400
36.96400
36.96300
36.96300
36.96400
36.96400
36.96500
36.96400
36.96200
36.96000
36.96200
36.96200
36.96100
36.96200
36.96600
36.96500
36.96700
36.96600
36.96600
36.96400
36.96200
36.96100
36.95900
36.95900
36.95900
36.95700
36.95600
36.95600
36.95800
36.95800
36.96000
36.96000
36.96000
36.96000
36.96300
36.96200
36.96200
36.96200
36.96300
36.96200
36.96100
36.96100
36.96200
36.96100
36.96000
36.96100
36.96100
36.96200
36.96100
36.96200
36.96400
36.96100
36.96100
36.96000
36.96100
36.96300
36.96400
36.96200
36.96100
36.96300
36.96300
36.96100
36.96400
36.96100
36.95900
36.95900
36.96000
36.95900
36.95800
36.95700
36.95700
36.95900
36.96100
36.96100
36.96100
36.96100
36.95900
36.95900
36.96000
36.96100
36.95900
36.96000
36.96000
36.96000
36.96000
36.96200
36.96100
36.96300
36.96500
36.96300
36.96400
36.96400
36.96100
36.96100
36.96300
36.96200
36.96300
36.96100
36.96200
36.96000
36.95900
36.96000
36.96000
36.96000
36.96100
36.96100
36.96100
36.96000
36.96100
36.96300
36.96300
36.96100
36.96300
36.96100
36.96100
36.96000
36.96000
36.96000
36.96000
36.96000
36.96000
36.96200
36.96200
36.96100
36.96000
36.96100
36.96100
36.96400
36.96700
36.96500
36.96400
36.96400
36.96300
36.96400
36.96500
36.96400
36.96600
36.96900
36.96800
36.96800
36.97100
36.97000
36.96800
36.96900
36.96800
36.96800
36.96800
36.96700
36.96600
36.96700
36.96700
36.96900
36.97200
36.97300
36.97100
36.97200
36.97200
36.97200
36.97400
36.97600
36.97600
36.97300
36.97300
36.97600
36.97400
36.97700
36.97900
36.97900
36.97800
36.97800
36.97800
36.98000
36.97700
36.97700
36.97900
36.98000
36.97900
36.98100
36.97900
36.98000
36.97900
36.97900
36.97900
36.98000
36.98100
36.98000
36.98100
36.98100
36.98100
36.98000
36.98000
36.98100
36.98000
36.98300
36.98400
36.98400
36.98000
36.98100
36.97800
36.97800
36.97700
36.97500
36.97500
36.97800
36.97500
36.97800
36.97600
36.97700
36.97600
36.97600
36.97600
36.97600
36.97400
36.97500
36.97600
36.97700
36.97600
36.97600
36.97600
36.97500
36.97600
36.97500
36.97600
36.97500
36.97800
36.97700
36.97800
36.97800
36.97700
36.97600
36.97700
36.97800
36.97700
36.97700
36.97500
36.97600
36.97700
36.97500
36.97400
36.97500
36.97500
36.97200
36.97200
36.97100
36.97000
36.96900
36.97100
36.96900
36.96800
36.96800
36.96600
36.97000
36.96900
36.96800
36.96800
36.96800
36.96900
36.96800
36.96700
36.96600
36.96600
36.96800
36.96800
36.96800
36.96900
36.96600
36.96800
36.96900
36.97000
36.97000
36.96900
36.96500
36.96600
36.96700
36.96500
36.96500
36.96300
36.96300
36.96100
36.96200
36.96200
36.96000
36.96100
36.96000
36.96100
36.96100
36.95800
36.95900
36.96100
36.96000
36.95900
36.95900
36.95800
36.95700
36.95700
36.95500
36.95700
36.95400
36.95700
36.95700
36.95600
36.95500
36.95500
36.95500
36.95300
36.95500
36.95300
36.95100
36.95100
36.95200
36.95200
36.95300
36.95200
36.95000
36.95000
36.94900
36.95200
36.95200
36.95300
36.95300
36.95100
36.94900
36.95000
36.95000
36.95000
36.94700
36.94600
36.94800
36.94600
36.94600
36.94600
36.94600
36.94700
36.94900
36.94900
36.95000
36.95200
36.95100
36.95000
36.95000
36.94900
36.94600
36.94700
36.94700
36.94600
36.94600
36.94600
36.94600
36.94600
36.94400
36.94500
36.94600
36.94500
36.94500
36.94600
36.94800
36.94900
36.95000
36.94700
36.94700
36.94900
36.95000
36.94900
36.94900
36.95000
36.94900
36.94900
36.95100
36.94900
36.94800
36.94700
36.94700
36.94900
36.95000
36.94800
36.94800
36.94900
36.94900
36.95000
36.95000
36.94800
36.94900
36.94900
36.94900
36.94400
36.94600
36.94700
36.94500
36.94600
36.94500
36.94600
36.94800
36.94700
36.94800
36.94700
36.94500
36.94600
36.94900
36.94700
36.94800
36.94800
36.94400
36.94500
36.94600
36.94600
36.94800
36.94900
36.94900
36.94800
36.94700
36.94800
36.94600
36.94900
36.95000
36.95000
36.95000
36.94900
36.94900
36.94900
36.95200
36.95200
36.95000
36.95000
36.95100
36.95100
36.95100
36.95300
36.95100
36.95000
36.95100
36.95200
36.95200
36.95000
36.95300
36.95300
36.95200
36.95200
36.95200
36.95100
36.95000
36.95300
36.95200
36.95500
36.95500
36.95500
36.95500
36.95500
36.95600
36.95400
36.95400
36.95600
36.95700
36.95800
36.95900
36.95900
36.96000
36.96000
36.95700
36.95800
36.95700
36.95600
36.95400
36.95500
36.95500
36.95600
36.95900
36.95900
36.96100
36.96300
36.96200
36.96100
36.96000
36.96000
36.96000
36.96100
36.95800
36.95800
36.96100
36.96300
36.96400
36.96400
36.96100
36.96200
36.96200
36.96500
36.96500
36.96400
36.96700
36.96700
36.96700
36.96900
36.96900
36.96900
36.96800
36.96900
36.96800
36.96900
36.97200
36.97000
36.97000
36.97000
36.97000
36.97000
36.96600
36.96300
36.96300
36.96200
36.95800
36.95900
36.96100
36.96000
36.96000
36.96200
36.96000
36.95900
36.95800
36.95700
36.95700
36.95700
36.95600
36.95800
36.95500
36.95500
36.95400
36.95400
36.95500
36.95700
36.95700
36.95700
36.95800
36.96100
36.95700
36.95500
36.95300
36.95000
36.95100
36.95000
36.94900
36.95000
36.94900
36.94900
36.95000
36.94800
36.94800
36.94700
36.94900
36.94900
36.94800
36.95000
36.95100
36.95200
36.95300
36.95200
36.95200
36.95200
36.95200
36.95300
36.95300
36.95200
36.95200
36.95100
36.95400
36.95300
36.95400
36.95000
36.94800
36.94900
36.94900
36.94900
36.95300
36.95300
36.95500
36.95200
36.95300
36.95200
36.95100
36.95400
36.95400
36.95100
36.95000
36.95000
36.95200
36.95400
36.95300
36.95400
36.95200
36.95200
36.95100
36.95100
36.95100
36.94900
36.94900
36.95000
36.95100
36.95100
36.95100
36.95300
36.95300
36.95200
36.95100
36.95100
36.95300
36.95300
36.95300
36.95400
36.95100
36.95000
36.95100
36.95000
36.95000
36.95200
36.95200
36.95200
36.95200
36.95200
36.95100
36.95200
36.95100
36.95300
36.95300
36.95300
36.95200
36.95100
36.95200
36.95200
36.95200
36.95100
36.95100
36.95000
36.95100
36.95100
36.95300
36.95200
36.95200
36.95200
36.95300
36.95400
36.95400
36.95500
36.95500
36.95600
36.95700
36.95800
36.95800
36.95900
36.96000
36.96000
36.96000
36.96300
36.96300
36.96300
36.96500
36.96600
36.99000
36.99111
37.02143
37.03667
37.03833
37.03833
37.04000
37.04200
37.04600
37.03250
36.91000
36.91000
36.82000
36.82000
36.83000
36.83000
