0.00000
0.00000
0.00000
0.00000
0.00000
0.00000
0.00000
0.00000
0.00000
0.00000
0.00000
0.00000
0.00000
0.00000
0.00000
0.00000
0.00000
0.00000
3.40000
8.80000
10.25000
10.35000
13.53300
13.53300
13.56600
13.49100
13.52600
15.33300
15.32500
15.62500
15.97500
16.17500
16.12500
15.95800
16.30300
20.50000
21.78900
21.75600
22.15900
23.02000
23.03500
23.38800
23.75800
24.01600
24.28300
24.22400
24.96600
25.01000
25.48700
25.97700
26.14100
26.24400
26.38700
26.70000
27.11600
27.38600
27.59700
27.51600
27.63500
27.52300
27.66800
27.77900
27.79400
27.93000
28.02400
28.24700
28.41800
28.57900
28.99300
28.96900
29.14400
29.04400
28.91500
28.88000
28.87100
29.24900
29.12600
29.12900
29.19700
29.46000
29.55100
29.76400
29.64700
29.70100
29.69700
29.79500
29.74600
29.84700
29.86700
29.87100
29.77700
29.83900
29.98300
30.12100
30.24800
30.32300
30.46900
30.50900
30.54700
30.68600
30.81300
30.84200
30.83900
30.85600
30.92200
31.06500
31.09100
31.07800
31.09400
31.10300
31.19800
31.16800
31.18000
31.27100
31.29000
31.22200
31.20900
31.31500
31.30300
31.31500
31.32300
31.36800
31.39200
31.38600
31.42400
31.36300
31.37400
31.48400
31.46900
31.48000
31.48900
31.50200
31.53700
31.60900
31.60000
31.67600
31.65100
31.62500
31.74400
31.72700
31.74900
31.82600
31.82200
31.80000
31.76000
31.70300
31.67100
31.73900
31.75400
31.72000
31.71400
31.72600
31.74200
31.70800
31.75200
31.74400
31.80400
31.80400
31.84600
31.86700
31.84600
31.82800
31.79700
31.78800
31.81300
31.85300
31.83300
31.78900
31.78400
31.75500
31.79500
31.86300
31.90800
31.89500
31.86200
31.83200
31.84000
31.81200
31.80200
31.77900
31.84100
31.84800
31.86100
31.87700
31.89800
31.92100
31.91100
31.87100
31.93000
31.90200
31.94900
32.01000
32.00700
32.06600
32.09000
32.08400
32.07400
32.04700
32.05500
32.11300
32.15600
32.16400
32.19200
32.20500
32.21500
32.23300
32.20400
32.19300
32.21900
32.25200
32.24000
32.29600
32.32100
32.36900
32.41200
32.44500
32.48200
32.51900
32.53100
32.53300
32.51400
32.49600
32.49000
32.47600
32.46400
32.46600
32.47800
32.49000
32.51500
32.50600
32.51800
32.52400
32.50800
32.54800
32.54000
32.54700
32.56500
32.53700
32.55200
32.55600
32.53400
32.54400
32.52800
32.53700
32.53900
32.56600
32.58400
32.53600
32.53800
32.54300
32.55300
32.54200
32.55100
32.54200
32.54300
32.52900
32.52900
32.53600
32.51900
32.52700
32.50500
32.49500
32.47200
32.48200
32.44300
32.44600
32.41700
32.41400
32.39600
32.42600
32.44500
32.44500
32.44500
32.43500
32.45000
32.46200
32.44600
32.43900
32.44500
32.44300
32.45100
32.46000
32.45200
32.46600
32.46800
32.46400
32.50100
32.51300
32.50400
32.47800
32.47300
32.46400
32.48600
32.46100
32.44100
32.45500
32.44400
32.42000
32.42600
32.42800
32.41100
32.41300
32.42600
32.42700
32.43400
32.42700
32.41200
32.45500
32.44400
32.42300
32.39200
32.40000
32.36800
32.37200
32.36400
32.36600
32.38800
32.40100
32.38900
32.39900
32.36800
32.37400
32.37200
32.38100
32.37100
32.36200
32.38500
32.38900
32.39800
32.40500
32.39500
32.39000
32.40700
32.40200
32.40900
32.43000
32.43400
32.43300
32.44800
32.46400
32.49200
32.50000
32.50500
32.51300
32.52600
32.52100
32.52300
32.52700
32.54400
32.54500
32.56500
32.58300
32.58000
32.59600
32.59500
32.59400
32.60000
32.60100
32.59600
32.61500
32.61700
32.60400
32.62200
32.63200
32.63300
32.63100
32.64400
32.63600
32.65700
32.65000
32.66500
32.67800
32.66400
32.65800
32.68800
32.68900
32.69100
32.69500
32.68900
32.68000
32.68000
32.69700
32.68800
32.66900
32.67900
32.65500
32.65200
32.64300
32.64700
32.67500
32.66900
32.66900
32.66500
32.67300
32.66000
32.66200
32.69300
32.68900
32.69600
32.69400
32.68300
32.67700
32.69100
32.67900
32.69000
32.70000
32.70800
32.70800
32.68300
32.67700
32.68100
32.68200
32.66700
32.65800
32.66800
32.67800
32.67200
32.67800
32.68300
32.68300
32.68900
32.68300
32.69100
32.69400
32.69200
32.67800
32.66700
32.66400
32.67700
32.67400
32.67400
32.69300
32.69200
32.68600
32.69800
32.70100
32.71100
32.74900
32.76000
32.77200
32.80100
32.81600
32.80100
32.77400
32.76800
32.78300
32.80500
32.81100
32.81700
32.81500
32.81800
32.81500
32.82400
32.83500
32.84800
32.86600
32.85900
32.84300
32.84900
32.85900
32.87500
32.87000
32.87900
32.87900
32.88300
32.86800
32.87500
32.88700
32.88900
32.89200
32.92000
32.94000
32.94500
32.97800
32.96500
32.98200
32.99600
32.99200
33.00300
33.00900
33.01700
33.02100
33.06000
33.09700
33.09300
33.12800
33.15000
33.16100
33.16100
33.17500
33.18600
33.19800
33.19200
33.20300
33.21600
33.21900
33.21200
33.20100
33.20100
33.20200
33.23400
33.22300
33.22300
33.23900
33.23100
33.22800
33.24000
33.24500
33.23700
33.23900
33.23500
33.22900
33.23700
33.24700
33.25200
33.25900
33.24800
33.24000
33.24100
33.26100
33.24900
33.25900
33.27100
33.25600
33.25800
33.25900
33.24200
33.25400
33.27200
33.28500
33.27800
33.28800
33.28200
33.28400
33.29200
33.29200
33.29100
33.29000
33.28600
33.30100
33.29300
33.28900
33.30100
33.30300
33.31300
33.31900
33.33200
33.33500
33.30700
33.29800
33.30400
33.33300
33.33600
33.33600
33.34400
33.33600
33.34200
33.34300
33.34400
33.33500
33.34400
33.32500
33.32100
33.31900
33.31300
33.31400
33.31800
33.31400
33.31800
33.32400
33.31000
33.30600
33.30500
33.30600
33.31300
33.31500
33.31100
33.29600
33.28900
33.29000
33.29000
33.28400
33.27700
33.27600
33.27900
33.26900
33.26800
33.27800
33.27800
33.26900
33.26900
33.27100
33.27000
33.26300
33.24700
33.24500
33.24100
33.24600
33.24000
33.24700
33.24700
33.24000
33.24800
33.24200
33.24400
33.23700
33.24600
33.25900
33.24600
33.24000
33.24200
33.24200
33.22800
33.23500
33.22400
33.23600
33.22300
33.22900
33.23600
33.22500
33.22000
33.23200
33.22600
33.23400
33.22700
33.22700
33.22000
33.21500
33.20500
33.20900
33.21000
33.20100
33.20300
33.20700
33.20700
33.20600
33.21200
33.20500
33.20600
33.21300
33.21500
33.20100
33.19800
33.19600
33.19600
33.19700
33.20000
33.19100
33.18500
33.18100
33.17300
33.17300
33.17100
33.17500
33.17900
33.17900
33.18000
33.17400
33.17800
33.18100
33.18300
33.18500
33.18800
33.19200
33.20000
33.20700
33.21700
33.21800
33.21400
33.20900
33.20500
33.19100
33.20000
33.19700
33.18600
33.19200
33.19500
33.19400
33.18900
33.18500
33.18200
33.19200
33.19400
33.19700
33.19400
33.19900
33.19400
33.19100
33.18700
33.19100
33.18300
33.18100
33.17700
33.17400
33.17000
33.18000
33.17800
33.17300
33.16900
33.17800
33.17800
33.17300
33.17000
33.16900
33.15800
33.15500
33.15700
33.15900
33.15600
33.15800
33.16500
33.16700
33.16400
33.16700
33.16300
33.16100
33.15700
33.16300
33.15700
33.15400
33.15800
33.15800
33.15300
33.15900
33.15900
33.15200
33.15000
33.15500
33.15400
33.15100
33.14800
33.14800
33.15400
33.15700
33.15600
33.15500
33.15600
33.15000
33.15000
33.14100
33.13300
33.14400
33.14300
33.14700
33.13900
33.13300
33.13000
33.13400
33.13700
33.13200
33.13600
33.13300
33.13100
33.13400
33.13900
33.14400
33.13700
33.13600
33.13100
33.12800
33.12600
33.12200
33.11800
33.11400
33.10700
33.11200
33.10700
33.10400
33.10500
33.09300
33.09300
33.09300
33.09200
33.09400
33.10100
33.10500
33.10200
33.09300
33.08300
33.07800
33.07200
33.06500
33.07100
33.07100
33.06800
33.06900
33.07000
33.07200
33.06900
33.06400
33.06600
33.06100
33.06300
33.07400
33.07700
33.07600
33.07300
33.07900
33.08300
33.08100
33.07300
33.07400
33.07700
33.07000
33.06300
33.06900
33.06900
33.07200
33.07000
33.05700
33.06200
33.06700
33.07000
33.06800
33.07000
33.07000
33.06400
33.06000
33.05400
33.05600
33.05400
33.05400
33.04900
33.05100
33.06200
33.06000
33.06100
33.06100
33.05300
33.04700
33.04800
33.05000
33.05500
33.06100
33.06200
33.06800
33.06800
33.06000
33.06100
33.06000
33.06000
33.06000
33.05100
33.04700
33.04700
33.04900
33.05300
33.05900
33.06500
33.06000
33.06000
33.05100
33.04600
33.04200
33.04700
33.04600
33.05000
33.05700
33.06400
33.06700
33.07300
33.07600
33.07100
33.07300
33.08000
33.08400
33.07900
33.06800
33.08500
33.08600
33.09000
33.09900
33.10300
33.10200
33.10200
33.09500
33.10700
33.10700
33.10600
33.10700
33.11000
33.10500
33.09100
33.09600
33.09300
33.09500
33.09600
33.09300
33.08800
33.08300
33.07800
33.07300
33.07300
33.07000
33.07200
33.06700
33.07100
33.06700
33.07200
33.06800
33.06200
33.07200
33.07200
33.07000
33.06800
33.06700
33.06500
33.06200
33.06500
33.05900
33.05300
33.05300
33.05700
33.05700
33.04500
33.03900
33.02800
33.02600
33.02700
33.02300
33.02600
33.01700
33.01200
33.01600
33.01700
33.01900
33.02300
33.02200
33.01700
33.02000
33.02200
33.02500
33.01100
33.01800
33.02300
33.02400
33.02700
33.02700
33.02400
33.02300
33.03000
33.02600
33.02300
33.03400
33.03500
33.03300
33.03800
33.04700
33.04400
33.03700
33.03600
33.02700
33.02800
33.03800
33.03900
33.03900
33.04200
33.04200
33.04700
33.05500
33.05200
33.05500
33.06000
33.05800
33.06600
33.07400
33.09100
33.10100
33.10400
33.10500
33.09800
33.08900
33.09200
33.09400
33.10300
33.09600
33.08800
33.08600
33.08900
33.09600
33.10000
33.10700
33.10600
33.10600
33.10600
33.10200
33.10200
33.10700
33.10600
33.09900
33.10800
33.11900
33.12500
33.12700
33.13200
33.13600
33.14000
33.13800
33.13700
33.14200
33.14200
33.13900
33.13900
33.14600
33.14700
33.14700
33.14600
33.14200
33.14200
33.14500
33.13400
33.13100
33.13000
33.13200
33.12900
33.13200
33.12800
33.12200
33.12200
33.12400
33.13200
33.13700
33.13600
33.12900
33.12600
33.12700
33.12600
33.12800
33.12900
33.12900
33.13000
33.13100
33.13200
33.12600
33.12100
33.12200
33.11400
33.11200
33.10800
33.10900
33.11100
33.11000
33.10300
33.10400
33.10400
33.10900
33.11400
33.11100
33.11000
33.11200
33.10800
33.11400
33.11200
33.10900
33.10900
33.11200
33.10400
33.10500
33.10200
33.11000
33.11500
33.11600
33.11500
33.10900
33.11000
33.11400
33.11600
33.11700
33.11300
33.11900
33.12000
33.12000
33.12400
33.13000
33.13000
33.12700
33.13500
33.12600
33.12600
33.13500
33.14200
33.14700
33.15000
33.14900
33.15000
33.14800
33.15000
33.16500
33.16800
33.17600
33.17800
33.17200
33.18100
33.18200
33.18600
33.19000
33.19200
33.19200
33.18600
33.18400
33.18600
33.19100
33.20200
33.20600
33.21300
33.21700
33.22600
33.21800
33.21600
33.22000
33.22200
33.22400
33.22700
33.23200
33.23300
33.23300
33.23400
33.23700
33.23700
33.24700
33.23700
33.24500
33.24900
33.25100
33.25500
33.25300
33.26300
33.26700
33.26900
33.27300
33.27700
33.27600
33.27900
33.27500
33.28300
33.28600
33.29600
33.29600
33.29600
33.28900
33.29500
33.29000
33.29900
33.30200
33.29600
33.30200
33.30200
33.30400
33.30500
33.30200
33.30800
33.30700
33.30400
33.30600
33.30000
33.29700
33.29800
33.30000
33.29700
33.30100
33.30200
33.30500
33.30700
33.30600
33.31100
33.30400
33.31000
33.30700
33.30300
33.30100
33.30400
33.30200
33.29800
33.29300
33.29400
33.29600
33.29400
33.28700
33.28500
33.28300
33.27500
33.27100
33.27100
33.27300
33.26500
33.26600
33.26700
33.26900
33.27000
33.26600
33.26600
33.26100
33.25600
33.25900
33.26000
33.26800
33.26700
33.26800
33.26900
33.26300
33.26400
33.26700
33.26400
33.27000
33.26900
33.27300
33.27100
33.26700
33.26800
33.26700
33.27200
33.27100
33.27000
33.27200
33.27700
33.27600
33.27900
33.27900
33.27500
33.26800
33.26900
33.26500
33.26200
33.26700
33.26100
33.26200
33.25800
33.25700
33.25700
33.25500
33.25700
33.25700
33.25000
33.25600
33.26100
33.26000
33.25900
33.25900
33.25600
33.25200
33.25300
33.25000
33.25100
33.24500
33.24300
33.24200
33.23500
33.24100
33.24100
33.23800
33.23000
33.22500
33.22400
33.22100
33.22400
33.22200
33.22400
33.22800
33.22700
33.22800
33.23000
33.23300
33.22500
33.22400
33.22100
33.22200
33.22600
33.22300
33.22500
33.21800
33.21200
33.21300
33.21400
33.21000
33.20800
33.21100
33.20700
33.20700
33.20700
33.20200
33.20000
33.19600
33.19700
33.19000
33.19000
33.19400
33.19000
33.19000
33.18900
33.18700
33.19000
33.18600
33.18400
33.17700
33.17600
33.17500
33.17900
33.17900
33.18100
33.18100
33.17700
33.17700
33.18200
33.17600
33.17200
33.17500
33.17900
33.18000
33.18600
33.18400
33.18300
33.18300
33.18800
33.18700
33.19600
33.19600
33.19600
33.19700
33.20100
33.19800
33.19800
33.19600
33.20200
33.20000
33.20700
33.20100
33.19900
33.19700
33.19200
33.19500
33.19600
33.20000
33.20400
33.20700
33.20800
33.20900
33.20300
33.20100
33.20400
33.21200
33.21200
33.20800
33.21200
33.21200
33.21000
33.21600
33.21700
33.21600
33.21700
33.21300
33.21500
33.21900
33.21900
33.22000
33.21400
33.21300
33.21200
33.21500
33.21700
33.21800
33.22000
33.21900
33.21900
33.21600
33.22100
33.21800
33.22100
33.22100
33.23000
33.22800
33.22500
33.23000
33.23400
33.23100
33.23300
33.23700
33.23500
33.23700
33.23400
33.23400
33.23900
33.24100
33.24300
33.24300
33.23300
33.23700
33.24300
33.25000
33.24700
33.24300
33.24700
33.24600
33.25200
33.25200
33.24900
33.24800
33.24800
33.24900
33.25100
33.25500
33.25700
33.25600
33.25900
33.25500
33.25800
33.25800
33.25700
33.26100
33.25900
33.25800
33.26000
33.25700
33.25600
33.26300
33.25800
33.26100
33.26100
33.26700
33.27200
33.28000
33.28200
33.28200
33.27900
33.27900
33.27900
33.28300
33.29000
33.28900
33.29100
33.28900
33.29300
33.29300
33.29500
33.29900
33.29800
33.29800
33.29700
33.29100
33.28900
33.29400
33.29100
33.29200
33.29700
33.29800
33.29700
33.29300
33.29500
33.29200
33.29100
33.29100
33.29500
33.29500
33.29400
33.29300
33.29300
33.29300
33.29600
33.30100
33.29900
33.30000
33.30400
33.29900
33.29700
33.29400
33.29600
33.29100
33.29000
33.29700
33.29400
33.28800
33.28400
33.28600
33.28500
33.28600
33.28200
33.28000
33.27900
33.27900
33.28400
33.28000
33.27400
33.27300
33.27200
33.27100
33.27100
33.26900
33.26900
33.26700
33.26800
33.26900
33.26600
33.26300
33.26700
33.26700
33.26700
33.26700
33.27200
33.26500
33.26000
33.25900
33.25900
33.25800
33.25400
33.25400
33.25600
33.25100
33.25100
33.25000
33.25000
33.24900
33.24600
33.24000
33.23400
33.23700
33.24100
33.24300
33.24300
33.24400
33.24000
33.23800
33.23800
33.23500
33.23300
33.22900
33.22800
33.22900
33.22200
33.22300
33.22200
33.22300
33.21900
33.22100
33.22000
33.22000
33.21600
33.21500
33.21200
33.21200
33.20600
33.20800
33.20900
33.20700
33.20500
33.20300
33.20100
33.19700
33.19500
33.19600
33.19600
33.19600
33.19700
33.19400
33.19500
33.19500
33.19300
33.19200
33.19000
33.18800
33.19200
33.19300
33.19300
33.19200
33.19600
33.19600
33.20000
33.19400
33.19800
33.19900
33.19700
33.19800
33.19900
33.20500
33.20000
33.20300
33.20100
33.19600
33.19300
33.19400
33.19400
33.19600
33.19700
33.19600
33.19900
33.20000
33.20000
33.20100
33.20100
33.20100
33.20200
33.19700
33.19600
33.19700
33.20000
33.19800
33.19800
33.19800
33.19600
33.19800
33.20100
33.20000
33.20100
33.20000
33.19800
33.19700
33.19500
33.19400
33.19700
33.19600
33.19200
33.19000
33.19000
33.19000
33.19100
33.19300
33.19500
33.19400
33.19500
33.19500
33.19400
33.18900
33.18800
33.18600
33.18800
33.18900
33.19200
33.19600
33.19000
33.19100
33.19200
33.19400
33.19600
33.19500
33.19300
33.19200
33.19000
33.19200
33.19000
33.19100
33.19200
33.19300
33.19400
33.19300
33.19200
33.19200
33.19000
33.18500
33.18600
33.18000
33.17900
33.18400
33.18400
33.18200
33.18200
33.18100
33.18300
33.18300
33.18200
33.17900
33.18200
33.18300
33.18500
33.18600
33.18300
33.18100
33.18400
33.18400
33.18300
33.18000
33.17700
33.17500
33.17700
33.17900
33.16900
33.16900
33.17200
33.17200
33.16900
33.16600
33.16800
33.16600
33.16400
33.16400
33.16400
33.16200
33.15800
33.15700
33.15500
33.15000
33.15100
33.15300
33.15000
33.14800
33.15100
33.15100
33.14800
33.14800
33.15300
33.15500
33.15700
33.16000
33.16000
33.16000
33.15900
33.15600
33.15400
33.15000
33.15100
33.15100
33.15500
33.15400
33.15600
33.15200
33.15600
33.15700
33.15900
33.16100
33.16000
33.16000
33.16500
33.16700
33.16800
33.17000
33.16900
33.16800
33.17000
33.17400
33.17400
33.17600
33.17900
33.17700
33.17800
33.17700
33.17700
33.17200
33.17100
33.17200
33.17200
33.16900
33.16600
33.16900
33.16600
33.16700
33.16700
33.17000
33.16900
33.16900
33.16600
33.15800
33.15800
33.15900
33.16100
33.15900
33.16000
33.16000
33.16000
33.15600
33.15500
33.16000
33.15800
33.15600
33.15400
33.15000
33.14900
33.15000
33.15500
33.15300
33.15400
33.15900
33.16200
33.16300
33.16200
33.16100
33.16200
33.16200
33.16000
33.16200
33.15900
33.15700
33.16300
33.16400
33.17500
33.17300
33.16900
33.16400
33.17100
33.17100
33.17300
33.17100
33.18000
33.18100
33.18000
33.18100
33.18400
33.19300
33.19300
33.18900
33.19100
33.19200
33.19600
33.20100
33.20300
33.20300
33.20600
33.20300
33.20300
33.20200
33.19700
33.19600
33.19500
33.20200
33.20100
33.21300
33.21700
33.21900
33.22600
33.22400
33.23200
33.23100
33.23200
33.23100
33.23600
33.23600
33.23800
33.24000
33.24000
33.24000
33.24000
33.23800
33.24000
33.23900
33.24000
33.23900
33.24100
33.24100
33.24000
33.24200
33.24300
33.24400
33.24000
33.24000
33.23800
33.23800
33.23700
33.23500
33.23900
33.23500
33.23600
33.24100
33.24000
33.24500
33.24600
33.24400
33.24600
33.24300
33.24400
33.24700
33.24500
33.24200
33.24200
33.24500
33.24400
33.24700
33.24800
33.24900
33.24900
33.24800
33.24900
33.25000
33.25100
33.25100
33.25200
33.24900
33.25000
33.24800
33.24900
33.25000
33.24800
33.24500
33.24800
33.24700
33.24900
33.24800
33.25000
33.24500
33.24700
33.24500
33.24400
33.24500
33.24300
33.24200
33.24200
33.23900
33.23800
33.23600
33.23600
33.23900
33.24200
33.24100
33.23900
33.23700
33.23600
33.23500
33.23600
33.23500
33.23600
33.23600
33.23200
33.23200
33.23200
33.22900
33.23100
33.23600
33.23600
33.23600
33.24000
33.23800
33.23900
33.24100
33.23800
33.23900
33.23700
33.24000
33.23600
33.23600
33.23800
33.23200
33.23400
33.23400
33.23600
33.23500
33.23300
33.22800
33.22800
33.23100
33.23200
33.23400
33.23000
33.23300
33.23300
33.23300
33.23400
33.23800
33.23800
33.23700
33.23600
33.23500
33.23400
33.23400
33.23000
33.22500
33.22500
33.22500
33.22500
33.22600
33.23200
33.22800
33.23000
33.23100
33.23300
33.23700
33.23400
33.23100
33.22800
33.23000
33.23100
33.23000
33.23100
33.23000
33.22900
33.22800
33.22700
33.22800
33.22800
33.22600
33.23300
33.22800
33.22900
33.22500
33.22300
33.22200
33.21600
33.21500
33.21600
33.22100
33.22200
33.21900
33.21900
33.21900
33.22100
33.22100
33.22100
33.22100
33.22200
33.22000
33.22100
33.21800
33.21500
33.21500
33.21700
33.21200
33.21400
33.21600
33.21400
33.21500
33.22000
33.22400
33.22200
33.22100
33.22400
33.22100
33.22400
33.22700
33.22300
33.22300
33.22400
33.21500
33.21400
33.21400
33.21700
33.22200
33.21900
33.21600
33.21900
33.21800
33.21500
33.21400
33.21700
33.21400
33.21300
33.21800
33.21700
33.21700
33.21600
33.21500
33.21400
33.21500
33.21600
33.22000
33.22400
33.22100
33.22100
33.22200
33.22100
33.22000
33.22000
33.22100
33.21900
33.21900
33.22200
33.22300
33.22500
33.22500
33.22500
33.22600
33.22700
33.23000
33.23200
33.23400
33.23200
33.23400
33.23500
33.23200
33.23000
33.23000
33.23100
33.23300
33.23300
33.23500
33.23600
33.23400
33.23900
33.23700
33.23600
33.23500
33.23700
33.23700
33.23800
33.24100
33.23900
33.24200
33.23900
33.24100
33.24100
33.24000
33.24000
33.24200
33.23900
33.24300
33.24100
33.24400
33.24300
33.24500
33.24500
33.24300
33.24300
33.24300
33.24400
33.24400
33.24600
33.23800
33.23600
33.23400
33.23300
33.22900
33.23100
33.23100
33.22700
33.22800
33.23200
33.23100
33.23100
33.23300
33.23300
33.23300
33.22900
33.22600
33.22700
33.22600
33.22600
33.22900
33.22800
33.22800
33.22900
33.22600
33.22800
33.22500
33.22400
33.22400
33.22100
33.22300
33.22100
33.22200
33.22200
33.22300
33.22100
33.22200
33.22100
33.22500
33.22600
33.22500
33.22400
33.22500
33.22100
33.22300
33.22400
33.22300
33.22200
33.22200
33.22300
33.22500
33.22400
33.22500
33.22800
33.22500
33.22400
33.22400
33.22200
33.22000
33.21900
33.21700
33.21500
33.21400
33.21600
33.21600
33.21600
33.21100
33.21000
33.20900
33.21000
33.21000
33.20900
33.21000
33.21200
33.20900
33.21100
33.21200
33.21200
33.21300
33.21300
33.21200
33.21500
33.21500
33.21700
33.21800
33.21300
33.21400
33.21400
33.21700
33.21800
33.22100
33.22100
33.21700
33.21700
33.21700
33.21600
33.21500
33.21300
33.21300
33.21300
33.21200
33.20900
33.20900
33.20900
33.20600
33.20700
33.20700
33.20900
33.20900
33.20700
33.20600
33.20400
33.20300
33.20000
33.19700
33.19700
33.19600
33.19700
33.19700
33.19400
33.19300
33.19400
33.19700
33.19700
33.19500
33.19600
33.19800
33.19700
33.19400
33.19400
33.19300
33.19300
33.19600
33.19500
33.19200
33.19200
33.19000
33.19000
33.19200
33.19000
33.19300
33.19300
33.19000
33.18800
33.18900
33.18900
33.18700
33.18400
33.18000
33.18400
33.18500
33.18900
33.18900
33.18700
33.18700
33.18500
33.18500
33.18300
33.18300
33.18400
33.18300
33.18300
33.18100
33.17700
33.17700
33.17700
33.17700
33.17500
33.17600
33.17500
33.17500
33.17400
33.17200
33.17000
33.16800
33.16500
33.16500
33.16400
33.16300
33.16700
33.16600
33.16900
33.16900
33.17000
33.16500
33.16200
33.16200
33.16100
33.16200
33.16400
33.16100
33.16100
33.15900
33.15700
33.15900
33.15700
33.15900
33.15900
33.15700
33.15700
33.16000
33.16100
33.16100
33.16300
33.16200
33.16200
33.16600
33.16500
33.16700
33.16900
33.16900
33.16700
33.16800
33.17300
33.17400
33.17400
33.17800
33.17800
33.17300
33.17200
33.17300
33.17300
33.17100
33.17200
33.17400
33.17400
33.17600
33.17500
33.17600
33.17600
33.18000
33.18000
33.18200
33.18500
33.18500
33.18700
33.18900
33.19200
33.19400
33.19400
33.19400
33.19600
33.19900
33.19900
33.19800
33.19800
33.19900
33.19800
33.19800
33.19800
33.20000
33.19800
33.19500
33.19300
33.19600
33.19900
33.20200
33.20500
33.21000
33.20800
33.20700
33.21300
33.21300
33.21300
33.21300
33.21500
33.21800
33.22200
33.22100
33.21700
33.21800
33.21900
33.21900
33.21800
33.22200
33.22200
33.22400
33.22200
33.22100
33.22600
33.22700
33.22700
33.22800
33.23300
33.23400
33.23700
33.23300
33.23100
33.23100
33.23000
33.23100
33.23200
33.23200
33.23300
33.23400
33.23300
33.23300
33.23800
33.24000
33.24100
33.24200
33.24300
33.24500
33.24800
33.24900
33.24900
33.25000
33.25300
33.25300
33.25400
33.25600
33.25300
33.25700
33.26100
33.26000
33.25800
33.25700
33.25900
33.26700
33.27100
33.27100
33.27300
33.27500
33.27600
33.27900
33.27900
33.28000
33.28100
33.28500
33.28700
33.28500
33.28700
33.28900
33.28800
33.28600
33.28700
33.28500
33.28300
33.28400
33.28700
33.28600
33.28500
33.28400
33.28000
33.27900
33.27800
33.27800
33.28200
33.28100
33.28000
33.27900
33.27700
33.27600
33.27800
33.28000
33.28300
33.28300
33.28400
33.28500
33.28400
33.28100
33.28000
33.28100
33.27900
33.28000
33.28000
33.28100
33.28300
33.28200
33.28100
33.28000
33.28000
33.28000
33.28500
33.28400
33.28200
33.28400
33.28500
33.28500
33.28400
33.28500
33.28500
33.28500
33.28500
33.28400
33.28500
33.28400
33.28200
33.28000
33.28100
33.28100
33.28100
33.28100
33.28100
33.27800
33.27700
33.27900
33.27900
33.28000
33.27900
33.27800
33.27900
33.27600
33.28200
33.28000
33.27800
33.28000
33.27900
33.27800
33.27600
33.27600
33.27700
33.27900
33.27900
33.28000
33.28200
33.28000
33.27800
33.28000
33.28100
33.28000
33.27800
33.28000
33.28000
33.27900
33.28100
33.28100
33.28400
33.28300
33.28400
33.28300
33.28500
33.28600
33.28900
33.29100
33.29100
33.29100
33.28900
33.29000
33.28800
33.29000
33.29300
33.29600
33.29500
33.29500
33.29500
33.29300
33.29900
33.29900
33.30100
33.30400
33.30000
33.29900
33.30200
33.30200
33.30300
33.30500
33.30600
33.30700
33.30800
33.30800
33.30900
33.31200
33.31400
33.31300
33.31200
33.31200
33.30900
33.30800
33.30900
33.31100
33.31000
33.30900
33.30900
33.30600
33.30400
33.30400
33.30200
33.30100
33.30200
33.30300
33.30300
33.30400
33.30600
33.30100
33.30200
33.29900
33.29600
33.29600
33.29800
33.29800
33.29800
33.29600
33.29500
33.29400
33.29300
33.29300
33.29300
33.29500
33.29300
33.29100
33.29000
33.28900
33.28800
33.28600
33.28700
33.28700
33.28900
33.28800
33.28800
33.29100
33.29000
33.29100
33.28900
33.28900
33.29000
33.29200
33.28800
33.28800
33.28800
33.28900
33.28900
33.28500
33.28600
33.28600
33.28900
33.28800
33.29000
33.28700
33.28900
33.28800
33.28400
33.28300
33.28200
33.28300
33.28400
33.28100
33.28000
33.28100
33.28000
33.28200
33.28200
33.27800
33.27900
33.27900
33.28100
33.28200
33.28400
33.28700
33.28900
33.29100
33.29200
33.29100
33.29200
33.29100
33.29000
33.29100
33.29100
33.28900
33.29000
33.28900
33.29100
33.29300
33.29400
33.29300
33.29100
33.29000
33.29200
33.29300
33.29500
33.29300
33.29100
33.29200
33.29400
33.29500
33.29700
33.29500
33.29700
33.29700
33.29500
33.29500
33.29500
33.29300
33.29400
33.29300
33.29500
33.29300
33.29300
33.29100
33.29000
33.28900
33.29100
33.29200
33.29300
33.29200
33.29100
33.29100
33.29200
33.29000
33.29100
33.29100
33.29100
33.29200
33.29100
33.29200
33.29300
33.29200
33.29300
33.29300
33.29100
33.29200
33.29100
33.29200
33.29500
33.29300
33.29300
33.29300
33.29300
33.29000
33.29300
33.29000
33.28800
33.28700
33.28700
33.28600
33.28700
33.28600
33.28500
33.28300
33.28300
33.28300
33.28500
33.28600
33.28500
33.28400
33.28700
33.28800
33.29000
33.29100
33.29000
33.28900
33.28800
33.28700
33.28700
33.28600
33.28500
33.28200
33.28300
33.28200
33.28200
33.28200
33.28300
33.28400
33.28500
33.28400
33.28500
33.28600
33.28300
33.28700
33.28600
33.28900
33.29100
33.29000
33.29000
33.29100
33.28900
33.28800
33.28800
33.28900
33.29000
33.29000
33.29000
33.28900
33.28900
33.28600
33.28600
33.28500
33.28600
33.28800
33.28700
33.28600
33.28600
33.28700
33.28800
33.28700
33.28800
33.28900
33.29000
33.29100
33.29000
33.28700
33.28900
33.28900
33.28900
33.28800
33.28700
33.28800
33.29100
33.29000
33.28800
33.28800
33.28800
33.28900
33.29000
33.29400
33.29400
33.29500
33.29300
33.29100
33.29200
33.29300
33.29100
33.29600
33.29300
33.29300
33.29500
33.29300
33.29200
33.29300
33.29300
33.29700
33.29600
33.29600
33.29800
33.29700
33.29500
33.29400
33.29400
33.29200
33.29200
33.29600
33.29700
33.29700
33.29600
33.29600
33.29600
33.29400
33.29800
33.29900
33.29900
33.29800
33.29600
33.29600
33.29400
33.29600
33.29800
33.29700
33.29800
33.30200
33.30200
33.30400
33.30300
33.29900
33.30200
33.29900
33.30100
33.30000
33.30000
33.29900
33.29900
33.29800
33.29700
33.29700
33.29800
33.29800
33.29700
33.29900
33.30000
33.30200
33.30500
33.30500
33.30200
33.30200
33.30200
33.30100
33.30000
33.30400
33.29900
33.29900
33.30200
33.30300
33.30400
33.30600
33.30600
33.30700
33.30500
33.30700
33.30500
33.30700
33.30800
33.30900
33.31000
33.31200
33.31300
33.31400
33.31300
33.31400
33.31500
33.31500
33.31400
33.31300
33.31500
33.31700
33.31900
33.31800
33.31800
33.31900
33.32100
33.32100
33.32200
33.32200
33.32200
33.32100
33.32100
33.32300
33.32300
33.32400
33.32800
33.32700
33.32900
33.33200
33.33000
33.32800
33.32800
33.33100
33.33000
33.32800
33.32800
33.32800
33.32700
33.32900
33.32800
33.32700
33.32700
33.32700
33.32500
33.32300
33.32200
33.32400
33.32200
33.32300
33.31900
33.32100
33.32000
33.32000
33.32100
33.32000
33.31800
33.31700
33.31900
33.32000
33.32200
33.32200
33.32200
33.32500
33.32500
33.32400
33.32400
33.32700
33.32400
33.32500
33.32400
33.32000
33.32000
33.32000
33.31600
33.31700
33.31700
33.31500
33.31700
33.31700
33.31500
33.31500
33.31600
33.31700
33.31700
33.31600
33.31400
33.31600
33.31400
33.31300
33.31700
33.31600
33.31600
33.31900
33.31700
33.31900
33.31800
33.31900
33.31600
33.31600
33.31200
33.31100
33.31300
33.31300
33.31300
33.31400
33.31600
33.31700
33.31600
33.31200
33.31000
33.31000
33.30700
33.30700
33.30700
33.30800
33.30700
33.30700
33.30800
33.30700
33.30700
33.30700
33.30400
33.30100
33.30200
33.30300
33.30100
33.30000
33.30000
33.30000
33.29800
33.29700
33.30100
33.30200
33.30200
33.30100
33.30100
33.30100
33.30200
33.30000
33.30100
33.30400
33.30400
33.30500
33.30400
33.30300
33.30300
33.30200
33.30300
33.30100
33.29900
33.30300
33.30400
33.30100
33.29800
33.29700
33.29800
33.29800
33.29700
33.29700
33.29700
33.29800
33.29700
33.29700
33.29600
33.29900
33.29800
33.29900
33.29700
33.29800
33.29700
33.29400
33.29700
33.29500
33.29500
33.29500
33.29300
33.29500
33.29500
33.30000
33.29800
33.30000
33.29900
33.30000
33.30100
33.30200
33.30000
33.30200
33.30300
33.30300
33.30300
33.30400
33.30500
33.30400
33.30400
33.30300
33.30000
33.30100
33.30100
33.30500
33.30800
33.30600
33.30900
33.31200
33.30900
33.30900
33.30700
33.30700
33.31100
33.30900
33.31100
33.31300
33.31300
33.31200
33.31500
33.31600
33.31800
33.31800
33.31800
33.32000
33.32500
33.32500
33.32400
33.32200
33.32400
33.32500
33.32500
33.32700
33.32900
33.33300
33.33100
33.33800
33.33900
33.33600
33.33500
33.33900
33.34200
33.34200
33.34400
33.34300
33.34000
33.33700
33.33700
33.33700
33.33800
33.33900
33.34200
33.34400
33.34600
33.34700
33.34700
33.34900
33.34600
33.34700
33.34700
33.34300
33.34500
33.34700
33.34500
33.35000
33.34900
33.35000
33.35200
33.35500
33.35400
33.35200
33.35200
33.35100
33.35300
33.35400
33.35200
33.35400
33.35100
33.34900
33.35000
33.35300
33.35800
33.35700
33.35800
33.35900
33.36100
33.36200
33.36300
33.36200
33.36400
33.36000
33.36200
33.36200
33.35800
33.35700
33.35700
33.35500
33.35800
33.35800
33.35800
33.35900
33.36000
33.35900
33.35800
33.35800
33.35800
33.36000
33.36100
33.36200
33.36200
33.35800
33.36000
33.35800
33.35800
33.35900
33.36200
33.36100
33.36000
33.36100
33.36100
33.36000
33.36000
33.35800
33.35800
33.35600
33.35700
33.35900
33.36000
33.36100
33.36300
33.36800
33.36800
33.36800
33.36800
33.36800
33.36500
33.36500
33.36500
33.36800
33.37100
33.37500
33.37500
33.37500
33.37800
33.37500
33.37600
33.37600
33.37500
33.37900
33.38200
33.38400
33.38400
33.38300
33.38500
33.38800
33.38900
33.38900
33.39000
33.39000
33.38900
33.39100
33.39200
33.39000
33.39000
33.39300
33.38900
33.39000
33.39200
33.39100
33.39000
33.39000
33.38800
33.38700
33.38900
33.38800
33.38900
33.38900
33.38900
33.39000
33.39000
33.39100
33.39200
33.39200
33.39300
33.39300
33.39200
33.39000
33.38900
33.38700
33.38800
33.38800
33.39200
33.39100
33.39200
33.39100
33.39400
33.39600
33.39600
33.39500
33.39500
33.39600
33.39500
33.39300
33.39600
33.39800
33.39800
33.39800
33.39700
33.39600
33.39400
33.39500
33.39400
33.39400
33.39900
33.39700
33.39900
33.39900
33.39700
33.39600
33.39600
33.39700
33.39600
33.40000
33.39900
33.40000
33.40100
33.40000
33.39600
33.39700
33.39500
33.39200
33.39300
33.39000
33.39200
33.39200
33.39000
33.38900
33.38800
33.38900
33.38900
33.38900
33.38900
33.38800
33.38600
33.38700
33.38800
33.38600
33.38500
33.38400
33.38400
33.38300
33.38200
33.38100
33.38100
33.38000
33.38000
33.37700
33.37800
33.37700
33.37500
33.37600
33.37400
33.37300
33.37600
33.37400
33.37300
33.37200
33.37300
33.37400
33.37500
33.37600
33.37500
33.37600
33.37500
33.37400
33.37400
33.37100
33.37400
33.37200
33.37200
33.37400
33.37600
33.37500
33.37600
33.37500
33.37400
33.37500
33.37500
33.37500
33.37500
33.37300
33.37300
33.37500
33.37500
33.37800
33.37700
33.37900
33.37900
33.37700
33.38100
33.38200
33.38200
33.38200
33.38600
33.38600
33.38400
33.38300
33.38500
33.38400
33.38600
33.38700
33.38700
33.38700
33.38700
33.38500
33.38400
33.38400
33.38400
33.38200
33.38500
33.38400
33.38200
33.38600
33.38400
33.38200
33.38300
33.38500
33.38800
33.38600
33.38900
33.38900
33.38900
33.38900
33.38700
33.38500
33.38500
33.38700
33.38700
33.38700
33.38700
33.38800
33.39000
33.39200
33.39000
33.39100
33.39100
33.38800
33.38900
33.39000
33.38900
33.38800
33.38700
33.38700
33.38800
33.38900
33.38900
33.39200
33.39500
33.39900
33.39800
33.39800
33.39800
33.39600
33.39500
33.39800
33.39900
33.40000
33.40000
33.40600
33.40800
33.40900
33.41000
33.41000
33.41000
33.41500
33.41400
33.41500
33.41500
33.41700
33.42100
33.42100
33.41900
33.41800
33.41900
33.42000
33.41800
33.41900
33.42200
33.42100
33.41800
33.42400
33.42200
33.42100
33.42200
33.42500
33.42600
33.42500
33.42200
33.42100
33.42000
33.42000
33.41900
33.42200
33.42200
33.42200
33.42200
33.42100
33.42400
33.42700
33.42500
33.42600
33.42500
33.42700
33.42800
33.42700
33.43000
33.43000
33.43100
33.43000
33.42900
33.42700
33.42800
33.42900
33.42700
33.42800
33.42800
33.42900
33.43200
33.42900
33.42800
33.42700
33.43000
33.43000
33.42900
33.43000
33.43300
33.43200
33.43400
33.43300
33.43500
33.43600
33.43700
33.43900
33.43900
33.44200
33.44100
33.44300
33.44500
33.44800
33.45100
33.45100
33.44900
33.44800
33.45000
33.45000
33.45000
33.45200
33.45300
33.45500
33.45500
33.45600
33.45700
33.45900
33.45900
33.46100
33.46400
33.46500
33.46500
33.46700
33.46700
33.46900
33.47000
33.47200
33.47000
33.47100
33.47100
33.47400
33.47300
33.47400
33.47400
33.47400
33.47600
33.47700
33.47900
33.47700
33.47500
33.47500
33.47500
33.47400
33.47700
33.47600
33.47600
33.47800
33.47800
33.47800
33.47800
33.47700
33.47800
33.47700
33.48000
33.47900
33.47900
33.47800
33.47900
33.47800
33.48000
33.48100
33.48100
33.48000
33.48200
33.48300
33.48400
33.48500
33.48500
33.48600
33.48200
33.48600
33.48400
33.48400
33.48500
33.48600
33.48900
33.49000
33.48700
33.48700
33.48700
33.48700
33.49000
33.49100
33.49100
33.49200
33.49200
33.49300
33.49400
33.49800
33.49500
33.49500
33.50000
33.49800
33.50000
33.49800
33.50000
33.50000
33.50300
33.50200
33.50200
33.50400
33.50500
33.50600
33.50700
33.50900
33.50700
33.50800
33.50800
33.50800
33.51100
33.51300
33.51300
33.51100
33.51100
33.51000
33.51000
33.51000
33.51100
33.51400
33.51700
33.51600
33.51600
33.51500
33.51500
33.51600
33.51400
33.51500
33.51500
33.51500
33.51500
33.51500
33.51400
33.51100
33.51200
33.51200
33.51000
33.51000
33.51100
33.51100
33.51000
33.51300
33.51400
33.51800
33.51700
33.51800
33.52100
33.52100
33.52300
33.52400
33.52000
33.51700
33.51600
33.51500
33.51600
33.51500
33.51800
33.51800
33.51700
33.51600
33.51500
33.51300
33.51300
33.51200
33.51400
33.51200
33.51300
33.51200
33.51400
33.51700
33.51800
33.51600
33.51600
33.51500
33.51500
33.51500
33.51700
33.51600
33.51500
33.51400
33.51600
33.51700
33.51600
33.51700
33.51800
33.51600
33.51700
33.51900
33.52000
33.52200
33.52300
33.52100
33.52000
33.52200
33.52200
33.52400
33.52200
33.51900
33.52000
33.52200
33.52200
33.52200
33.52200
33.52300
33.52400
33.52700
33.52700
33.52600
33.52600
33.52700
33.53000
33.53100
33.53000
33.53300
33.53200
33.53100
33.53300
33.53300
33.53400
33.53800
33.53800
33.54000
33.54100
33.54200
33.54000
33.53700
33.53600
33.53800
33.54100
33.53900
33.54100
33.54100
33.54300
33.54200
33.54100
33.54400
33.54300
33.54300
33.54400
33.54200
33.54300
33.54200
33.54200
33.54300
33.54500
33.54600
33.54700
33.54500
33.54400
33.54100
33.54200
33.54100
33.54100
33.54500
33.54500
33.54500
33.54700
33.54700
33.54700
33.54600
33.54600
33.54700
33.54700
33.54700
33.54600
33.54800
33.55000
33.55500
33.55500
33.55200
33.55300
33.55200
33.55300
33.55500
33.55600
33.55900
33.56000
33.55800
33.56000
33.56200
33.56300
33.56400
33.56500
33.56700
33.57000
33.57000
33.57500
33.57300
33.57300
33.57300
33.57300
33.57200
33.57200
33.57500
33.57600
33.57600
33.57700
33.57600
33.57300
33.57200
33.57300
33.57700
33.57500
33.57700
33.57900
33.57800
33.58000
33.58000
33.58100
33.58000
33.57900
33.58300
33.58500
33.58500
33.58400
33.58300
33.58500
33.58100
33.57900
33.58000
33.58000
33.58000
33.58200
33.58200
33.58200
33.58300
33.58300
33.58300
33.58300
33.58400
33.58200
33.58500
33.58600
33.58700
33.58600
33.58600
33.58600
33.58600
33.58500
33.58600
33.58600
33.58500
33.58600
33.58900
33.58900
33.58700
33.58700
33.58800
33.58800
33.58900
33.59000
33.58900
33.58900
33.58700
33.58700
33.58700
33.58700
33.58800
33.58900
33.59000
33.59100
33.59200
33.59200
33.59300
33.59500
33.59400
33.59400
33.59600
33.59600
33.59800
33.59900
33.59800
33.59500
33.59500
33.59300
33.59300
33.59300
33.59300
33.59600
33.59700
33.59700
33.59700
33.59900
33.59800
33.59800
33.59900
33.59800
33.59900
33.59800
33.59700
33.59800
33.59800
33.59800
33.59800
33.59800
33.59900
33.59900
33.59900
33.60000
33.60000
33.60000
33.60000
33.60100
33.60200
33.60100
33.60200
33.60300
33.60400
33.60400
33.60700
33.60700
33.60700
33.60700
33.60400
33.60500
33.60700
33.60600
33.60700
33.60900
33.61000
33.60900
33.60800
33.60800
33.60900
33.60800
33.60900
33.61100
33.61000
33.61100
33.61200
33.61500
33.61300
33.61100
33.61000
33.61100
33.61100
33.61300
33.61300
33.61500
33.61600
33.61600
33.61700
33.62300
33.62500
33.62700
33.62600
33.62600
33.62600
33.62800
33.62800
33.62800
33.62700
33.62700
33.62500
33.62800
33.62900
33.63000
33.63200
33.63300
33.63400
33.63500
33.63600
33.63700
33.63900
33.63800
33.63800
33.64200
33.64000
33.63800
33.64000
33.64300
33.64500
33.64500
33.64700
33.64600
33.64800
33.64900
33.64800
33.64800
33.64900
33.64900
33.65100
33.65100
33.65000
33.65200
33.65300
33.65300
33.65300
33.65000
33.64900
33.65000
33.65000
33.65000
33.65000
33.65000
33.65200
33.65300
33.65100
33.65000
33.65100
33.65100
33.65300
33.65300
33.65400
33.65400
33.65400
33.65500
33.65600
33.65500
33.65500
33.65800
33.65800
33.65800
33.65700
33.65800
33.65900
33.65900
33.66100
33.66000
33.66000
33.65900
33.65900
33.65700
33.65800
33.65500
33.65700
33.65500
33.65600
33.65500
33.65600
33.65600
33.65500
33.65900
33.65900
33.65900
33.66000
33.65900
33.66200
33.66400
33.66400
33.66400
33.66500
33.66400
33.66500
33.66800
33.66800
33.67000
33.66900
33.66800
33.67000
33.66900
33.67000
33.67000
33.67000
33.67000
33.66800
33.67000
33.67000
33.66800
33.67000
33.66900
33.66900
33.66900
33.66900
33.67100
33.67100
33.67100
33.67100
33.67100
33.67300
33.67300
33.67300
33.67100
33.67100
33.67100
33.67000
33.67100
33.67100
33.67100
33.67100
33.67300
33.67200
33.67000
33.66900
33.66900
33.66800
33.66800
33.66800
33.66800
33.66700
33.66500
33.66500
33.66600
33.66800
33.66400
33.66500
33.66300
33.66100
33.66200
33.66300
33.66400
33.66200
33.66200
33.66200
33.66600
33.66600
33.66600
33.66500
33.66500
33.66700
33.66600
33.66600
33.66900
33.67000
33.66900
33.67000
33.67200
33.67100
33.67200
33.67200
33.67200
33.67300
33.67300
33.67200
33.67100
33.67300
33.67200
33.67300
33.67400
33.67400
33.67300
33.67300
33.67700
33.67600
33.67400
33.67400
33.67500
33.67500
33.67400
33.67500
33.67400
33.67300
33.67200
33.67200
33.67100
33.67300
33.67300
33.67400
33.67200
33.67200
33.67600
33.67800
33.67800
33.67600
33.67700
33.67700
33.67800
33.67900
33.67900
33.68200
33.68000
33.68000
33.68500
33.68300
33.68600
33.68600
33.68700
33.68700
33.69000
33.68800
33.68800
33.68900
33.69000
33.69100
33.69200
33.69200
33.69200
33.68900
33.69000
33.69000
33.69200
33.69300
33.69500
33.69700
33.69700
33.70000
33.70100
33.69900
33.70000
33.70100
33.70200
33.70100
33.70100
33.70000
33.70100
33.70100
33.70200
33.70200
33.70300
33.70200
33.70100
33.70200
33.70400
33.70500
33.70500
33.70500
33.70500
33.70500
33.70800
33.70700
33.71000
33.71200
33.71100
33.71200
33.71200
33.71400
33.71500
33.71600
33.71400
33.71000
33.71000
33.71100
33.71300
33.71600
33.71700
33.71500
33.71400
33.71400
33.71700
33.71600
33.71600
33.71500
33.71600
33.71300
33.71200
33.71300
33.71400
33.71300
33.71300
33.71400
33.71800
33.71800
33.71700
33.71800
33.71900
33.72000
33.72000
33.71600
33.71600
33.71600
33.71600
33.71600
33.71600
33.71500
33.71600
33.71600
33.71600
33.71700
33.71500
33.71100
33.71100
33.71200
33.71000
33.71100
33.71200
33.71300
33.71200
33.71200
33.71200
33.71000
33.71200
33.71200
33.71200
33.71300
33.71500
33.71400
33.71600
33.71500
33.71500
33.71400
33.71600
33.71600
33.71600
33.71700
33.71500
33.71600
33.71500
33.71400
33.71600
33.71700
33.71700
33.71500
33.71600
33.71600
33.71300
33.71300
33.71200
33.71500
33.71500
33.71500
33.71500
33.71400
33.71300
33.71500
33.71600
33.71700
33.71800
33.71900
33.71900
33.72000
33.72000
33.71900
33.71800
33.71900
33.71900
33.71900
33.71900
33.71700
33.71900
33.71700
33.71800
33.71700
33.71700
33.71800
33.71900
33.71800
33.72100
33.72200
33.72300
33.72400
33.72500
33.72400
33.72400
33.72500
33.72500
33.72500
33.72500
33.72500
33.72300
33.72400
33.72700
33.72500
33.72900
33.72900
33.73000
33.72900
33.73000
33.73000
33.73100
33.73100
33.73500
33.73300
33.73300
33.73400
33.73300
33.73300
33.73400
33.73500
33.73600
33.73800
33.73800
33.73800
33.74000
33.74400
33.74500
33.74400
33.74400
33.74500
33.74900
33.74900
33.74600
33.74900
33.75200
33.75100
33.75200
33.75300
33.75200
33.75400
33.75400
33.75400
33.75100
33.75300
33.75400
33.75500
33.75400
33.75400
33.75500
33.75400
33.75400
33.75500
33.75500
33.75600
33.75400
33.75500
33.75600
33.75700
33.75700
33.75700
33.75500
33.75500
33.75500
33.75400
33.75300
33.75400
33.75200
33.75300
33.75300
33.75400
33.75500
33.75400
33.75400
33.75500
33.75500
33.75400
33.75500
33.75500
33.75800
33.75600
33.75600
33.75900
33.75800
33.75700
33.76100
33.76100
33.76100
33.76000
33.76200
33.76200
33.76400
33.76500
33.76700
33.76600
33.76600
33.76400
33.76600
33.76300
33.76500
33.76700
33.76600
33.76800
33.76800
33.76700
33.76700
33.76600
33.76400
33.76500
33.76600
33.76500
33.76900
33.77100
33.77200
33.77300
33.77200
33.77100
33.76900
33.76900
33.76800
33.76900
33.76900
33.77000
33.77100
33.77100
33.77100
33.77000
33.77200
33.77300
33.77500
33.77600
33.77500
33.77500
33.77700
33.77500
33.77400
33.77400
33.77200
33.77400
33.77500
33.77500
33.77200
33.77300
33.77400
33.77400
33.77400
33.77300
33.77300
33.77300
33.77500
33.77300
33.77400
33.77600
33.77700
33.77500
33.77600
33.77900
33.78100
33.77700
33.77800
33.77700
33.77700
33.77500
33.77500
33.77500
33.77500
33.77500
33.77500
33.77600
33.78000
33.78000
33.78100
33.78100
33.78200
33.78000
33.77900
33.78000
33.77900
33.78200
33.78200
33.78400
33.78200
33.78400
33.78600
33.78700
33.78700
33.78800
33.78900
33.79000
33.78800
33.78800
33.78500
33.78700
33.78900
33.79000
33.78800
33.78800
33.78800
33.78600
33.78700
33.78700
33.78600
33.78500
33.78500
33.78500
33.78600
33.78600
33.78600
33.78600
33.78800
33.78900
33.78900
33.78900
33.78900
33.78700
33.78800
33.78700
33.78800
33.78700
33.78600
33.78900
33.79000
33.78900
33.78700
33.78700
33.78700
33.78700
33.78800
33.78900
33.78600
33.78700
33.78700
33.79000
33.78900
33.78900
33.79100
33.79000
33.79100
33.79200
33.78900
33.78900
33.78900
33.78900
33.79100
33.79400
33.79300
33.79400
33.79300
33.79400
33.79400
33.79500
33.79500
33.79400
33.79300
33.79500
33.79400
33.79400
33.79600
33.79500
33.79600
33.79500
33.79500
33.79600
33.79600
33.79400
33.79200
33.79100
33.79300
33.79300
33.79100
33.79200
33.79100
33.79100
33.79100
33.79200
33.79300
33.79200
33.79300
33.79300
33.79300
33.79100
33.78900
33.79300
33.79400
33.79400
33.79300
33.79100
33.79200
33.79200
33.79100
33.79100
33.78900
33.78900
33.78900
33.79100
33.79500
33.79600
33.79300
33.79300
33.79600
33.79400
33.79300
33.79200
33.79100
33.79500
33.79400
33.79400
33.79700
33.79800
33.79800
33.79800
33.79800
33.79900
33.79800
33.80100
33.80100
33.80000
33.80000
33.79900
33.79900
33.80100
33.80400
33.80600
33.80500
33.80500
33.80500
33.80500
33.80600
33.80800
33.80700
33.80800
33.80600
33.80500
33.80600
33.80600
33.80900
33.80900
33.81000
33.81000
33.80900
33.81100
33.81000
33.80900
33.80900
33.80600
33.80600
33.80700
33.80900
33.81200
33.81400
33.81400
33.81300
33.81300
33.81200
33.81500
33.81600
33.82000
33.82200
33.82500
33.82400
33.82200
33.82200
33.82400
33.82600
33.82600
33.82700
33.82700
33.82700
33.82700
33.82500
33.82800
33.82800
33.82800
33.82900
33.82600
33.82600
33.82800
33.82800
33.82800
33.82800
33.82800
33.82800
33.82700
33.82600
33.82700
33.83100
33.83300
33.83200
33.83200
33.83100
33.83100
33.83000
33.83100
33.83000
33.83100
33.83100
33.83100
33.83000
33.83100
33.83000
33.82900
33.82900
33.82900
33.82900
33.83100
33.83100
33.83100
33.83000
33.83300
33.83300
33.83100
33.83000
33.83200
33.83200
33.83100
33.83200
33.82900
33.82900
33.83000
33.83000
33.82900
33.82800
33.82800
33.83000
33.82900
33.82800
33.82600
33.82600
33.82700
33.82700
33.82700
33.82600
33.82800
33.82700
33.82600
33.82400
33.82400
33.82300
33.82200
33.81900
33.81900
33.82000
33.82100
33.82200
33.82200
33.82400
33.82400
33.82300
33.82500
33.82800
33.82800
33.82800
33.82700
33.82600
33.82600
33.82600
33.82500
33.82500
33.82500
33.82700
33.82800
33.83000
33.83000
33.83100
33.83000
33.82600
33.82500
33.82700
33.82800
33.82700
33.82900
33.82900
33.82800
33.83000
33.82900
33.82800
33.82900
33.82800
33.82600
33.82600
33.82700
33.82600
33.82700
33.82700
33.82600
33.82800
33.82600
33.82600
33.82600
33.82700
33.82700
33.82900
33.82900
33.82900
33.83000
33.83200
33.83000
33.83200
33.83200
33.82900
33.83100
33.83000
33.83100
33.83100
33.83100
33.83100
33.83400
33.83200
33.83300
33.83200
33.83400
33.83300
33.83200
33.83200
33.83100
33.83100
33.82800
33.82900
33.82800
33.82800
33.82700
33.82800
33.82800
33.82800
33.82800
33.82700
33.82600
33.82500
33.82500
33.82400
33.82300
33.82300
33.82400
33.82300
33.82200
33.82200
33.82100
33.81900
33.81800
33.81500
33.81500
33.81600
33.81900
33.82000
33.81900
33.81900
33.82000
33.82000
33.82100
33.82000
33.82000
33.81900
33.81900
33.82000
33.81900
33.82000
33.82000
33.82000
33.82000
33.82000
33.82100
33.82100
33.81900
33.82000
33.82000
33.82000
33.82100
33.81900
33.82000
33.82000
33.82100
33.82200
33.82200
33.82300
33.82300
33.82200
33.82100
33.82200
33.82400
33.82400
33.82200
33.82000
33.81900
33.82000
33.82000
33.81800
33.81800
33.81800
33.81800
33.81500
33.81700
33.81600
33.81600
33.81400
33.81400
33.81500
33.81600
33.81500
33.81400
33.81500
33.81700
33.81500
33.81500
33.81200
33.81300
33.81200
33.81000
33.81100
33.81100
33.81200
33.81200
33.81300
33.81400
33.81500
33.81400
33.81200
33.81100
33.81100
33.81200
33.81200
33.81300
33.81200
33.81100
33.81200
33.81200
33.81200
33.81000
33.81200
33.81400
33.81500
33.81600
33.81500
33.81600
33.81600
33.81700
33.81500
33.81600
33.81700
33.81600
33.81700
33.81500
33.81600
33.81700
33.81800
33.81600
33.81600
33.81700
33.81700
33.81800
33.81900
33.81900
33.81900
33.81900
33.82000
33.81800
33.81800
33.81700
33.81700
33.81700
33.81800
33.81800
33.81700
33.81800
33.82000
33.82000
33.82000
33.82100
33.82100
33.82100
33.82100
33.81800
33.81800
33.81800
33.81800
33.81700
33.81900
33.81900
33.82000
33.81800
33.81800
33.81800
33.82000
33.82000
33.82000
33.81800
33.81800
33.82000
33.82000
33.82100
33.82000
33.82000
33.82000
33.82000
33.82200
33.82400
33.82600
33.82900
33.82800
33.82500
33.82600
33.82500
33.82300
33.82300
33.82800
33.82900
33.83100
33.83200
33.83300
33.83200
33.83300
33.83300
33.83200
33.83000
33.83100
33.83100
33.83200
33.83300
33.83300
33.83300
33.83400
33.83300
33.83200
33.83000
33.83200
33.83200
33.83200
33.83200
33.83200
33.83100
33.83100
33.83200
33.83100
33.83000
33.83100
33.83000
33.83000
33.83000
33.83300
33.83400
33.83600
33.83300
33.83300
33.83300
33.83200
33.83200
33.83300
33.83200
33.83300
33.83400
33.83300
33.83500
33.83600
33.83600
33.83500
33.83500
33.83500
33.83400
33.83500
33.83400
33.83200
33.83100
33.83200
33.83500
33.83400
33.83300
33.83300
33.83100
33.83100
33.83300
33.83400
33.83300
33.83200
33.83300
33.83200
33.83100
33.83100
33.82900
33.83000
33.82900
33.82800
33.82900
33.83000
33.82900
33.82900
33.82900
33.82800
33.82800
33.82800
33.82900
33.82800
33.83000
33.82900
33.82900
33.82900
33.82600
33.82800
33.82800
33.82700
33.82700
33.82700
33.82800
33.82900
33.82900
33.82700
33.82900
33.83100
33.83000
33.83000
33.83000
33.82800
33.83000
33.83100
33.83100
33.83000
33.83000
33.83000
33.82900
33.82800
33.83000
33.83000
33.83000
33.82900
33.82800
33.82900
33.82900
33.83000
33.83000
33.83000
33.83300
33.83100
33.83100
33.83200
33.83300
33.83300
33.83400
33.83600
33.83500
33.83500
33.83500
33.83600
33.83500
33.83500
33.83500
33.83400
33.83500
33.83500
33.83400
33.83600
33.83700
33.83600
33.83900
33.84000
33.83700
33.83800
33.83800
33.84100
33.84100
33.84100
33.84100
33.84100
33.84100
33.84200
33.84300
33.84100
33.83900
33.84100
33.84200
33.84400
33.84400
33.84300
33.84500
33.84500
33.84300
33.84400
33.84600
33.84500
33.84600
33.84700
33.84700
33.84700
33.84700
33.84700
33.84900
33.84800
33.84700
33.84900
33.84800
33.84800
33.84900
33.85100
33.85300
33.85300
33.85400
33.85500
33.85500
33.85600
33.85400
33.85500
33.85500
33.85600
33.85600
33.85600
33.85700
33.86000
33.86000
33.86100
33.86000
33.86100
33.86400
33.86400
33.86500
33.86400
33.86400
33.86200
33.86300
33.86300
33.86300
33.86300
33.86500
33.86700
33.86400
33.86500
33.86400
33.86300
33.86200
33.86300
33.86200
33.86200
33.86200
33.86200
33.86400
33.86500
33.86500
33.86500
33.86600
33.86400
33.86400
33.86200
33.86300
33.86300
33.86200
33.86300
33.86500
33.86600
33.86600
33.86700
33.86900
33.86800
33.86700
33.86800
33.86600
33.86600
33.86400
33.86600
33.86600
33.86500
33.86300
33.86300
33.86200
33.86200
33.86200
33.86400
33.86400
33.86400
33.86400
33.86300
33.86500
33.86500
33.86400
33.86400
33.86600
33.86500
33.86600
33.86800
33.86800
33.86700
33.86700
33.86700
33.86400
33.86300
33.86500
33.86600
33.86500
33.86700
33.86500
33.86500
33.86600
33.86600
33.86600
33.86700
33.86700
33.86700
33.86900
33.86700
33.87000
33.86900
33.86900
33.87000
33.87100
33.87000
33.87300
33.87400
33.87300
33.87400
33.87400
33.87700
33.87600
33.87600
33.87700
33.87700
33.87800
33.87800
33.87800
33.87900
33.87900
33.87800
33.87800
33.87800
33.88000
33.87900
33.87800
33.87900
33.88000
33.88000
33.88000
33.88100
33.88000
33.88100
33.87900
33.87800
33.87900
33.87900
33.87700
33.87900
33.87900
33.88100
33.88300
33.88300
33.88400
33.88200
33.88400
33.88400
33.88300
33.88600
33.88600
33.88600
33.88600
33.88700
33.88500
33.88700
33.88700
33.88900
33.89100
33.89200
33.89300
33.89400
33.89400
33.89400
33.89600
33.89800
33.89900
33.89900
33.84667
33.85000
33.85222
33.85222
33.85222
33.85333
33.85556
33.85778
33.85778
33.86000
33.82375
33.87143
33.92167
33.92333
33.92667
33.92833
33.93000
33.93333
33.91000
33.92500
33.92500
33.92750
33.92750
33.92750
33.95000
33.95333
33.82000
33.82000
33.83000
33.83000
33.83000
33.83000
33.83000
33.83000
33.83000
33.84000
33.84000
