0.00000
0.00000
0.00000
0.00000
0.00000
0.00000
0.00000
0.00000
0.00000
0.00000
0.00000
0.00000
0.00000
0.00000
0.00000
0.00000
0.00000
0.00000
3.40000
8.80000
10.25000
10.35000
13.53300
13.53300
13.51600
13.46600
13.50600
15.31600
15.30800
15.60800
15.60800
15.60800
15.90800
16.04100
16.38600
17.40800
18.58300
21.81700
21.99800
22.19900
22.85000
23.60400
23.66100
23.93100
23.35000
24.12900
24.84000
25.08700
24.99900
25.12000
25.36900
25.80000
26.21700
26.59600
26.85400
27.04400
27.16900
27.51600
28.06100
28.17500
28.10800
28.22400
28.19900
28.35000
28.28200
28.51300
28.67100
28.81000
29.01700
28.95000
29.05300
29.27500
29.20900
29.38800
29.45800
29.52300
29.47300
29.50400
29.59300
29.79200
29.81300
29.72700
29.68300
29.72900
29.81700
29.92800
29.96400
30.05300
30.07100
29.90600
29.92600
30.02000
30.01600
30.03400
30.10100
30.16500
30.20400
30.35900
30.35900
30.47700
30.51100
30.51200
30.58400
30.62800
30.70600
30.77600
30.79200
30.82900
30.82900
30.87400
30.88200
30.90200
30.90800
30.82100
30.84400
30.77700
30.80700
30.83900
30.78000
30.86200
30.89200
30.89900
30.87700
30.85800
30.92400
30.89600
30.94300
30.97900
30.99900
30.99400
30.97400
30.95700
30.99100
30.99700
30.98800
31.01900
31.05300
31.05400
31.12900
31.25100
31.22500
31.25000
31.22900
31.23200
31.23500
31.24700
31.26800
31.33500
31.37600
31.36900
31.28900
31.35100
31.35500
31.36400
31.37700
31.36600
31.38100
31.42500
31.36900
31.35400
31.37900
31.36000
31.32900
31.34900
31.33600
31.34400
31.25800
31.24900
31.23900
31.25800
31.25800
31.26500
31.27100
31.26500
31.23300
31.24200
31.31300
31.30800
31.36500
31.31400
31.34800
31.33200
31.35700
31.31500
31.33500
31.40500
31.39800
31.41500
31.39500
31.39200
31.41600
31.38700
31.39100
31.40900
31.41800
31.42500
31.43000
31.45300
31.46500
31.50500
31.51300
31.55300
31.56900
31.56500
31.57900
31.56700
31.58600
31.56600
31.61300
31.62100
31.63400
31.66800
31.68300
31.70800
31.73100
31.74200
31.76400
31.86100
31.88500
31.83800
31.83700
31.81500
31.80600
31.83100
31.83400
31.82100
31.83000
31.82900
31.84300
31.84300
31.82400
31.82300
31.86200
31.87200
31.86500
31.90000
31.92400
31.91600
31.90800
31.90700
31.90900
31.89900
31.90200
31.88800
31.86900
31.86200
31.85400
31.89500
31.88200
31.87900
31.88400
31.88000
31.88000
31.87000
31.87900
31.88500
31.89400
31.92000
31.89500
31.91400
31.90600
31.90300
31.84800
31.84600
31.85200
31.82600
31.83000
31.84600
31.83400
31.84600
31.84300
31.83000
31.83400
31.86100
31.89000
31.89800
31.89100
31.89200
31.91100
31.90900
31.92400
31.94300
31.95000
31.95800
31.94900
31.94600
31.95800
31.97300
31.95600
31.94300
31.91100
31.93000
31.93000
31.91700
31.92800
31.92900
31.90200
31.88000
31.87900
31.88600
31.89800
31.91300
31.92600
31.91300
31.89100
31.89300
31.88400
31.87700
31.87700
31.90000
31.90000
31.91200
31.89200
31.87900
31.89300
31.88400
31.90500
31.94400
31.97000
31.96200
31.97900
31.97700
31.98700
31.99700
31.99700
32.01300
32.00100
31.99800
31.99700
31.99200
31.99600
31.98800
32.00200
31.99100
31.97800
31.99600
31.97600
31.98800
31.98100
31.98900
31.99800
32.02800
32.03000
32.04300
32.03200
32.02000
32.02700
32.05100
32.04100
32.08200
32.09400
32.09100
32.09900
32.11700
32.11300
32.10100
32.09800
32.11900
32.12600
32.12000
32.12200
32.13900
32.14300
32.15300
32.16700
32.15300
32.14000
32.13900
32.14500
32.13900
32.13600
32.14900
32.13000
32.14100
32.15600
32.16500
32.18200
32.18900
32.18200
32.18600
32.18700
32.17600
32.16100
32.16600
32.17800
32.18200
32.18000
32.14400
32.14600
32.14600
32.15000
32.13400
32.15700
32.16900
32.19000
32.18300
32.19700
32.20400
32.20000
32.18300
32.17800
32.19200
32.20900
32.19600
32.20600
32.22400
32.23100
32.25200
32.23600
32.22700
32.21800
32.22000
32.20300
32.20700
32.20500
32.20500
32.20600
32.21500
32.20100
32.21100
32.19800
32.19800
32.20000
32.20100
32.20300
32.22000
32.20800
32.21100
32.19700
32.21400
32.21800
32.25000
32.24800
32.24300
32.23800
32.24300
32.25800
32.25200
32.25900
32.27300
32.28900
32.29000
32.27900
32.25700
32.26800
32.26900
32.28600
32.29200
32.29000
32.28200
32.28300
32.27800
32.27700
32.29200
32.27400
32.27700
32.27200
32.27300
32.28600
32.28300
32.27000
32.26500
32.26900
32.26900
32.27200
32.27400
32.26900
32.26600
32.27100
32.27000
32.28000
32.26900
32.26500
32.27600
32.27600
32.26300
32.27200
32.26900
32.26500
32.28300
32.28500
32.29000
32.28700
32.28300
32.28800
32.29100
32.28400
32.27700
32.29100
32.29200
32.29900
32.31000
32.30100
32.29600
32.30100
32.30600
32.30100
32.30100
32.30000
32.29200
32.29800
32.31800
32.30600
32.31300
32.32700
32.32700
32.32800
32.33700
32.33100
32.32900
32.33400
32.33000
32.33100
32.33100
32.32400
32.33900
32.34400
32.34600
32.34700
32.34800
32.33300
32.33100
32.32500
32.31800
32.32600
32.33000
32.34200
32.37100
32.38100
32.37800
32.39000
32.38400
32.38800
32.40000
32.40600
32.41200
32.40800
32.41000
32.39900
32.40400
32.40100
32.38500
32.38300
32.39900
32.41000
32.42200
32.42700
32.41300
32.39900
32.38800
32.40500
32.41200
32.41100
32.41800
32.42700
32.43800
32.42900
32.43000
32.41900
32.41300
32.41200
32.41300
32.41300
32.41100
32.40700
32.39200
32.39600
32.40200
32.41900
32.40400
32.39500
32.40800
32.41400
32.43300
32.43900
32.42600
32.41500
32.41000
32.40900
32.40500
32.39200
32.39200
32.39600
32.38500
32.38400
32.37600
32.38300
32.37900
32.37900
32.37200
32.37600
32.38200
32.37900
32.37400
32.36200
32.36700
32.37200
32.37900
32.37400
32.37200
32.38500
32.36800
32.37700
32.36700
32.37100
32.38500
32.38500
32.39500
32.37900
32.37700
32.36200
32.36500
32.35700
32.35700
32.36200
32.35300
32.34600
32.34300
32.32900
32.32700
32.32900
32.33500
32.33300
32.32200
32.30900
32.31500
32.31000
32.30700
32.30900
32.29400
32.29600
32.29300
32.29200
32.29500
32.29300
32.29800
32.29700
32.29900
32.29700
32.28900
32.28700
32.29000
32.28400
32.28500
32.28900
32.28600
32.28200
32.28200
32.28100
32.27700
32.27300
32.27800
32.28700
32.28600
32.29700
32.30100
32.29900
32.29900
32.29600
32.30700
32.31000
32.30400
32.31000
32.31000
32.30900
32.31100
32.31600
32.32200
32.31900
32.31600
32.32200
32.31000
32.31500
32.31600
32.31900
32.32300
32.32800
32.33400
32.33100
32.32500
32.33000
32.32500
32.33300
32.33500
32.34700
32.34700
32.34700
32.33600
32.33900
32.34500
32.35000
32.34700
32.34500
32.35400
32.36000
32.36100
32.37600
32.39600
32.39900
32.41300
32.41500
32.40800
32.40700
32.40700
32.40900
32.40500
32.39900
32.40300
32.41600
32.42000
32.43300
32.43900
32.44100
32.44000
32.44200
32.43900
32.44200
32.44600
32.44400
32.43800
32.44900
32.45000
32.44900
32.45600
32.45400
32.45200
32.45200
32.45100
32.45400
32.45600
32.44100
32.45000
32.45600
32.46100
32.45600
32.45600
32.46000
32.45800
32.46900
32.48500
32.46900
32.47500
32.48400
32.47600
32.48000
32.48700
32.48000
32.47600
32.48400
32.47400
32.47600
32.47500
32.48600
32.49300
32.50300
32.50200
32.51800
32.52500
32.52600
32.52400
32.52400
32.53700
32.54900
32.54500
32.54800
32.54300
32.53000
32.53600
32.53300
32.51500
32.53100
32.52900
32.53300
32.54400
32.54800
32.54800
32.55700
32.56200
32.55900
32.55400
32.55700
32.56000
32.56100
32.57400
32.57200
32.58000
32.56900
32.57000
32.57500
32.59000
32.58400
32.59200
32.60100
32.61100
32.61400
32.60500
32.61700
32.62900
32.62300
32.63100
32.63600
32.65500
32.66300
32.66700
32.66700
32.66100
32.65900
32.66300
32.66800
32.67000
32.68700
32.68400
32.67900
32.69100
32.69800
32.69300
32.68700
32.68800
32.69600
32.70200
32.70400
32.70400
32.71000
32.72100
32.71400
32.70700
32.71300
32.71400
32.72400
32.72100
32.72100
32.72700
32.73100
32.72900
32.74300
32.73400
32.73400
32.75300
32.75200
32.75600
32.77100
32.77300
32.77200
32.77000
32.77600
32.77300
32.77500
32.77500
32.77700
32.77200
32.75800
32.77100
32.76700
32.76900
32.77200
32.76800
32.77900
32.78200
32.77700
32.77900
32.78700
32.79000
32.79000
32.79400
32.79600
32.80600
32.79600
32.79700
32.79800
32.81000
32.81500
32.82000
32.81500
32.81200
32.81800
32.80800
32.80200
32.80200
32.79500
32.79500
32.79800
32.80000
32.80800
32.80400
32.81900
32.81400
32.81300
32.80900
32.81100
32.81600
32.81600
32.80800
32.81600
32.82300
32.81700
32.82000
32.82400
32.82000
32.81700
32.82500
32.81800
32.82000
32.82400
32.82600
32.82100
32.82200
32.82600
32.83000
32.83800
32.84100
32.84400
32.84400
32.83200
32.82700
32.82400
32.82000
32.82300
32.81600
32.81700
32.81900
32.82500
32.82600
32.82300
32.82300
32.82000
32.81700
32.82400
32.82500
32.82000
32.83100
32.82900
32.82900
32.82300
32.82500
32.83900
32.84100
32.83400
32.83800
32.83700
32.83500
32.83500
32.84500
32.84400
32.84200
32.84200
32.85400
32.86100
32.86100
32.86100
32.86100
32.86900
32.86200
32.86900
32.86900
32.87800
32.88600
32.88900
32.88700
32.88300
32.88700
32.88600
32.89900
32.90700
32.91000
32.90400
32.90300
32.90300
32.90400
32.90100
32.89400
32.90400
32.90500
32.91300
32.92000
32.92400
32.92000
32.90900
32.90400
32.91300
32.91700
32.92100
32.92400
32.92700
32.92800
32.92500
32.93300
32.93100
32.93200
32.93300
32.93700
32.93400
32.94400
32.95000
32.94600
32.94700
32.94300
32.94100
32.92900
32.92900
32.93200
32.93100
32.94100
32.94100
32.93800
32.93800
32.93300
32.93600
32.94300
32.94200
32.94300
32.94300
32.94200
32.93700
32.93000
32.92700
32.93100
32.93100
32.93500
32.93500
32.94000
32.93400
32.93300
32.92900
32.92600
32.92800
32.93700
32.93700
32.93300
32.92800
32.93200
32.93100
32.92800
32.93900
32.93700
32.93900
32.93800
32.93400
32.92600
32.92700
32.93100
32.92900
32.92800
32.92900
32.92100
32.93000
32.93100
32.93600
32.94200
32.94000
32.93800
32.92700
32.92500
32.92000
32.92000
32.92300
32.92200
32.92000
32.91200
32.91300
32.92200
32.92600
32.92500
32.92500
32.92800
32.92800
32.93500
32.93800
32.93900
32.93800
32.93800
32.94000
32.94400
32.94600
32.95200
32.95200
32.95300
32.95300
32.95700
32.96100
32.96500
32.96100
32.95200
32.95500
32.96000
32.96200
32.96600
32.96900
32.96500
32.97100
32.97200
32.96500
32.96800
32.96300
32.96700
32.96900
32.96300
32.96500
32.97000
32.97100
32.96900
32.96200
32.96100
32.96700
32.97200
32.97000
32.96600
32.96400
32.96100
32.96400
32.96800
32.96600
32.96800
32.97300
32.97500
32.96500
32.97800
32.97900
32.97600
32.97000
32.96900
32.96700
32.98300
32.97900
32.97600
32.98300
32.98600
32.98400
32.97700
32.98700
32.99600
33.00100
33.00500
33.00700
33.00800
33.01600
33.01300
33.01000
33.01500
33.02400
33.01900
33.01900
33.01900
33.02000
33.02100
33.02800
33.02700
33.02200
33.02400
33.02600
33.02000
33.01200
33.01000
33.00900
33.00800
33.01000
33.01000
33.00600
33.00700
33.01400
33.01400
33.02000
33.01800
33.02400
33.02300
33.02500
33.02500
33.03700
33.03900
33.03100
33.03100
33.03100
33.02500
33.02800
33.03400
33.02900
33.03400
33.02900
33.03100
33.02900
33.03100
33.02100
33.01700
33.02200
33.02700
33.03400
33.03900
33.02900
33.03100
33.03100
33.03600
33.03700
33.03400
33.02800
33.02600
33.02900
33.03500
33.03800
33.04100
33.04100
33.04200
33.04800
33.04300
33.04400
33.05100
33.05300
33.05400
33.05000
33.04600
33.05700
33.05900
33.05900
33.06300
33.06000
33.05800
33.06500
33.06100
33.05800
33.05900
33.05500
33.05800
33.05100
33.05700
33.05400
33.05700
33.05400
33.05000
33.04900
33.05100
33.05200
33.04900
33.05000
33.04600
33.04800
33.04900
33.04900
33.04500
33.04500
33.04300
33.04200
33.04200
33.03600
33.03200
33.03000
33.02800
33.02700
33.02200
33.01800
33.02200
33.01900
33.01800
33.01600
33.01700
33.01500
33.01300
33.01700
33.01400
33.01800
33.01400
33.00700
33.00500
33.00600
33.00600
33.01100
33.00700
33.00700
33.01100
33.00600
33.00600
33.00600
33.00000
33.00100
32.99600
32.99200
32.99100
32.99300
32.99200
32.99100
32.99300
32.99700
32.99600
32.99300
32.99500
32.99700
32.99400
32.99100
32.99200
32.98700
32.98500
32.98600
32.97600
32.97800
32.98900
32.98800
32.98000
32.98300
32.98900
32.98800
32.99200
32.98900
32.98700
32.99200
32.99000
32.98900
32.99000
32.99000
32.99300
32.99600
32.99500
32.99500
32.99600
32.99600
32.99600
32.99600
32.99400
32.99400
32.99300
32.99800
33.00400
33.00900
33.00800
33.00500
33.00500
33.00700
33.00600
33.00000
32.99100
32.99300
32.99100
32.98800
32.99300
32.99100
32.99300
32.99300
32.99700
32.99600
32.99600
32.99900
32.99900
33.00700
33.00700
33.00700
33.00300
33.00700
33.00500
33.00200
33.00100
33.00100
33.00200
33.00400
33.00100
33.00100
33.00000
32.99400
32.99500
33.00100
33.00500
32.99600
32.99600
32.99800
33.00100
33.00100
33.00900
33.00900
33.00600
33.00200
33.00200
32.99700
32.99900
32.99900
32.99800
32.99900
32.99900
32.99700
32.99600
32.99300
32.99700
32.99700
32.99600
32.99600
32.99300
32.99500
32.99400
32.99600
32.98800
32.98800
32.98300
32.98300
32.98000
32.98300
32.98200
32.98100
32.98300
32.98500
32.98400
32.98200
32.98300
32.98300
32.98200
32.98000
32.98000
32.97500
32.97900
32.97800
32.97500
32.97400
32.97700
32.97700
32.97700
32.97600
32.97300
32.97300
32.97200
32.97200
32.97200
32.96900
32.96600
32.97400
32.97900
32.97800
32.98300
32.98500
32.98300
32.98500
32.98300
32.98100
32.98500
32.98100
32.98000
32.98800
32.99100
32.98900
32.99700
32.99600
32.99400
32.99200
32.99700
32.99400
32.99400
32.99500
32.99200
32.99300
32.99500
32.99400
32.99500
32.99500
32.99400
32.99300
32.99400
32.99100
32.99000
32.99400
32.99800
32.99700
32.99500
32.99100
32.99200
32.99100
32.99100
32.99600
32.99800
33.00000
33.00000
32.99400
32.99100
32.98800
32.99200
32.99000
32.98900
32.99000
32.98400
32.98100
32.97900
32.98100
32.98400
32.98400
32.98200
32.98300
32.97900
32.97500
32.97300
32.97300
32.96700
32.96500
32.96900
32.97200
32.96800
32.97500
32.97600
32.96900
32.97300
32.96900
32.97000
32.96700
32.96500
32.96500
32.96300
32.95800
32.95400
32.95200
32.95000
32.94900
32.94800
32.94400
32.94600
32.94400
32.94500
32.94300
32.93900
32.93800
32.93300
32.92900
32.92600
32.92100
32.92200
32.92200
32.91900
32.91900
32.92500
32.92400
32.92100
32.92300
32.92500
32.92700
32.92500
32.92300
32.91900
32.91700
32.91900
32.91800
32.92000
32.92000
32.92100
32.91700
32.91300
32.90700
32.90500
32.90700
32.90900
32.90600
32.90600
32.90400
32.90600
32.90000
32.90400
32.90100
32.90100
32.90500
32.90500
32.89700
32.89600
32.89700
32.89600
32.89700
32.89500
32.89600
32.89800
32.89900
32.89500
32.89500
32.88900
32.88900
32.88900
32.89100
32.89200
32.88900
32.88900
32.88900
32.88900
32.89300
32.89400
32.89200
32.89100
32.89100
32.88800
32.88900
32.88900
32.88400
32.88300
32.88400
32.88400
32.88500
32.88200
32.88300
32.88100
32.88200
32.88100
32.88300
32.88700
32.88900
32.88600
32.88000
32.87900
32.88000
32.87900
32.87700
32.87700
32.87800
32.88100
32.88400
32.88300
32.88400
32.88500
32.88300
32.88400
32.88300
32.88600
32.88100
32.88100
32.88100
32.88600
32.88500
32.88700
32.88700
32.88400
32.88500
32.88600
32.88300
32.88200
32.88300
32.88400
32.88100
32.87400
32.87600
32.87500
32.87800
32.87700
32.87700
32.87900
32.88000
32.88400
32.88500
32.88200
32.87700
32.87900
32.87800
32.87600
32.88000
32.88300
32.88300
32.88300
32.88000
32.87800
32.87700
32.87600
32.87400
32.87700
32.87200
32.87100
32.86900
32.86600
32.86600
32.86300
32.86000
32.86200
32.87100
32.87200
32.87000
32.87600
32.87700
32.87600
32.87700
32.87700
32.87400
32.87100
32.87100
32.86700
32.86400
32.86800
32.86800
32.86700
32.86500
32.86200
32.85700
32.85900
32.85900
32.85800
32.85900
32.85400
32.85200
32.85000
32.84500
32.84200
32.84400
32.84500
32.84800
32.84800
32.84400
32.84200
32.84200
32.83800
32.83800
32.83500
32.83800
32.84300
32.84200
32.84200
32.84300
32.84400
32.84300
32.84100
32.84100
32.84000
32.84400
32.84100
32.84000
32.83900
32.83700
32.83900
32.84100
32.83700
32.83900
32.83600
32.83900
32.83800
32.83600
32.83400
32.83600
32.83600
32.83700
32.83500
32.83700
32.83900
32.83800
32.83800
32.83800
32.83900
32.83800
32.83800
32.83600
32.83800
32.83900
32.83900
32.83500
32.83300
32.82500
32.82500
32.82300
32.82000
32.82100
32.82500
32.82100
32.82100
32.81800
32.81800
32.81900
32.81700
32.81500
32.81400
32.81700
32.81800
32.81500
32.81800
32.81800
32.81700
32.81800
32.81700
32.81600
32.81300
32.81400
32.81400
32.81600
32.81600
32.81800
32.81600
32.81100
32.81100
32.81200
32.81400
32.81300
32.81500
32.81200
32.81500
32.81500
32.81200
32.81000
32.81200
32.81200
32.81500
32.81500
32.81300
32.81400
32.81500
32.81300
32.81600
32.82100
32.81900
32.82000
32.82200
32.81900
32.82200
32.82000
32.82300
32.82400
32.82300
32.82400
32.82300
32.82400
32.82400
32.82400
32.82700
32.83200
32.83300
32.83200
32.82800
32.82500
32.82400
32.82500
32.82400
32.82100
32.82200
32.82200
32.82200
32.82600
32.82400
32.82100
32.82100
32.82300
32.82600
32.82700
32.82700
32.82600
32.82900
32.82700
32.82800
32.83300
32.83600
32.83500
32.84200
32.84200
32.84300
32.84200
32.84300
32.84000
32.84200
32.84200
32.83800
32.84200
32.83900
32.84200
32.84200
32.84500
32.84700
32.84900
32.84700
32.84900
32.84600
32.84600
32.84700
32.84400
32.84000
32.84100
32.84200
32.84300
32.84400
32.84800
32.84600
32.84600
32.84700
32.84500
32.84500
32.84300
32.84300
32.84500
32.84500
32.84600
32.84800
32.84900
32.85300
32.85200
32.85300
32.85000
32.84900
32.85200
32.85600
32.85700
32.85700
32.85400
32.85100
32.84500
32.84600
32.84800
32.84600
32.85000
32.85000
32.85100
32.85100
32.85400
32.85200
32.85400
32.85400
32.85300
32.85200
32.85200
32.85100
32.85200
32.85700
32.85600
32.85400
32.85700
32.85400
32.85400
32.85500
32.85400
32.85300
32.85300
32.85000
32.84900
32.84800
32.84600
32.84100
32.83900
32.84100
32.83700
32.84200
32.84100
32.84400
32.84500
32.84500
32.84500
32.84200
32.83900
32.84000
32.83900
32.83700
32.83600
32.83400
32.83600
32.83600
32.83000
32.83000
32.82800
32.82300
32.82300
32.82200
32.82100
32.82200
32.82200
32.82100
32.82000
32.82000
32.81800
32.82000
32.82000
32.82100
32.81700
32.81800
32.81700
32.81600
32.81300
32.80800
32.80800
32.80900
32.80600
32.80600
32.81100
32.81000
32.81100
32.81300
32.81200
32.81100
32.81100
32.80900
32.80800
32.81000
32.81200
32.81000
32.80900
32.80800
32.80900
32.80800
32.80900
32.80900
32.80800
32.80500
32.80200
32.80200
32.79900
32.79400
32.79400
32.79200
32.79200
32.78900
32.78800
32.79000
32.79100
32.78900
32.78800
32.78700
32.78300
32.78000
32.78300
32.78100
32.77900
32.78000
32.77900
32.77900
32.77800
32.77800
32.77700
32.77700
32.77600
32.77300
32.77100
32.77100
32.77100
32.77100
32.77400
32.77400
32.77200
32.77200
32.77200
32.77500
32.77600
32.77600
32.77200
32.76800
32.76700
32.77000
32.76900
32.77000
32.77200
32.76900
32.77100
32.76700
32.76300
32.76600
32.76700
32.76600
32.76400
32.76200
32.76300
32.76400
32.76200
32.76000
32.76000
32.76100
32.76200
32.76300
32.76100
32.76200
32.76300
32.76400
32.76100
32.75800
32.75800
32.75600
32.75900
32.75700
32.75500
32.75800
32.75400
32.75300
32.75400
32.75900
32.75500
32.75700
32.75800
32.75400
32.75300
32.75600
32.75500
32.75600
32.75300
32.75100
32.75200
32.75100
32.75100
32.74900
32.74900
32.75000
32.74900
32.74700
32.74500
32.74800
32.74800
32.74700
32.74500
32.74600
32.74300
32.74300
32.74300
32.74100
32.74000
32.73800
32.73800
32.73400
32.73200
32.73200
32.73400
32.73700
32.73500
32.73600
32.73400
32.73300
32.73200
32.73400
32.73200
32.73100
32.73300
32.72700
32.72600
32.72600
32.72500
32.72200
32.71800
32.71800
32.71200
32.71200
32.71200
32.71400
32.71300
32.71400
32.71500
32.71700
32.71500
32.71200
32.71300
32.71400
32.71100
32.71000
32.70800
32.70600
32.70600
32.70500
32.70500
32.70400
32.70300
32.70600
32.70600
32.70700
32.70500
32.70700
32.70400
32.70300
32.70000
32.70200
32.70100
32.70100
32.69900
32.69800
32.70000
32.70000
32.70100
32.70300
32.70400
32.70500
32.70400
32.70100
32.69900
32.70200
32.70000
32.70400
32.69900
32.69500
32.69500
32.69400
32.69200
32.69000
32.68700
32.68600
32.68800
32.68700
32.68200
32.68500
32.68600
32.68500
32.68700
32.68600
32.68500
32.68500
32.68200
32.68200
32.68200
32.68100
32.68100
32.68200
32.68300
32.68300
32.68300
32.67900
32.67900
32.67600
32.67600
32.67500
32.67300
32.67400
32.67600
32.67500
32.67600
32.67900
32.68000
32.68200
32.67900
32.68000
32.68000
32.67900
32.67700
32.67300
32.67400
32.67200
32.67000
32.67100
32.66900
32.66800
32.66800
32.66400
32.66400
32.66500
32.66600
32.66500
32.66800
32.66600
32.66400
32.66300
32.66200
32.66300
32.66300
32.66500
32.66400
32.66400
32.66700
32.67000
32.66600
32.67000
32.67200
32.67100
32.67200
32.67300
32.67300
32.67100
32.67200
32.67000
32.66900
32.66800
32.67100
32.67000
32.67000
32.67100
32.67100
32.67100
32.67000
32.66800
32.66800
32.67200
32.67000
32.66900
32.67000
32.66700
32.66700
32.66700
32.66700
32.66800
32.66500
32.66500
32.66400
32.66600
32.66200
32.66200
32.66000
32.66000
32.66000
32.65700
32.65600
32.65800
32.66000
32.66100
32.65700
32.65700
32.65300
32.65400
32.65300
32.65600
32.65400
32.65200
32.64900
32.65000
32.64800
32.64700
32.65100
32.65000
32.64900
32.64700
32.64900
32.64700
32.65000
32.64600
32.64600
32.64600
32.64500
32.64900
32.64700
32.64300
32.64100
32.64400
32.64500
32.65000
32.65000
32.65300
32.65200
32.65300
32.65200
32.65200
32.65100
32.65300
32.65700
32.65500
32.65800
32.65800
32.66000
32.65800
32.66300
32.66500
32.66800
32.66800
32.67200
32.67100
32.66700
32.66700
32.66800
32.66700
32.66900
32.67000
32.67200
32.67200
32.67100
32.67000
32.67200
32.67400
32.67500
32.67200
32.67300
32.67100
32.67000
32.67100
32.67000
32.66600
32.66800
32.67200
32.67200
32.67100
32.67300
32.67500
32.67500
32.67200
32.67000
32.67200
32.67500
32.67800
32.67600
32.67500
32.67500
32.67000
32.66900
32.67300
32.67300
32.67200
32.67500
32.67200
32.67100
32.67300
32.67300
32.67300
32.67200
32.67100
32.67000
32.67200
32.67400
32.67500
32.67400
32.67600
32.67400
32.67400
32.67500
32.67300
32.67500
32.67100
32.67100
32.67400
32.67500
32.67500
32.67600
32.67600
32.67800
32.67800
32.67900
32.67800
32.67800
32.67600
32.67600
32.67700
32.67800
32.67400
32.67400
32.67500
32.67000
32.67000
32.67000
32.67100
32.67400
32.67300
32.67000
32.67000
32.67100
32.67000
32.67100
32.66900
32.66700
32.66900
32.67300
32.67100
32.66800
32.66700
32.66800
32.66700
32.67000
32.66800
32.66800
32.67000
32.67000
32.67000
32.67100
32.67600
32.67700
32.68100
32.68100
32.68300
32.67900
32.67600
32.67800
32.67900
32.67700
32.67400
32.67800
32.67800
32.67800
32.67600
32.67700
32.67800
32.67700
32.67700
32.67900
32.67900
32.67800
32.67600
32.68000
32.67800
32.68300
32.68200
32.67900
32.68200
32.68300
32.68200
32.68200
32.68100
32.68000
32.68100
32.68100
32.68000
32.67800
32.68000
32.68200
32.68100
32.68300
32.68200
32.68000
32.68000
32.68000
32.68200
32.68400
32.68400
32.68400
32.68600
32.68900
32.68700
32.68600
32.68500
32.68400
32.68300
32.68400
32.68200
32.68300
32.68300
32.68300
32.68400
32.68500
32.68600
32.68700
32.68500
32.68300
32.68100
32.67900
32.68000
32.68200
32.68300
32.68500
32.68300
32.68200
32.68400
32.68200
32.68200
32.68300
32.68400
32.68100
32.68000
32.68000
32.68000
32.68000
32.68000
32.68000
32.67900
32.68000
32.67700
32.67800
32.67900
32.67800
32.67600
32.67600
32.67900
32.68100
32.68100
32.68100
32.68100
32.68100
32.68100
32.68200
32.68600
32.68400
32.68400
32.68400
32.68300
32.68600
32.68500
32.68700
32.68900
32.68700
32.68900
32.68900
32.68900
32.69200
32.69100
32.69600
32.69600
32.69700
32.69900
32.69900
32.70100
32.70300
32.70400
32.70500
32.70600
32.70600
32.70600
32.70500
32.70400
32.70400
32.70400
32.70600
32.70300
32.70400
32.70500
32.70200
32.70400
32.70500
32.70600
32.70600
32.70500
32.70300
32.70600
32.71000
32.70800
32.71000
32.71000
32.71100
32.70900
32.70900
32.70900
32.71000
32.70900
32.70800
32.71000
32.70600
32.70500
32.70200
32.70200
32.70400
32.70000
32.69800
32.69900
32.70200
32.70000
32.70100
32.69900
32.70000
32.70000
32.69900
32.69900
32.69600
32.69600
32.69800
32.69700
32.69500
32.69700
32.70100
32.70100
32.69900
32.69800
32.69700
32.69900
32.69900
32.70000
32.70100
32.70200
32.70200
32.70400
32.70400
32.70700
32.70700
32.70600
32.70700
32.70800
32.70600
32.70500
32.70300
32.70300
32.70100
32.70100
32.70200
32.70000
32.70000
32.70000
32.70000
32.70300
32.70300
32.70200
32.70300
32.70500
32.70400
32.70300
32.70400
32.70300
32.70400
32.70300
32.70700
32.70700
32.70700
32.70700
32.70800
32.71100
32.71100
32.71200
32.70900
32.70900
32.71000
32.71200
32.71300
32.71100
32.71300
32.71300
32.71400
32.71500
32.71600
32.71700
32.72000
32.71800
32.71800
32.71600
32.71400
32.71300
32.71500
32.71400
32.71500
32.71700
32.71700
32.71600
32.72000
32.72100
32.72000
32.71900
32.72100
32.72300
32.72000
32.72400
32.72400
32.72600
32.72600
32.72900
32.72700
32.72800
32.72800
32.72800
32.73200
32.73200
32.73100
32.72800
32.72700
32.72700
32.72600
32.72400
32.72300
32.72300
32.72000
32.72100
32.71900
32.72000
32.72300
32.72400
32.72500
32.72500
32.72400
32.72100
32.71900
32.71600
32.71600
32.72000
32.72000
32.71800
32.71700
32.71900
32.71800
32.71800
32.71800
32.72000
32.72000
32.71800
32.71800
32.71800
32.71600
32.71400
32.71300
32.71200
32.71400
32.71400
32.71400
32.71200
32.71300
32.71100
32.71100
32.71200
32.71200
32.71600
32.71400
32.71300
32.71000
32.71100
32.70900
32.70500
32.70500
32.70500
32.70400
32.70600
32.70200
32.70300
32.70300
32.70200
32.70100
32.70000
32.69800
32.70000
32.70100
32.70300
32.70200
32.70200
32.69900
32.69800
32.69800
32.69700
32.69700
32.69500
32.69500
32.69600
32.69400
32.69400
32.69400
32.69400
32.69700
32.69600
32.69600
32.69900
32.69700
32.69700
32.69900
32.69900
32.69900
32.69900
32.69600
32.69800
32.69800
32.70000
32.69700
32.69800
32.70100
32.70400
32.70600
32.70400
32.70300
32.70200
32.70600
32.70500
32.70500
32.70200
32.70200
32.70500
32.70600
32.70600
32.70400
32.70500
32.70900
32.70600
32.70500
32.70400
32.70000
32.69900
32.69700
32.69800
32.69900
32.69900
32.70000
32.69800
32.69800
32.70100
32.69900
32.69900
32.69900
32.69900
32.70000
32.69900
32.69700
32.69600
32.69500
32.69700
32.69500
32.69300
32.69500
32.69500
32.69700
32.69600
32.69700
32.69800
32.70100
32.69600
32.69300
32.69300
32.69000
32.69300
32.69200
32.69100
32.69000
32.69000
32.68900
32.68900
32.68500
32.68500
32.68400
32.68600
32.68400
32.68500
32.68700
32.68900
32.68900
32.68500
32.68400
32.68200
32.68100
32.68000
32.68200
32.68200
32.68300
32.68300
32.68400
32.68100
32.68000
32.67800
32.67700
32.67800
32.67700
32.68000
32.67700
32.67600
32.67900
32.68200
32.68100
32.68200
32.68300
32.68200
32.68400
32.68300
32.68600
32.68500
32.68800
32.68500
32.68700
32.68800
32.68800
32.68700
32.68500
32.68600
32.68700
32.68700
32.68600
32.68700
32.68600
32.68500
32.68600
32.68700
32.68700
32.68700
32.68900
32.68800
32.68900
32.68900
32.68700
32.68400
32.68200
32.68200
32.68300
32.68300
32.68300
32.68300
32.68300
32.68400
32.68400
32.68400
32.68400
32.68400
32.68300
32.68400
32.68300
32.68500
32.68700
32.68800
32.68700
32.68400
32.68400
32.68200
32.68100
32.67900
32.68000
32.68200
32.68200
32.67900
32.67700
32.67600
32.67500
32.67500
32.67400
32.67700
32.67700
32.67500
32.67800
32.67600
32.67800
32.67700
32.67800
32.67500
32.67700
32.67600
32.67500
32.67800
32.67400
32.67600
32.67700
32.67700
32.68000
32.67800
32.67800
32.67600
32.67600
32.67600
32.67600
32.67400
32.67100
32.67000
32.67200
32.67200
32.67100
32.67200
32.67200
32.66900
32.66900
32.66800
32.67200
32.67100
32.67200
32.67500
32.67500
32.67500
32.67700
32.67800
32.67800
32.67700
32.67400
32.67300
32.67200
32.67300
32.67400
32.67100
32.67300
32.67300
32.67300
32.67200
32.67100
32.67000
32.67100
32.67100
32.67200
32.66900
32.66600
32.66900
32.67000
32.66900
32.66700
32.66800
32.66600
32.66500
32.66400
32.66400
32.66400
32.66400
32.66200
32.66300
32.66400
32.66400
32.66600
32.66500
32.66600
32.66600
32.67000
32.66700
32.66700
32.66900
32.66800
32.66900
32.66800
32.67000
32.67100
32.67000
32.67100
32.66900
32.67000
32.67000
32.67100
32.66700
32.66200
32.66000
32.66000
32.65900
32.66000
32.65900
32.65800
32.65800
32.65800
32.65800
32.66100
32.66200
32.66100
32.66100
32.66100
32.66000
32.66200
32.65800
32.65500
32.65500
32.65500
32.65600
32.65700
32.66000
32.66100
32.65900
32.66200
32.66300
32.66200
32.66200
32.66100
32.65900
32.65700
32.65900
32.66200
32.66200
32.65900
32.66200
32.66300
32.66200
32.66400
32.66500
32.66200
32.66200
32.66300
32.66200
32.66200
32.66000
32.65800
32.66000
32.65900
32.66000
32.66300
32.66300
32.65900
32.66200
32.66500
32.66400
32.66400
32.66500
32.66500
32.66700
32.66700
32.66700
32.66500
32.66700
32.66700
32.66800
32.66900
32.67000
32.67100
32.67100
32.67000
32.67100
32.67300
32.67300
32.67400
32.67900
32.67900
32.67800
32.67600
32.67600
32.67700
32.67800
32.67900
32.67900
32.68000
32.68000
32.67700
32.67900
32.68300
32.68200
32.68000
32.68000
32.68000
32.68300
32.68400
32.68500
32.68600
32.68700
32.68600
32.68600
32.69000
32.68800
32.68700
32.68800
32.68700
32.69000
32.69200
32.69000
32.68900
32.69000
32.68800
32.69000
32.68700
32.68900
32.68900
32.69200
32.69400
32.69400
32.69400
32.69400
32.69400
32.69500
32.69400
32.69600
32.69600
32.69600
32.69800
32.69500
32.69500
32.69300
32.69600
32.69600
32.69600
32.69500
32.69600
32.69700
32.69800
32.69800
32.69800
32.69600
32.69400
32.69500
32.70200
32.70100
32.70100
32.70200
32.70300
32.70300
32.70400
32.70500
32.70500
32.70600
32.70700
32.70700
32.70900
32.70600
32.70500
32.70600
32.70500
32.70400
32.70600
32.70200
32.70400
32.70300
32.70200
32.70400
32.70400
32.70600
32.70700
32.70700
32.70700
32.70900
32.71000
32.71200
32.71400
32.71500
32.71100
32.71600
32.71800
32.72000
32.71900
32.71900
32.71700
32.71600
32.71800
32.71800
32.71800
32.71900
32.71600
32.72100
32.72200
32.72500
32.72400
32.72900
32.72900
32.73000
32.72900
32.72800
32.72700
32.72800
32.72800
32.72700
32.72700
32.72700
32.72800
32.72800
32.72300
32.72400
32.72400
32.72500
32.72500
32.72600
32.72300
32.72700
32.72700
32.72800
32.72800
32.72900
32.73000
32.73500
32.73500
32.73400
32.73300
32.73100
32.73100
32.73400
32.73400
32.73100
32.73200
32.73100
32.73100
32.73400
32.73600
32.73700
32.73600
32.73800
32.73900
32.73700
32.73500
32.73500
32.73500
32.73400
32.73500
32.73600
32.73200
32.73100
32.72800
32.73000
32.73000
32.72800
32.72800
32.72600
32.72700
32.72700
32.72700
32.72800
32.72900
32.72900
32.72800
32.72900
32.72800
32.72800
32.72800
32.72700
32.72500
32.72500
32.72500
32.72300
32.72100
32.72100
32.71900
32.71900
32.72100
32.72000
32.71800
32.71500
32.71300
32.71300
32.71400
32.71500
32.71400
32.71200
32.70900
32.70800
32.70900
32.70900
32.71000
32.71100
32.71200
32.71000
32.70900
32.70900
32.70700
32.70800
32.70800
32.70800
32.70800
32.70800
32.70800
32.70400
32.70500
32.70300
32.70300
32.70200
32.70200
32.70000
32.69900
32.70100
32.70200
32.70400
32.70700
32.70700
32.70600
32.70500
32.70400
32.70300
32.70300
32.70300
32.70300
32.70200
32.70300
32.70500
32.70400
32.70500
32.70300
32.70200
32.70200
32.70200
32.70400
32.70600
32.70600
32.70700
32.70700
32.70500
32.70600
32.70800
32.70500
32.70700
32.70500
32.70500
32.70500
32.70500
32.70600
32.70700
32.71000
32.70900
32.71300
32.71100
32.71000
32.70900
32.71100
32.71400
32.71300
32.71500
32.71500
32.71400
32.71500
32.71600
32.71500
32.71600
32.71700
32.72000
32.72000
32.71800
32.71600
32.71800
32.71800
32.71800
32.71800
32.72000
32.72300
32.72300
32.72100
32.72200
32.72100
32.72100
32.72400
32.72400
32.72500
32.72600
32.72500
32.72500
32.72500
32.72200
32.72200
32.72300
32.72300
32.72600
32.72700
32.72800
32.72900
32.73100
32.73000
32.73000
32.73000
32.72900
32.73100
32.73600
32.73700
32.73800
32.73900
32.74000
32.74100
32.74200
32.74300
32.74400
32.74600
32.74700
32.74700
32.74900
32.74700
32.74600
32.74900
32.75200
32.75200
32.75400
32.75500
32.75500
32.75700
32.75600
32.75800
32.75800
32.75600
32.75600
32.75700
32.75700
32.75500
32.75500
32.75400
32.75100
32.75200
32.75400
32.75300
32.75300
32.75600
32.75500
32.76000
32.76000
32.75900
32.75600
32.75500
32.75600
32.75700
32.75900
32.75900
32.76000
32.76000
32.76200
32.76500
32.76500
32.76400
32.76200
32.76100
32.76300
32.76200
32.76300
32.76500
32.76500
32.76600
32.76400
32.76600
32.76600
32.76400
32.76700
32.76700
32.76900
32.77000
32.76900
32.76900
32.77000
32.76800
32.76900
32.77000
32.77300
32.77100
32.77100
32.77100
32.77300
32.77400
32.77200
32.77200
32.77100
32.77200
32.77100
32.77200
32.77400
32.77600
32.77900
32.78200
32.78200
32.78000
32.78100
32.78400
32.78600
32.78600
32.78800
32.78900
32.78900
32.78700
32.79000
32.79000
32.79400
32.79300
32.79400
32.79600
32.79600
32.79800
32.79700
32.79700
32.79800
32.79900
32.80000
32.80100
32.80100
32.80000
32.80100
32.80200
32.80200
32.80200
32.80200
32.80300
32.80400
32.80600
32.80700
32.80500
32.80500
32.80300
32.80400
32.80400
32.80300
32.80100
32.80200
32.80600
32.80700
32.80300
32.80400
32.80300
32.80200
32.80100
32.80200
32.80600
32.80900
32.81000
32.81100
32.81000
32.81100
32.81100
32.81100
32.81200
32.81300
32.81400
32.81300
32.81500
32.81500
32.81800
32.81700
32.81300
32.81500
32.81600
32.81600
32.81700
32.81800
32.81800
32.82000
32.81600
32.81700
32.81600
32.81800
32.81600
32.81600
32.81500
32.81400
32.81700
32.81500
32.81700
32.81700
32.81600
32.81600
32.81600
32.81500
32.81300
32.81400
32.81700
32.81800
32.81900
32.81900
32.82000
32.82100
32.81900
32.81800
32.81800
32.81600
32.81800
32.81900
32.81900
32.82000
32.82100
32.82000
32.81900
32.82200
32.82100
32.82100
32.82000
32.81900
32.82100
32.82100
32.82200
32.82200
32.82300
32.82000
32.82100
32.82100
32.82100
32.82200
32.82300
32.82400
32.82100
32.82000
32.82300
32.82200
32.82300
32.82200
32.82200
32.82300
32.82300
32.82300
32.82200
32.82400
32.82100
32.82200
32.82300
32.82300
32.82300
32.82200
32.82000
32.82100
32.82100
32.82100
32.82200
32.82100
32.82100
32.82300
32.82100
32.82200
32.82100
32.82100
32.82200
32.82200
32.82100
32.82000
32.82000
32.82100
32.82100
32.82200
32.82200
32.82200
32.82300
32.82500
32.82600
32.82700
32.82600
32.82700
32.82800
32.82900
32.82700
32.82800
32.82800
32.83000
32.82900
32.82900
32.82800
32.82900
32.83000
32.83100
32.83100
32.83000
32.83200
32.83400
32.83800
32.84000
32.84000
32.84000
32.83900
32.84000
32.84000
32.83800
32.83900
32.84300
32.84400
32.84400
32.84400
32.84400
32.84700
32.84700
32.84700
32.84600
32.84600
32.84600
32.84800
32.84900
32.85000
32.85000
32.84900
32.84900
32.85200
32.85300
32.85200
32.85200
32.85400
32.85400
32.85200
32.85200
32.85200
32.85100
32.85200
32.85200
32.85000
32.85400
32.85300
32.85200
32.85500
32.85500
32.85500
32.85500
32.85400
32.85300
32.85300
32.85100
32.85300
32.85400
32.85500
32.85600
32.85700
32.85500
32.85500
32.85200
32.85100
32.84900
32.84900
32.85000
32.85200
32.85200
32.85200
32.85400
32.85400
32.85300
32.85200
32.85400
32.85600
32.85400
32.85400
32.85500
32.85500
32.85400
32.85200
32.84900
32.85000
32.85200
32.85300
32.85400
32.85400
32.85600
32.85600
32.85700
32.85700
32.85800
32.85800
32.85700
32.85800
32.86000
32.86000
32.86100
32.86300
32.86100
32.86200
32.86200
32.86100
32.86200
32.86200
32.86100
32.86300
32.86400
32.86200
32.86200
32.86000
32.85800
32.85900
32.86000
32.85900
32.85900
32.86000
32.86000
32.86100
32.86100
32.86100
32.86200
32.86000
32.86200
32.86100
32.86300
32.86300
32.86200
32.86000
32.86000
32.86000
32.86000
32.85900
32.86100
32.86300
32.86100
32.86200
32.86400
32.86400
32.86200
32.86400
32.86300
32.86300
32.86600
32.86600
32.86700
32.86600
32.86700
32.86800
32.86700
32.86500
32.86600
32.86800
32.86800
32.86700
32.86500
32.86700
32.86700
32.86900
32.86900
32.86800
32.87200
32.87300
32.87100
32.87100
32.87100
32.86900
32.87400
32.87300
32.87200
32.87000
32.87000
32.87100
32.87100
32.87200
32.87100
32.87000
32.86900
32.87300
32.87400
32.87500
32.87700
32.87600
32.87200
32.87300
32.87200
32.87000
32.87000
32.87200
32.87100
32.87300
32.87400
32.87400
32.87700
32.88000
32.87900
32.87900
32.87700
32.87700
32.87700
32.87600
32.87800
32.88000
32.88000
32.88000
32.88000
32.87900
32.87700
32.87900
32.87900
32.87900
32.87900
32.87900
32.87900
32.87900
32.88000
32.87900
32.88000
32.88000
32.88000
32.88100
32.88100
32.88000
32.88100
32.88200
32.88100
32.88300
32.88100
32.88100
32.88000
32.88000
32.88100
32.88200
32.88100
32.88000
32.88400
32.88400
32.88400
32.88500
32.88400
32.88300
32.88300
32.88200
32.88200
32.88200
32.88300
32.88300
32.88300
32.88300
32.88400
32.88500
32.88700
32.88700
32.88900
32.88900
32.89000
32.88900
32.89000
32.89000
32.89100
32.89100
32.89100
32.89100
32.89200
32.89100
32.89200
32.89200
32.89400
32.89500
32.89700
32.90100
32.90200
32.90100
32.90000
32.90100
32.90200
32.90600
32.90500
32.90600
32.90800
32.90900
32.91200
32.91100
32.90800
32.90800
32.90700
32.90900
32.90900
32.90900
32.91000
32.91200
32.90900
32.90900
32.91100
32.91200
32.91300
32.91100
32.91400
32.91400
32.91300
32.91400
32.91400
32.91300
32.91400
32.91600
32.91600
32.91300
32.91300
32.91400
32.91500
32.91500
32.91500
32.91500
32.91500
32.91500
32.91400
32.91500
32.91400
32.91300
32.91500
32.91600
32.92000
32.91900
32.92000
32.91900
32.91900
32.92000
32.92000
32.91900
32.92300
32.92300
32.92200
32.92000
32.91900
32.91700
32.91700
32.91800
32.91900
32.92200
32.92200
32.92100
32.92200
32.92200
32.92200
32.92400
32.92600
32.92700
32.93000
32.93300
32.93000
32.93000
32.93200
32.93200
32.92800
32.93200
32.93000
32.92900
32.93000
32.93000
32.93000
32.93000
32.93200
32.93200
32.93200
32.93200
32.93300
32.93300
32.93300
32.93100
32.93000
32.93000
32.93000
32.93000
32.93000
32.93000
32.93100
32.92900
32.92700
32.92800
32.92900
32.92800
32.93100
32.93100
32.93100
32.93000
32.93000
32.93200
32.93100
32.93200
32.93200
32.93000
32.93200
32.93300
32.93400
32.93300
32.93200
32.93100
32.92900
32.93100
32.93100
32.93000
32.93100
32.93200
32.93200
32.93300
32.93100
32.93000
32.93000
32.92900
32.93100
32.93300
32.93500
32.93500
32.93400
32.93500
32.93600
32.93600
32.93700
32.93700
32.93900
32.93800
32.93800
32.93800
32.93800
32.93900
32.93900
32.93900
32.94000
32.94200
32.94300
32.94400
32.94500
32.94400
32.94400
32.94300
32.94100
32.94200
32.94100
32.94000
32.94000
32.94200
32.94200
32.94500
32.94500
32.94600
32.94500
32.94500
32.94500
32.94400
32.94400
32.94500
32.94600
32.94600
32.94700
32.94700
32.94900
32.94900
32.94800
32.94800
32.94800
32.94900
32.95100
32.94900
32.94900
32.95200
32.95400
32.95400
32.95500
32.95500
32.95500
32.95700
32.95600
32.95800
32.95900
32.96300
32.96300
32.96200
32.96500
32.96500
32.96600
32.96900
32.96800
32.96900
32.96900
32.96900
32.96800
32.96900
32.97000
32.97000
32.97000
32.96900
32.96800
32.96800
32.96900
32.97200
32.97200
32.97400
32.97400
32.97200
32.97200
32.97100
32.97400
32.97500
32.97500
32.97400
32.97100
32.97300
32.97300
32.97200
32.97200
32.97200
32.97400
32.97300
32.97300
32.97100
32.97000
32.97000
32.97300
32.97200
32.97000
32.97100
32.96900
32.97200
32.97400
32.97300
32.97200
32.97100
32.97200
32.97200
32.97100
32.97000
32.97100
32.97200
32.97200
32.97200
32.97200
32.96800
32.96800
32.96800
32.96700
32.96900
32.97100
32.97100
32.97100
32.97100
32.96600
32.96600
32.96800
32.96800
32.96900
32.97000
32.97000
32.97200
32.97600
32.97700
32.97600
32.97700
32.97400
32.97500
32.97600
32.97500
32.97200
32.97300
32.97300
32.97400
32.97400
32.97300
32.97400
32.97400
32.97300
32.97200
32.97100
32.97000
32.97000
32.97000
32.97000
32.97100
32.97100
32.96900
32.97000
32.97100
32.96900
32.97100
32.97000
32.97000
32.97000
32.97200
32.97200
32.97000
32.97100
32.97100
32.97200
32.97300
32.97200
32.97200
32.97200
32.97100
32.97300
32.97400
32.97300
32.97100
32.97200
32.96900
32.96900
32.96900
32.96800
32.96900
32.96800
32.96900
32.96700
32.96600
32.96500
32.96800
32.96800
32.96600
32.97000
32.97000
32.97100
32.97200
32.97100
32.97100
32.97100
32.97200
32.97100
32.97000
32.97100
32.97100
32.97200
32.97300
32.97100
32.96900
32.97000
32.96800
32.96700
32.96700
32.96600
32.96800
32.96900
32.97000
32.97100
32.97200
32.97200
32.97300
32.97200
32.97100
32.97200
32.97400
32.97400
32.97600
32.97500
32.97300
32.97500
32.97400
32.97500
32.97500
32.97900
32.97900
32.97700
32.97800
32.97900
32.98000
32.98100
32.98100
32.97800
32.97800
32.98000
32.98300
32.98400
32.98400
32.98300
32.98400
32.98400
32.98600
32.98600
32.98600
32.98700
32.98800
32.99000
32.99100
32.99200
32.99000
32.98900
32.99200
32.99200
32.99200
32.99100
32.99100
32.99300
32.99200
32.99100
32.99000
32.99000
32.99000
32.99200
32.99400
32.99300
32.99400
32.99400
32.99300
32.99200
32.99000
32.99000
32.98900
32.99100
32.99000
32.99100
32.99300
32.99300
32.99500
32.99400
32.99400
32.99400
32.99200
32.99100
32.99100
32.99300
32.99100
32.98900
32.99200
32.99300
32.99600
32.99500
32.99300
32.99100
32.99300
32.99200
32.99400
32.99300
32.99200
32.99400
32.99300
32.99200
32.99500
32.99500
32.99500
32.99500
32.99300
32.99400
32.99600
32.99600
32.99600
32.99800
32.99700
32.99800
32.99800
32.99900
33.00100
33.00000
32.99900
33.00000
33.00100
33.00000
33.00100
33.00500
33.00500
33.00300
33.00300
33.00700
33.00600
33.00400
33.00600
33.00900
33.01000
33.01000
33.01100
33.01000
33.01200
33.01200
33.01100
33.01200
33.01200
33.01000
33.01100
33.01500
33.01700
33.01800
33.01800
33.02000
33.02200
33.02100
33.02100
33.02100
33.02100
33.02200
33.02300
33.02500
33.02400
33.02400
33.02500
33.02500
33.02600
33.02800
33.02900
33.03200
33.03200
33.03100
33.03100
33.03100
33.03300
33.03200
33.03300
33.03300
33.03400
33.03500
33.03400
33.03500
33.03500
33.03300
33.03400
33.03400
33.03500
33.03500
33.03400
33.03500
33.03600
33.03500
33.03300
33.03200
33.03300
33.03600
33.03800
33.03700
33.03500
33.03400
33.03200
33.03500
33.03200
33.03200
33.03300
33.03200
33.03200
33.03200
33.03300
33.03200
33.03200
33.03200
33.03100
33.03000
33.03000
33.03100
33.02700
33.02800
33.02800
33.02800
33.02800
33.02600
33.02600
33.02500
33.02600
33.02600
33.02500
33.02300
33.02200
33.02500
33.02300
33.02300
33.02400
33.02200
33.02200
33.02400
33.02400
33.02400
33.02500
33.02500
33.02300
33.02300
33.02400
33.02300
33.02200
33.02300
33.02300
33.02200
33.02100
33.02300
33.02400
33.02300
33.02300
33.02500
33.02500
33.02600
33.02700
33.02800
33.02900
33.03000
33.02900
33.03000
33.03300
33.03200
33.03100
33.03200
33.03100
33.03100
33.03100
33.03200
33.03000
33.03200
33.03200
33.03200
33.03400
33.03500
33.03500
33.03600
33.03700
33.03600
33.03800
33.04000
33.04100
33.04200
33.04100
33.04200
33.04100
33.04200
33.04100
33.04100
33.04100
33.03900
33.03800
33.03800
33.03700
33.03700
33.03800
33.04000
33.03800
33.03600
33.03800
33.03900
33.04000
33.04000
33.04000
33.04000
33.03900
33.03800
33.03900
33.03800
33.03900
33.04000
33.04100
33.04100
33.04200
33.04200
33.04100
33.04200
33.04300
33.04300
33.04300
33.04500
33.04400
33.04300
33.04600
33.04700
33.04700
33.04600
33.04700
33.04600
33.04600
33.04500
33.04500
33.04700
33.04500
33.04600
33.04400
33.04400
33.04400
33.04300
33.04300
33.04500
33.04500
33.04700
33.04700
33.04600
33.04700
33.04700
33.04600
33.04500
33.04700
33.04600
33.04600
33.04700
33.04600
33.04500
33.04600
33.04800
33.04800
33.04800
33.04800
33.04600
33.04600
33.04800
33.04700
33.04500
33.04700
33.04500
33.04500
33.04500
33.04300
33.04400
33.04400
33.04600
33.04800
33.04700
33.04900
33.05100
33.04800
33.04800
33.04800
33.04800
33.04900
33.05000
33.04900
33.04700
33.05100
33.05200
33.04900
33.04900
33.04900
33.04900
33.04800
33.04700
33.04700
33.04700
33.04700
33.04700
33.04800
33.04700
33.04700
33.04600
33.04500
33.04500
33.04600
33.04700
33.04700
33.04600
33.04600
33.04600
33.04700
33.04800
33.04700
33.04600
33.04800
33.04800
33.04900
33.04800
33.04700
33.04700
33.04600
33.04500
33.04400
33.04500
33.04500
33.04600
33.04700
33.04700
33.04800
33.04900
33.05000
33.05000
33.05000
33.04800
33.04900
33.05000
33.05100
33.05300
33.05300
33.05300
33.05500
33.05400
33.05400
33.05300
33.05300
33.05300
33.05200
33.05300
33.05200
33.05200
33.05200
33.05100
33.05400
33.05200
33.05100
33.05100
33.05100
33.05100
33.05200
33.05100
33.04900
33.05000
33.04700
33.04600
33.04500
33.04600
33.04600
33.04800
33.04700
33.04600
33.04700
33.04700
33.04700
33.04900
33.04900
33.04800
33.04700
33.04800
33.04900
33.04800
33.04800
33.04900
33.04800
33.04700
33.04600
33.04800
33.05000
33.04900
33.04900
33.04600
33.04600
33.04700
33.04600
33.04600
33.04700
33.04700
33.04700
33.04600
33.04500
33.04500
33.04600
33.04500
33.04300
33.04200
33.04200
33.04500
33.04800
33.04700
33.04600
33.04400
33.04600
33.04600
33.04600
33.04700
33.04700
33.04600
33.04500
33.04500
33.04500
33.04600
33.04600
33.04600
33.04700
33.04900
33.05000
33.05200
33.05000
33.04900
33.05000
33.04900
33.04900
33.05000
33.05000
33.05100
33.05000
33.04800
33.04900
33.04800
33.04800
33.04700
33.04700
33.04700
33.04800
33.04800
33.04900
33.04900
33.04700
33.04800
33.04800
33.04500
33.04600
33.04400
33.04400
33.04500
33.04400
33.04500
33.04400
33.04200
33.04200
33.04300
33.04200
33.04600
33.04300
33.04000
33.04200
33.04200
33.04200
33.04300
33.04300
33.04200
33.04200
33.04100
33.04200
33.04100
33.04100
33.03900
33.04000
33.04200
33.04200
33.04300
33.04300
33.04300
33.04100
33.04000
33.04100
33.04100
33.04100
33.04200
33.04300
33.04100
33.04100
33.04100
33.03800
33.03900
33.03900
33.04000
33.04000
33.04100
33.04300
33.04200
33.04300
33.04300
33.04400
33.04600
33.04800
33.04600
33.04800
33.04600
33.04600
33.04500
33.04400
33.04400
33.04200
33.04300
33.04300
33.04500
33.04400
33.04400
33.04400
33.04300
33.04200
33.04200
33.04000
33.04100
33.04000
33.04000
33.04000
33.03900
33.03900
33.03900
33.03600
33.03800
33.03900
33.03900
33.03700
33.03700
33.03800
33.03700
33.03800
33.03900
33.03700
33.03700
33.03500
33.03500
33.03600
33.03700
33.03800
33.03900
33.03600
33.03600
33.03600
33.03600
33.03600
33.03600
33.03700
33.03900
33.03900
33.03900
33.03900
33.04000
33.03900
33.04100
33.03900
33.03700
33.03700
33.03600
33.03600
33.03600
33.03600
33.03600
33.03600
33.03700
33.03900
33.04000
33.04000
33.04300
33.04300
33.04100
33.04100
33.04100
33.04000
33.03900
33.04100
33.04000
33.04100
33.04200
33.04300
33.04200
33.04200
33.04100
33.04200
33.04100
33.04100
33.04100
33.04000
33.03900
33.04000
33.04000
33.03900
33.04000
33.04000
33.03800
33.03800
33.03700
33.03700
33.03900
33.04100
33.04100
33.04200
33.04200
33.04000
33.04100
33.04100
33.04100
33.04200
33.04200
33.04400
33.04400
33.04300
33.04300
33.04300
33.04200
33.04400
33.04400
33.04400
33.04400
33.04200
33.04400
33.04300
33.04600
33.04800
33.04900
33.05000
33.05000
33.04800
33.04900
33.04900
33.04800
33.04800
33.04900
33.04800
33.04800
33.04800
33.04800
33.04800
33.04800
33.04900
33.04900
33.05000
33.05100
33.05100
33.05100
33.05200
33.05200
33.05200
33.05000
33.04900
33.05000
33.05300
33.05400
33.05300
33.05200
33.05400
33.05500
33.05600
33.05900
33.05900
33.05900
33.05900
33.06100
33.06100
33.06300
33.06100
33.06000
33.06000
33.06200
33.06000
33.06000
33.06200
33.06200
33.06200
33.06200
33.06400
33.06300
33.06400
33.06400
33.06600
33.06700
33.06600
33.06400
33.06600
33.06600
33.06600
33.06600
33.06700
33.06700
33.06500
33.06300
33.06300
33.06500
33.06300
33.06400
33.06300
33.06300
33.06400
33.06500
33.06700
33.06800
33.06800
33.06900
33.06800
33.06900
33.07100
33.07000
33.06900
33.06900
33.06800
33.06900
33.07000
33.07000
33.07100
33.07300
33.07300
33.07200
33.07400
33.07400
33.07200
33.07300
33.07200
33.07300
33.07500
33.07500
33.07700
33.07600
33.07600
33.07600
33.07600
33.07600
33.07700
33.07700
33.07600
33.07600
33.07600
33.07700
33.07600
33.07600
33.07700
33.08000
33.08000
33.07800
33.07800
33.07900
33.07900
33.08100
33.08200
33.08000
33.08100
33.08400
33.08300
33.08400
33.08400
33.08400
33.08400
33.08400
33.08500
33.08500
33.08500
33.08400
33.08400
33.08500
33.08700
33.08800
33.08600
33.08500
33.08700
33.08700
33.08600
33.08600
33.08600
33.08600
33.09000
33.09100
33.08900
33.08900
33.08900
33.08900
33.09000
33.08800
33.08800
33.09000
33.09100
33.09100
33.09300
33.09300
33.09300
33.09400
33.09300
33.09300
33.09400
33.09500
33.09500
33.09500
33.09700
33.09500
33.09400
33.09500
33.09600
33.09300
33.09400
33.09600
33.09400
33.09600
33.09500
33.09400
33.09400
33.09500
33.09500
33.09300
33.09500
33.09600
33.09500
33.09300
33.09600
33.09800
33.09800
33.09800
33.09800
33.09800
33.09900
33.09900
33.09900
33.09700
33.09900
33.10100
33.10100
33.10300
33.10100
33.10200
33.09800
33.09700
33.09600
33.09600
33.09700
33.09700
33.09900
33.09700
33.09800
33.09700
33.09700
33.09600
33.09700
33.09600
33.09600
33.09800
33.10000
33.10000
33.10100
33.10100
33.10200
33.10000
33.10000
33.10000
33.10000
33.10100
33.10200
33.10000
33.10100
33.10200
33.10400
33.10200
33.10300
33.10300
33.10300
33.10100
33.10100
33.10100
33.09900
33.09800
33.09900
33.09700
33.09800
33.09800
33.09900
33.09800
33.09800
33.09900
33.09900
33.10100
33.10200
33.10200
33.10200
33.10300
33.10400
33.10400
33.10500
33.10500
33.10600
33.10600
33.10700
33.10600
33.10400
33.10400
33.10500
33.10400
33.10700
33.10800
33.10800
33.10800
33.10500
33.10600
33.10800
33.10700
33.10700
33.11000
33.10800
33.10900
33.11200
33.11100
33.11100
33.10900
33.10700
33.10800
33.10900
33.10800
33.10700
33.11000
33.11000
33.11100
33.11200
33.11100
33.11200
33.11300
33.11600
33.11300
33.11500
33.11600
33.11800
33.11800
33.11700
33.11800
33.11900
33.11900
33.12000
33.12000
33.11900
33.11800
33.11900
33.11900
33.12300
33.12200
33.12100
33.12100
33.12100
33.12100
33.12100
33.12300
33.12100
33.12300
33.12200
33.12100
33.12100
33.11900
33.12000
33.11900
33.11800
33.12000
33.12200
33.12300
33.12400
33.12300
33.12200
33.12100
33.12100
33.12100
33.12100
33.12000
33.12000
33.12000
33.11900
33.11900
33.12000
33.12100
33.12200
33.12400
33.12400
33.12700
33.12700
33.12700
33.12900
33.12900
33.13000
33.10889
33.10889
33.03000
33.03000
33.03375
33.03500
33.13143
33.17333
33.17333
33.17833
33.17833
33.23000
32.83000
33.06000
33.06000
33.06000
33.07000
33.07000
33.07000
33.07000
33.07000
33.07000
33.08000
33.08000
33.08000
33.08000
33.08000
33.08000
33.09000
33.09000
